97.0,480.0 97.0,480.0 64.666667,480.0
32.333333,480.0 0.0,480.0 0.0,320.0
0.0,160.0 0.0,0.0 284.66667,0.0
569.33333,0.0 854.0,0.0 854.0,160.0
854.0,320.0 854.0,480.0 788.13284,480.0
722.26569,480.0 656.39853,480.0 652.3737,469.8403
652.06942,465.20329 644.54702,461.92392 639.54571,461.97722
636.98928,449.50768 633.00263,444.5 624.37388,433.88834
630.82053,428.39546 632.35951,442.17489 637.60838,451.68964
642.88257,454.97413 636.0,441.62434 632.86058,427.6462
633.76437,429.93593 640.21647,441.49472 638.91112,452.4696
648.44564,456.64274 652.00265,464.54783 661.10605,476.79959
653.36337,454.86333 647.14138,452.63177 638.94324,443.63573
648.85201,441.91124 640.56481,433.5 632.0923,431.01922
635.59314,410.30805 629.53785,414.95883 632.03852,431.27037
625.24674,431.14895 628.69973,416.55725 628.1517,403.71381
626.09677,398.95934 631.61168,400.36274 627.38314,384.38609
622.99181,368.73496 618.22924,353.15073 623.12862,352.99834
617.67156,333.46462 619.42604,325.52472 611.64338,317.71218
621.23839,315.85051 617.02981,302.5 616.78198,292.0945
615.81217,279.1677 615.059,271.25 615.91189,249.37755
607.46602,227.42529 610.6921,205.16609 612.87615,193.56159
601.40883,187.91973 605.38369,183.31698 608.5272,180.40548
601.61162,160.22929 595.50002,165.5 592.93068,168.22291
585.61813,147.50757 595.39615,159.78947 602.81016,165.43583
596.44197,151.37905 593.45845,144.00048 590.44517,132.97105
585.39183,128.68818 583.59482,121.61733 579.9635,109.78623
573.68467,97.910394 565.90504,87.895949 554.32385,85.790397
554.86974,78.085856 564.48293,87.027613 560.49497,78.150819
553.54538,76.624245 547.49208,68.561243 542.22324,69.10777
555.63902,80.070426 541.10478,66.890047 528.1699,59.938184
553.87432,67.639969 540.63639,61.595466 532.24471,61.261201
511.05644,53.480274 527.43837,53.194173 527.63953,43.561214
508.34513,53.752801 505.40705,46.0 497.11375,36.575209
485.7766,27.950523 475.0,25.106989 468.27245,23.540454
455.56216,21.182503 445.66301,21.086216 421.14781,20.341611
448.97501,20.492273 445.88864,17.591187 443.20868,12.158948
431.62006,10.385969 429.39062,20.752235 418.04432,22.882978
410.99425,20.218679 408.05133,24.002439 388.93759,25.607576
370.85626,33.860742 354.76787,43.0 349.12467,46.104983
344.61587,51.853383 335.99276,54.977522 317.16803,57.391299
344.51117,59.020521 328.70959,66.225991 316.10333,74.630184
301.24295,82.868228 292.17548,94.981333 282.53828,114.81386
271.09586,135.60036 264.00045,156.16667 259.74973,162.67517
254.76688,174.90807 254.53228,184.0515 248.09047,201.50037
240.31123,221.16631 236.29644,240.4153 232.63537,255.88742
222.93183,269.65422 225.74879,286.33626 226.12135,304.22891
223.85149,324.72312 225.86523,341.0 230.49268,337.75973
221.78704,356.56891 225.21646,363.45991 230.83941,369.84054
223.7759,367.77862 227.63295,377.30798 223.10073,385.37658
241.82005,397.27425 233.32103,397.90898 228.5096,407.24914
232.86232,418.24385 226.75434,426.98045 220.04754,434.3132
215.97862,444.55805 212.0006,451.88568 210.43652,457.7791
202.93896,467.88193 205.79103,466.68966 216.03678,461.99813
188.08217,484.80425 194.0006,480.0 161.66707,480.0
129.33353,480.0 97.0,480.0 97.0,480.0
97.0,480.0 97.0,480.0 97.0,480.0
;
660.17431,479.0 660.17431,479.0 662.94845,472.93427
648.69537,471.45408 659.34863,479.0 659.34863,479.0
660.17431,479.0 660.17431,479.0 660.17431,479.0
;
197.96862,475.0 197.96862,475.0 198.44039,466.26557
187.13395,470.47337 196.93723,475.0 196.93723,475.0
197.96862,475.0 197.96862,475.0 197.96862,475.0
;
643.16052,459.0 643.16052,459.0 647.39315,454.12015
633.53519,446.33965 643.16052,459.0 643.16052,459.0
643.16052,459.0 643.16052,459.0 643.16052,459.0
;
635.28688,414.72809 635.28688,414.72809 638.80054,403.47734
625.12333,404.71759 635.28688,414.72809 635.28688,414.72809
635.28688,414.72809 635.28688,414.72809 635.28688,414.72809
;
548.64301,59.992198 548.64301,59.992198 558.63493,55.192201
535.60804,53.917459 548.64301,59.992198 548.64301,59.992198
548.64301,59.992198 548.64301,59.992198 548.64301,59.992198
;
422.88342,480.0 422.88342,480.0 350.25561,480.0
277.62781,480.0 205.0,480.0 207.67009,472.49285
214.80285,464.7383 215.0,455.86522 229.87733,450.68488
220.18968,447.50823 217.22546,449.82996 222.9928,443.8125
226.22166,433.92785 230.59822,444.0 236.67248,432.28591
222.88447,441.56977 232.278,428.1099 236.91453,415.847
244.61677,405.80343 244.71564,392.82446 242.95244,370.86815
233.50684,350.35005 236.0649,327.86629 236.43566,310.86012
234.39985,293.71336 238.96169,278.0 231.41334,276.67086
251.93555,280.25428 243.74995,267.74949 245.06425,264.06875
242.04819,242.68508 245.99995,252.90165 247.51016,264.74974
248.31754,239.38858 254.0008,241.94258 246.21694,237.26244
255.60395,226.72326 256.54287,219.38334 262.66472,211.87192
262.12108,202.39417 268.06797,194.96392 270.21895,187.39815
273.05135,171.12413 278.34802,171.34722 276.28817,160.20862
284.02213,148.82335 286.6908,137.80963 289.72493,129.33596
293.06138,125.23391 297.24573,115.73082 303.95205,106.17945
313.68102,94.712972 319.99374,87.495635 325.23568,82.861147
331.61148,72.434383 338.99763,66.328785 345.11934,59.475874
350.66516,57.473762 358.01927,50.04458 376.35226,41.641836
392.97106,31.399297 413.25813,30.10476 419.65468,30.820916
435.11916,26.624516 435.25,27.883999 430.72705,32.2899
454.7565,28.398507 461.02222,31.062017 467.31112,30.871349
483.751,35.550099 478.0,41.06277 485.38561,45.074394
494.29645,58.622902 501.0,54.238773 506.21476,61.405148
522.52628,58.807539 514.66573,63.499994 525.5181,60.190686
522.20903,65.939424 526.80748,71.577876 524.97976,83.914621
542.55002,68.813696 536.82782,79.91239 546.61165,84.567115
547.4171,82.506814 542.38869,85.95742 549.31594,91.712679
553.23764,100.13037 558.2446,109.23476 560.48745,110.08634
570.6581,120.91519 567.75359,126.29324 560.16371,129.99299
574.02173,136.11057 574.49997,144.70082 579.72889,151.76063
586.0638,168.47614 583.56121,152.10786 585.60175,157.60531
591.21919,169.57605 584.9999,173.26796 588.9848,182.13652
590.60375,182.44549 593.04623,189.75437 586.56242,189.17177
591.08909,193.94281 595.0,194.76685 582.71351,189.00577
588.4075,198.86314 593.10932,208.63172 594.55156,202.97084
603.55304,202.79267 598.0,206.78602 592.7091,214.11271
603.9302,226.66594 596.0,229.83333 606.52443,229.80073
592.51755,234.45346 596.0,243.75511 603.61247,243.70371
596.44117,236.93668 602.0,238.92267 604.43685,229.43913
602.41547,256.59747 604.83494,261.91071 601.6734,268.68257
603.26438,245.51976 596.5276,247.95544 599.4552,256.41801
599.53874,267.5322 601.5954,277.30439 601.6482,290.80364
604.43878,298.41724 607.10953,291.76411 607.18023,307.83785
606.48076,323.94671 607.0,340.0 614.37327,330.56165
607.11324,345.67963 609.38213,352.03001 610.9447,363.04695
613.15907,369.10758 610.75269,376.68861 612.88657,384.95124
613.17039,396.74636 613.4326,395.0 619.43048,402.27866
615.98856,416.78604 622.82058,425.5 625.22171,435.97935
626.16577,447.09356 633.99005,455.20997 632.52778,472.50199
636.45598,447.92539 638.24069,468.00918 648.91283,481.80906
631.24934,480.97617 621.17382,480.0 555.07703,480.0
488.98018,480.0 422.88342,480.0 422.88342,480.0
422.88342,480.0 422.88342,480.0 422.88342,480.0
;
212.49163,476.0 212.49163,476.0 220.96645,469.07796
204.27778,470.17526 212.49163,476.0 212.49163,476.0
212.49163,476.0 212.49163,476.0 212.49163,476.0
;
226.01533,460.82822 226.01533,460.82822 239.67435,454.30798
222.25942,440.80682 229.0,448.06277 231.08968,452.24037
222.34048,459.66534 226.01533,460.82822 226.01533,460.82822
226.01533,460.82822 226.01533,460.82822 226.01533,460.82822
;
415.0,460.86001 415.0,460.86001 413.42659,456.63457
395.92294,454.79285 388.29393,451.25658 366.08444,438.90575
353.07116,415.46701 341.05056,394.01687 345.26956,384.24454
338.21504,394.62249 334.91031,383.77104 331.74765,374.33125
326.07455,365.9195 323.11383,355.90154 328.50357,360.07918
321.16199,341.35238 322.74301,342.08162 320.7628,333.2698
322.82189,308.66096 321.0,312.0 318.06013,302.20255
320.7999,286.79352 318.87771,276.0 314.07082,288.53934
316.79269,263.06167 318.76945,257.5 320.93887,247.9961
308.52783,270.60283 311.65847,276.45815 309.28671,306.17687
314.79578,335.94769 320.91145,364.70259 324.43274,369.35568
333.47391,381.17892 328.73218,383.47242 338.21804,408.25503
331.22531,383.15909 334.16662,389.99991 337.7314,393.65783
341.45232,401.18388 346.4985,409.24071 354.51968,418.05399
358.32182,432.04739 367.24995,438.97679 373.43956,445.73357
383.14572,455.36016 394.62013,456.72746 401.20103,458.90172
408.16731,459.87939 415.0,460.86001 415.0,460.86001
415.0,460.86001 415.0,460.86001 415.0,460.86001
;
481.25,449.40691 481.25,449.40691 487.75158,445.84723
492.44918,441.27912 500.75106,436.56536 507.1343,431.49024
513.14188,428.11674 521.07757,423.05283 541.6601,403.67949
554.15569,377.43943 559.54878,350.05535 569.47585,337.5703
554.61663,352.86597 559.89872,338.65875 561.81564,314.37704
573.47562,291.97371 570.36176,267.0407 571.42021,234.26037
560.65881,202.76592 552.41765,171.5 540.86599,167.15939
551.07328,166.99435 545.94409,161.5 542.07574,157.71532
538.53169,149.99056 535.54066,141.75 531.6141,140.73485
531.91819,144.19307 531.61693,133.09692 524.83082,132.12741
522.95383,130.3414 528.2079,142.30301 536.05994,162.03193
541.19039,182.22186 547.95543,202.5 543.51922,193.28807
537.89725,188.97615 527.9139,186.36639 532.41566,182.47695
507.30249,177.20363 511.7499,182.69492 512.80557,182.49143
493.81536,182.11668 488.31376,183.16798 481.8883,184.14809
470.08768,185.09377 465.13834,193.16426 470.61951,206.47371
465.25753,191.21731 475.45397,192.64247 483.64128,193.3521
493.5732,187.03313 499.99985,193.06739 502.21064,193.47049
505.26118,185.6277 511.0,188.1472 514.97493,183.674
523.41798,191.76361 525.09272,196.8675 523.90295,189.50091
533.78314,196.54384 527.08838,198.67561 514.67606,201.56842
510.96856,192.79338 504.92267,196.0 497.6051,199.18848
495.53623,197.34087 483.5,199.24275 477.24469,203.30676
489.54446,202.59888 492.32345,201.30673 493.52268,207.79569
506.11102,197.78918 506.88197,203.0 511.2267,198.80629
536.90971,203.56421 523.6244,202.89711 508.28122,202.13405
507.07258,208.44822 522.0,205.0 507.22408,211.09968
522.0151,207.9937 530.0,209.80196 521.45608,214.71769
534.78272,213.27583 541.0,214.1758 526.60093,207.94328
535.23718,210.81537 548.19697,212.20256 559.09128,227.17586
547.3698,205.45373 549.5,205.49278 554.16011,194.98898
554.1958,220.35097 556.18928,225.50001 559.78081,240.45001
566.51997,253.61486 565.31081,268.93793 563.05047,278.01631
564.63108,283.74252 563.70178,292.66524 556.34244,317.73452
555.40366,345.85334 548.12374,371.52817 538.87933,392.48344
527.74039,414.14258 507.19603,426.04679 503.41152,429.93037
494.53603,435.92066 487.6094,441.49919 487.16994,445.63895
475.46115,447.50829 481.25,449.40691 481.25,449.40691
481.25,449.40691 481.25,449.40691 481.25,449.40691
;
233.96482,445.0 233.96482,445.0 241.48631,439.32381
238.81254,427.7095 234.00002,436.83333 240.39961,436.72656
229.69333,444.3316 233.96482,445.0 233.96482,445.0
233.96482,445.0 233.96482,445.0 233.96482,445.0
;
339.16667,408.0 339.16667,408.0 340.83492,399.3085
328.66926,394.12768 337.57848,407.25 337.57848,407.25
338.33333,408.0 338.33333,408.0 338.33333,408.0
339.16667,408.0 339.16667,408.0 339.16667,408.0
;
332.25,398.98762 332.25,398.98762 331.52467,397.07671
328.06896,375.50504 324.36988,382.39037 326.86232,387.96043
326.98384,395.51209 332.25,398.98762 332.25,398.98762
332.25,398.98762 332.25,398.98762 332.25,398.98762
;
468.05902,393.0 468.05902,393.0 476.74495,387.14689
458.59181,389.11572 468.05902,393.0 468.05902,393.0
468.05902,393.0 468.05902,393.0 468.05902,393.0
;
467.26481,383.0 467.26481,383.0 475.80266,379.75655
487.68464,380.86374 474.84446,373.00629 468.24793,368.96066
495.09494,378.92033 490.46245,379.87089 488.37926,367.91526
479.39705,366.35896 468.73811,365.0864 460.71396,362.15248
452.28317,352.66514 445.8375,353.99959 436.89125,346.78288
434.02515,359.06896 446.40666,357.05013 451.83759,358.66005
469.50913,369.41509 454.29845,367.99993 440.48918,361.82856
440.93316,369.62197 441.55282,370.93729 433.87961,374.60313
429.17355,363.50263 420.0,370.83326 422.27003,375.86631
407.17048,358.76674 400.0,366.36105 410.82869,371.28403
380.0777,370.4743 393.0,366.86852 388.92706,361.76878
403.78478,355.42422 409.41724,355.01724 417.89821,360.36333
431.96476,358.54427 415.10129,354.46471 407.41958,348.26351
399.47677,353.89818 391.75227,358.26405 387.33624,367.08609
372.46073,359.95696 369.15535,370.73628 367.52732,382.84896
378.12721,364.41269 385.73344,368.99985 389.13271,374.028
388.26606,377.68124 391.15771,376.00552 397.07658,367.37417
404.94386,374.82049 409.9409,374.99985 417.06591,372.04697
425.71274,377.53631 435.41545,375.61899 446.16691,371.08904
451.90685,380.89794 461.06174,373.48941 467.09951,368.03107
469.46272,374.37094 466.93036,379.30779 463.76864,377.84671
464.1538,385.65754 467.26481,383.0 467.26481,383.0
467.26481,383.0 467.26481,383.0 467.26481,383.0
;
386.22251,381.0 386.22251,381.0 387.81198,374.05741
374.60883,376.79111 386.22251,381.0 386.22251,381.0
386.22251,381.0 386.22251,381.0 386.22251,381.0
;
399.0,381.0 399.0,381.0 409.57466,380.12637
398.74794,370.00892 396.0,377.5 395.71,382.1931
398.06539,377.6939 399.0,381.0 399.0,381.0
399.0,381.0 399.0,381.0 399.0,381.0
;
331.1758,353.0 331.1758,353.0 334.09584,342.48681
324.95007,339.9829 331.1758,353.0 331.1758,353.0
331.1758,353.0 331.1758,353.0 331.1758,353.0
;
241.41821,350.0 241.41821,350.0 252.41189,347.30791
235.7647,332.16363 241.41821,350.0 241.41821,350.0
241.41821,350.0 241.41821,350.0 241.41821,350.0
;
329.03658,343.0 329.03658,343.0 333.60934,330.19285
322.46104,327.26078 329.03658,343.0 329.03658,343.0
329.03658,343.0 329.03658,343.0 329.03658,343.0
;
564.24268,330.15732 564.24268,330.15732 567.94781,324.49196
570.53607,299.40708 565.54134,317.45881 565.53634,321.69543
560.65898,332.25537 564.24268,330.15732 564.24268,330.15732
564.24268,330.15732 564.24268,330.15732 564.24268,330.15732
;
327.25,328.70833 327.25,328.70833 330.43183,319.21777
324.71214,306.25635 325.99999,325.50193 326.73995,326.10785
324.58425,330.8597 327.25,328.70833 327.25,328.70833
327.25,328.70833 327.25,328.70833 327.25,328.70833
;
420.25,322.96673 420.25,322.96673 422.69502,320.20657
408.785,310.78612 402.0,312.00003 396.6092,325.71568
389.09681,310.73758 393.33821,301.4002 399.95814,293.85327
395.60682,285.8693 391.5,288.25182 382.57317,292.27851
397.24619,292.59063 391.16495,295.7511 383.18333,294.18342
385.04464,300.65327 388.0,305.93723 386.71087,313.79767
396.18814,328.75988 403.35062,318.87362 409.91176,328.0766
413.12475,315.0098 420.25,322.96673 420.25,322.96673
420.25,322.96673 420.25,322.96673 420.25,322.96673
;
445.75359,322.58981 445.75359,322.58981 457.34832,325.10759
466.75386,314.96917 463.5,303.67299 462.80139,297.79255
449.51996,276.65236 454.42755,293.41359 456.56528,300.30904
460.58933,318.86228 454.0,317.12016 450.63099,306.70052
434.76702,311.00084 431.00157,319.64468 432.77169,321.62555
437.11799,320.2794 445.75359,322.58981 445.75359,322.58981
445.75359,322.58981 445.75359,322.58981 445.75359,322.58981
;
556.0,300.0 556.0,300.0 566.82078,294.61849
545.99658,294.10453 556.0,300.0 556.0,300.0
556.0,300.0 556.0,300.0 556.0,300.0
;
291.0263,293.98593 291.0263,293.98593 300.07311,281.29594
286.84939,287.01187 288.0,292.33333 287.29003,293.7498
289.90824,296.46123 291.0263,293.98593 291.0263,293.98593
291.0263,293.98593 291.0263,293.98593 291.0263,293.98593
;
327.0,288.0 327.0,288.0 330.79077,274.58118
324.08424,270.25352 326.0,288.0 326.0,288.0
327.0,288.0 327.0,288.0 327.0,288.0
;
596.0,281.0 596.0,281.0 605.83477,273.70797
590.35847,271.95244 596.0,281.0 596.0,281.0
596.0,281.0 596.0,281.0 596.0,281.0
;
595.13805,274.0 595.13805,274.0 598.12784,262.84866
588.21302,254.25907 593.90961,272.17511 593.90961,272.17511
594.2761,274.0 594.2761,274.0 594.2761,274.0
595.13805,274.0 595.13805,274.0 595.13805,274.0
;
588.25,271.92105 588.25,271.92105 589.7301,261.46384
586.3624,246.76176 581.89965,235.94398 581.88375,249.50721
575.36686,222.41379 575.04575,234.20919 578.48347,245.73963
578.09411,258.51957 583.10876,269.44208 587.80557,261.19747
581.73147,273.76244 588.25,271.92105 588.25,271.92105
588.25,271.92105 588.25,271.92105 588.25,271.92105
;
582.49886,250.66667 582.49886,250.66667 574.58569,245.81812
586.02436,237.65197 582.49886,250.66667 582.49886,250.66667
582.49886,250.66667 582.49886,250.66667 582.49886,250.66667
;
322.89758,270.0 322.89758,270.0 328.08666,266.25695
334.72661,242.95406 326.05855,260.17758 325.80959,262.55558
319.82921,268.98392 322.89758,270.0 322.89758,270.0
322.89758,270.0 322.89758,270.0 322.89758,270.0
;
481.75,260.99384 481.75,260.99384 486.44746,260.33535
473.36458,252.67478 471.09964,249.73986 463.22243,243.56447
472.58796,243.70488 476.64628,243.20396 479.92653,248.03429
487.64051,248.60487 494.02332,248.85782 503.34177,256.45408
502.79161,245.89898 511.73935,254.0 515.9852,248.3454
518.89336,262.6225 524.19294,254.2063 536.38557,256.53786
525.25164,245.64463 536.21398,245.0 544.75295,247.34563
544.6712,227.87931 537.0,232.37004 528.86254,240.03042
520.94967,231.5826 517.99608,238.84144 508.52685,241.31753
500.03476,239.33686 489.5,238.58859 483.44882,232.86647
476.89126,239.71131 466.94896,234.73622 455.96338,243.26604
470.86499,256.93588 479.50052,260.98768 479.50052,260.98768
481.45982,260.99268 481.45982,260.99268 481.45982,260.99268
481.75052,260.99346 481.75052,260.99346 481.75052,260.99346
481.75,260.99384 481.75,260.99384 481.75,260.99384
;
489.94992,244.57528 489.94992,244.57528 478.74379,245.22822
477.88408,238.6228 490.44254,241.38391 498.16818,244.83654
499.31557,244.13581 489.94992,244.57528 489.94992,244.57528
489.94992,244.57528 489.94992,244.57528 489.94992,244.57528
;
378.47076,259.0 378.47076,259.0 391.58084,253.28853
386.8922,247.36335 378.03063,257.5 378.33081,257.84968
377.39509,259.41017 378.47076,259.0 378.47076,259.0
378.47076,259.0 378.47076,259.0 378.47076,259.0
;
592.10695,255.0 592.10695,255.0 594.11718,252.85697
589.09007,229.53832 587.0,237.83847 589.02978,243.04781
588.87109,251.5249 592.10695,255.0 592.10695,255.0
592.10695,255.0 592.10695,255.0 592.10695,255.0
;
341.76175,252.0 341.76175,252.0 345.01401,250.52019
357.70296,246.69523 354.95932,250.64416 359.10949,245.21777
364.32178,250.93987 368.99998,245.85714 373.67168,251.12793
390.28842,236.43829 392.74551,243.87723 393.64342,255.22545
402.05568,230.74476 389.25102,232.34274 372.90135,228.15208
395.01323,236.64107 375.87537,236.36966 360.33708,237.1636
345.08686,235.65337 329.99998,232.99946 334.62505,240.41245
347.91387,239.48818 356.49998,241.06028 347.48156,244.57799
343.77893,243.75861 337.09962,241.5606 320.61472,243.54151
339.38312,242.94992 332.99998,245.71995 333.4052,253.0198
348.05815,243.41264 340.44396,251.23448 338.3135,252.50209
340.75031,251.96787 341.76175,252.0 341.76175,252.0
341.76175,252.0 341.76175,252.0 341.76175,252.0
;
459.14105,242.0 459.14105,242.0 459.57005,236.67085
459.90665,214.48295 454.91201,228.07326 454.80535,230.70822
456.91248,251.96324 459.14105,242.0 459.14105,242.0
459.14105,242.0 459.14105,242.0 459.14105,242.0
;
313.0027,240.49833 313.0027,240.49833 310.35309,236.31296
322.42426,229.63455 316.34187,224.0 314.23466,228.52752
309.04822,238.02958 313.0027,240.49833 313.0027,240.49833
313.0027,240.49833 313.0027,240.49833 313.0027,240.49833
;
255.42668,237.0 255.42668,237.0 266.82418,234.75967
246.29215,229.20834 253.81265,237.0 253.81265,237.0
255.42668,237.0 255.42668,237.0 255.42668,237.0
;
491.55902,237.0 491.55902,237.0 508.56759,235.20135
473.48284,234.75907 491.55902,237.0 491.55902,237.0
491.55902,237.0 491.55902,237.0 491.55902,237.0
;
576.24411,229.0 576.24411,229.0 578.38206,224.28286
567.7955,212.61014 576.24411,229.0 576.24411,229.0
576.24411,229.0 576.24411,229.0 576.24411,229.0
;
290.64698,223.87802 290.64698,223.87802 294.11275,218.83767
296.13171,211.75383 288.20291,223.87002 288.99185,224.42792
289.71634,226.37621 290.64698,223.87802 290.64698,223.87802
290.64698,223.87802 290.64698,223.87802 290.64698,223.87802
;
333.964,224.0 333.964,224.0 340.84129,217.58211
337.24162,207.9216 343.5494,204.5418 342.54946,194.88808
358.59819,192.49756 352.71961,205.54973 342.03401,213.99733
352.43085,219.44814 355.65729,204.75198 360.88795,195.9024
360.95085,200.38304 371.41509,200.25944 379.70413,200.99568
367.9637,196.92779 373.5573,195.41859 367.25341,192.70029
361.01778,196.38354 353.08666,193.78365 341.62056,189.13444
342.12096,204.7928 335.22053,209.80895 323.92058,228.79312
337.42945,212.63352 336.1109,215.8461 335.78406,217.37452
331.07256,224.07157 333.964,224.0 333.964,224.0
333.964,224.0 333.964,224.0 333.964,224.0
;
576.03896,215.0 576.03896,215.0 577.15006,209.18618
566.84504,198.02514 565.71478,188.5 559.08873,173.13437
560.13308,188.4595 564.63704,195.31956 569.4781,201.88708
569.82748,210.78125 576.03896,215.0 576.03896,215.0
576.03896,215.0 576.03896,215.0 576.03896,215.0
;
591.16848,214.0 591.16848,214.0 601.27751,215.85217
583.17504,195.5218 589.68739,211.1614 590.79389,211.33873
589.25347,214.8371 591.16848,214.0 591.16848,214.0
591.16848,214.0 591.16848,214.0 591.16848,214.0
;
333.11482,210.79506 333.11482,210.79506 340.72834,199.86837
336.3526,195.52539 332.01232,209.5 332.22569,210.14403
331.31263,212.33985 333.11482,210.79506 333.11482,210.79506
333.11482,210.79506 333.11482,210.79506 333.11482,210.79506
;
449.66203,202.0 449.66203,202.0 457.46607,192.63374
442.64714,192.0474 449.66203,202.0 449.66203,202.0
449.66203,202.0 449.66203,202.0 449.66203,202.0
;
384.02305,201.0 384.02305,201.0 392.84949,198.20163
367.84303,192.13746 383.00541,201.0 383.00541,201.0
384.02305,201.0 384.02305,201.0 384.02305,201.0
;
411.73518,200.0 411.73518,200.0 412.8943,193.48902
395.7355,192.92037 390.00475,187.5 389.84561,190.04569
378.30759,183.22307 371.40145,181.76915 372.74135,169.23338
383.43158,157.83954 389.09006,146.12445 403.37264,122.47943
424.17227,103.53299 444.0,85.215598 430.24899,92.006981
418.7504,104.38387 409.94627,116.0 402.77693,123.52144
397.78671,130.19299 390.87842,136.24079 391.2208,143.17378
381.38417,150.87747 378.80577,159.60961 372.83682,169.42962
369.20818,172.88801 364.8815,180.35418 366.65084,186.8043
377.78032,188.48214 383.49448,189.99107 392.98501,196.53141
393.22651,192.47631 399.11333,195.16001 403.54376,196.32726
407.93178,198.2768 411.73518,200.0 411.73518,200.0
411.73518,200.0 411.73518,200.0 411.73518,200.0
;
285.93261,199.0 285.93261,199.0 293.81909,199.38574
290.40584,183.36346 286.26706,194.5 286.70349,195.49919
283.19015,199.75732 285.93261,199.0 285.93261,199.0
285.93261,199.0 285.93261,199.0 285.93261,199.0
;
458.5075,195.0 458.5075,195.0 473.61543,188.06148
452.42064,188.11564 458.5075,195.0 458.5075,195.0
458.5075,195.0 458.5075,195.0 458.5075,195.0
;
577.96862,183.0 577.96862,183.0 582.33948,180.02254
570.67376,160.96382 574.57142,170.0 575.5486,173.64562
574.71147,181.35666 577.96862,183.0 577.96862,183.0
577.96862,183.0 577.96862,183.0 577.96862,183.0
;
354.75,179.99175 354.75,179.99175 367.88835,167.66922
350.58651,171.33746 354.75,179.99175 354.75,179.99175
354.75,179.99175 354.75,179.99175 354.75,179.99175
;
542.99259,153.0 542.99259,153.0 546.67609,144.44119
532.34317,138.65987 540.6939,150.0 541.76991,150.55195
540.82784,154.02271 542.99259,153.0 542.99259,153.0
542.99259,153.0 542.99259,153.0 542.99259,153.0
;
528.40072,132.0 528.40072,132.0 532.95259,126.63245
520.27192,115.93483 527.13478,132.0 527.13478,132.0
528.40072,132.0 528.40072,132.0 528.40072,132.0
;
565.75306,123.67551 565.75306,123.67551 568.46129,109.02152
553.21499,122.42752 565.75306,123.67551 565.75306,123.67551
565.75306,123.67551 565.75306,123.67551 565.75306,123.67551
;
529.61501,120.0 529.61501,120.0 534.64726,116.67056
519.19354,109.82707 527.68882,119.17402 527.68882,119.17402
528.23002,120.0 528.23002,120.0 528.23002,120.0
529.61501,120.0 529.61501,120.0 529.61501,120.0
;
518.06739,107.0 518.06739,107.0 522.71458,101.55041
501.83635,98.045789 515.90934,103.139 517.01165,103.89909
515.86964,107.73797 518.06739,107.0 518.06739,107.0
518.06739,107.0 518.06739,107.0 518.06739,107.0
;
515.74502,94.75 515.74502,94.75 516.6238,89.789625
511.74775,90.913425 512.56729,81.109896 507.46322,80.08663
520.96653,71.720158 519.1292,75.112354 525.98923,68.993199
512.04341,76.797284 510.82638,74.625155 505.78709,77.925097
493.52211,79.770047 507.28172,82.7588 513.16956,92.053072
501.50077,90.580103 515.74502,94.75 515.74502,94.75
515.74502,94.75 515.74502,94.75 515.74502,94.75
;
498.96482,88.0 498.96482,88.0 510.28347,80.591288
479.12385,79.641326 495.89373,84.624989 499.8908,83.349844
496.30289,88.824089 498.96482,88.0 498.96482,88.0
498.96482,88.0 498.96482,88.0 498.96482,88.0
;
507.82507,71.024788 507.82507,71.024788 503.49737,66.648464
500.8085,52.467341 499.0,64.651372 503.11961,68.220348
504.77809,69.423106 507.82507,71.024788 507.82507,71.024788
507.82507,71.024788 507.82507,71.024788 507.82507,71.024788
;
515.93041,70.719805 515.93041,70.719805 526.21359,69.535616
500.31576,52.716799 506.83307,61.865633 510.16899,65.511666
509.73941,65.880306 515.93041,70.719805 515.93041,70.719805
515.93041,70.719805 515.93041,70.719805 515.93041,70.719805
;
647.53518,474.0 647.53518,474.0 636.50364,464.27556
651.01033,462.14244 647.53518,474.0 647.53518,474.0
647.53518,474.0 647.53518,474.0 647.53518,474.0
;
625.19418,420.0 625.19418,420.0 619.85569,411.68531
620.19204,398.43916 617.99958,388.06277 626.35441,394.92279
622.08176,410.00499 626.23284,420.0 626.23284,420.0
625.19376,420.0 625.19376,420.0 625.19376,420.0
625.19418,420.0 625.19418,420.0 625.19418,420.0
;
233.55103,412.0 233.55103,412.0 234.15488,407.55492
234.64223,396.06849 237.0,405.06424 235.70916,407.0004
235.40601,410.972 233.55103,412.0 233.55103,412.0
233.55103,412.0 233.55103,412.0 233.55103,412.0
;
617.81279,378.2166 617.81279,378.2166 612.91396,383.57559
615.75106,363.40106 617.81279,378.2166 617.81279,378.2166
617.81279,378.2166 617.81279,378.2166 617.81279,378.2166
;
231.17826,341.0 231.17826,341.0 223.56791,328.26046
226.55378,326.32697 232.0,337.93723 231.33559,338.56766
233.19918,341.72609 231.17826,341.0 231.17826,341.0
231.17826,341.0 231.17826,341.0 231.17826,341.0
;
231.37244,323.99929 231.37244,323.99929 225.25715,318.06088
229.16036,304.88485 230.0,319.0 233.66029,317.88206
230.87123,322.58332 231.37244,323.99929 231.37244,323.99929
231.37244,323.99929 231.37244,323.99929 231.37244,323.99929
;
612.125,309.0 612.125,309.0 608.5836,296.13595
612.31347,291.13875 613.25005,309.0 613.25005,309.0
612.12505,309.0 612.12505,309.0 612.12505,309.0
612.125,309.0 612.125,309.0 612.125,309.0
;
613.52244,294.0 613.52244,294.0 603.32864,287.79302
620.3344,286.72515 613.52244,294.0 613.52244,294.0
613.52244,294.0 613.52244,294.0 613.52244,294.0
;
611.9662,281.697 611.9662,281.697 608.8094,291.92321
611.39263,258.83846 611.9662,281.697 611.9662,281.697
611.9662,281.697 611.9662,281.697 611.9662,281.697
;
273.75585,140.0 273.75585,140.0 274.6512,129.01028
283.09896,124.98386 274.5117,140.0 274.5117,140.0
273.75585,140.0 273.75585,140.0 273.75585,140.0
;
583.07642,126.32358 583.07642,126.32358 580.08773,126.53595
570.92241,103.89253 578.13478,114.0 579.00569,114.69758
584.42068,122.81406 583.07642,126.32358 583.07642,126.32358
583.07642,126.32358 583.07642,126.32358 583.07642,126.32358
;
532.19113,75.0 532.19113,75.0 524.4201,71.859211
532.24933,61.458851 536.0,73.0 531.96663,71.873846
533.93778,74.352837 532.19113,75.0 532.19113,75.0
532.19113,75.0 532.19113,75.0 532.19113,75.0
;
