96.92742,480.0 96.92742,480.0 64.61828,480.0
32.30914,480.0 0.0,480.0 0.0,320.0
0.0,160.0 0.0,0.0 284.66667,0.0
569.33333,0.0 854.0,0.0 854.0,160.0
854.0,320.0 854.0,480.0 790.5,479.99937
727.0,479.999 663.5,479.998 659.89973,463.56277
656.96463,477.65833 652.60032,467.48994 642.65073,453.91874
646.63611,453.10176 656.08626,464.24699 655.9306,459.08474
646.296,445.11197 643.28047,449.14358 635.7353,444.54734
652.39906,446.9272 637.25,440.49177 631.48771,434.57726
632.48207,419.46387 636.81614,436.42807 650.09783,446.94875
636.64932,430.33454 638.21398,423.99991 630.00401,423.05967
631.097,408.76233 627.50663,403.69223 631.57173,399.35931
629.69661,391.44999 626.1084,379.66429 623.96907,367.73498
619.33744,369.21349 618.58767,357.69066 616.4432,349.16096
619.87841,342.15173 616.29616,331.55254 616.20276,323.22969
615.42259,313.21543 613.19744,303.86229 612.51263,297.50186
610.21891,279.52204 609.96302,282.49991 608.51282,282.1509
611.16948,264.24144 610.03072,256.97344 607.45993,247.51129
611.95602,237.93071 606.04446,228.49991 606.40156,220.7149
599.20774,210.20096 600.16769,205.60363 600.22729,199.88422
604.37482,187.60959 597.23033,184.43847 594.52359,177.42627
597.29803,170.26394 594.31782,163.32263 589.45828,137.76448
576.59709,114.66614 564.40648,92.063965 558.81726,82.703692
550.7623,78.523059 544.80601,70.334101 540.91203,66.351254
543.78265,61.848858 530.54213,62.068167 509.93076,60.315567
536.14264,49.543854 516.9179,51.0 505.71416,50.731611
504.17465,49.155431 496.97138,42.191769 491.52897,34.373798
484.94245,33.523945 478.12964,29.271481 472.03235,22.072568
456.00033,28.341687 458.48643,22.0 450.80653,18.972857
442.328,25.680541 431.85714,23.0 426.41994,18.166971
418.45022,26.562816 407.79665,22.93428 404.02492,28.397716
388.95262,27.65188 380.52014,31.48052 365.18821,37.511003
351.38436,45.630208 338.0,54.867123 326.19169,56.324681
321.23311,63.058261 334.21521,61.601507 322.15505,72.714154
307.02786,80.033129 294.64044,90.861892 297.87634,97.170518
285.35062,100.81471 287.32304,103.55761 287.00324,96.713095
280.50517,114.74828 276.59419,119.00006 272.40304,127.7163
270.88971,139.48867 267.97563,145.51512 268.10463,152.5116
262.36994,157.77976 262.9322,166.50006 257.30109,180.18592
254.59599,195.13992 249.37369,209.36344 244.54902,218.99131
249.00565,224.94787 241.97959,230.93847 238.09768,240.84025
245.91663,245.19278 237.4058,246.73907 234.63097,256.73762
228.30145,268.79544 228.00017,280.27957 218.89953,289.02516
224.37864,306.63015 221.94732,316.46746 221.30947,325.68715
223.27397,339.06791 223.24909,350.00006 227.25374,346.52572
224.43689,367.9627 228.52848,375.00006 232.15288,379.73988
228.59408,399.34892 235.96557,394.03001 244.12524,385.08123
233.49499,397.80008 232.59885,404.01409 238.16699,416.29532
231.25341,410.56288 229.84127,420.00006 228.26699,425.44359
221.48206,434.0415 218.68612,441.3681 208.9723,445.7848
218.14242,446.99617 210.9084,456.35334 201.37872,466.738
210.26841,467.65926 203.73268,472.0 200.98033,477.02785
190.17073,481.61592 178.1806,480.0 151.09621,480.0
124.01181,480.0 96.92742,480.0 96.92742,480.0
96.92742,480.0 96.92742,480.0 96.92742,480.0
;
191.68045,475.98469 191.68045,475.98469 205.66456,470.96786
183.65147,469.37474 191.68045,475.98469 191.68045,475.98469
191.68045,475.98469 191.68045,475.98469 191.68045,475.98469
;
197.75,455.9682 197.75,455.9682 214.71146,451.1376
189.74054,450.2073 197.75,455.9682 197.75,455.9682
197.75,455.9682 197.75,455.9682 197.75,455.9682
;
621.91623,359.0 621.91623,359.0 626.81294,355.17531
614.55389,349.30793 620.9505,359.0 620.9505,359.0
621.91623,359.0 621.91623,359.0 621.91623,359.0
;
543.64301,60.968575 543.64301,60.968575 551.13156,54.166485
531.67284,54.462834 543.64301,60.968575 543.64301,60.968575
543.64301,60.968575 543.64301,60.968575 543.64301,60.968575
;
513.84712,48.0 513.84712,48.0 523.6953,46.017264
528.43583,39.723073 516.0409,43.550758 512.40383,40.256803
509.75878,49.871554 513.84712,48.0 513.84712,48.0
513.84712,48.0 513.84712,48.0 513.84712,48.0
;
440.17842,22.0 440.17842,22.0 445.13864,22.221285
457.205,14.130254 453.06897,12.94466 446.96401,15.548914
423.48517,12.189786 433.14286,22.0 435.48805,22.0
437.83323,22.0 440.17842,22.0 440.17842,22.0
440.17842,22.0 440.17842,22.0 440.17842,22.0
;
209.00627,480.0 209.00627,480.0 201.5682,474.42898
222.59795,463.16953 211.23145,471.55581 204.74887,476.96741
214.19549,478.83258 209.00627,480.0 209.00627,480.0
209.00627,480.0 209.00627,480.0 209.00627,480.0
;
427.5,480.0 427.5,480.0 356.08554,479.83313
283.99569,480.3336 213.003,479.75 222.05679,468.51084
216.79532,464.5825 216.34605,455.41396 218.41453,449.52061
230.90717,434.14293 225.8776,447.83447 215.60637,452.51691
217.85527,460.53129 222.00004,457.0 225.87942,445.77698
226.44954,456.57498 228.23459,460.22031 232.23128,448.21774
233.31129,447.94014 238.03796,440.46726 237.67108,423.71318
232.82492,445.37097 232.52208,441.55579 228.05444,437.62357
230.04786,434.63697 237.00004,421.98939 237.56916,415.31884
241.83221,410.203 243.00004,404.64071 246.79391,398.84051
243.85835,388.10943 242.84256,379.50001 234.73796,353.36418
235.8115,325.98966 236.20441,298.90709 234.80616,290.82964
242.57397,277.05075 236.99998,275.00001 244.90327,285.52635
246.44355,267.87582 244.59219,263.08119 246.95755,257.98166
247.23585,253.52635 249.13725,245.59808 261.62436,243.1253
245.29114,239.71213 250.64205,229.87205 252.92019,223.11871
258.36064,234.22439 252.00006,238.0 265.1855,239.27287
250.08071,222.24625 256.89532,220.96546 263.16196,214.77782
260.62162,202.64197 265.68124,200.85009 269.93661,190.99246
272.91329,176.77851 277.21958,169.63571 279.23344,160.18828
283.49384,146.54377 288.36959,136.15377 293.85091,124.25092
293.12393,126.36247 297.26213,116.2735 310.51621,97.237318
327.02835,79.384328 342.99965,63.927505 360.67599,47.484682
385.04688,35.60223 409.41802,32.761254 418.61612,33.571608
429.49671,28.45502 437.34382,32.716444 449.91356,33.599121
463.84833,32.048444 475.49965,38.223249 470.49956,42.585924
487.85602,51.285031 491.00604,55.507707 495.43197,56.941421
511.42745,58.805544 502.99965,64.04951 507.7026,67.707878
522.64057,78.025567 516.06636,68.487162 504.14803,66.043699
519.29096,57.484563 521.75,67.025811 519.32592,66.380327
522.79642,78.418512 531.63337,81.989218 535.90597,72.58866
535.77788,86.339293 540.93649,88.954778 546.70742,95.862546
551.43243,104.801496 557.84599,113.443706 562.6384,116.905386
556.46599,134.497716 565.88965,124.712426 568.30893,136.619656
570.04012,135.563266 571.99993,146.041086 576.74576,151.594146
578.26904,164.383896 582.06732,170.999996 589.63655,161.986606
577.35136,175.995206 584.62853,178.999996 593.79571,187.272806
590.53196,196.422026 583.99993,192.959296 586.11086,203.906906
588.95987,209.700066 587.47897,215.604086 592.87667,222.072646
594.43727,201.636036 592.89549,203.682936 603.43716,209.987626
588.39237,218.331936 595.22854,226.499996 595.31434,237.212266
600.10461,244.578496 598.85644,252.341046 603.02406,273.316586
592.8901,239.621966 594.24687,251.499996 595.09534,261.641726
601.15405,262.297196 600.28143,270.414996 604.48231,278.204166
599.87305,283.845346 600.34333,286.999996 607.62986,281.212776
600.63005,304.335316 603.24056,310.369196 602.72332,322.955066
605.56782,332.055046 607.55908,340.871436 606.17373,349.820436
609.78703,362.977556 611.25363,368.749996 605.74127,367.971376
612.58776,383.610636 612.26966,390.480606 615.6014,399.367426
617.65349,409.028436 621.28486,418.716446 622.36463,434.206746
632.51785,446.946496 633.50086,462.473766 638.68168,456.935156
634.3923,449.369136 638.95387,467.112976 643.8327,469.327746
648.97441,486.612066 645.00086,475.999996 640.86589,482.688666
626.55821,479.204626 616.52993,479.999996 553.51997,479.999996
490.51,479.999996 427.50003,479.999996 427.50003,479.999996
427.5,480.0 427.5,480.0 427.5,480.0
;
416.14235,457.0 416.14235,457.0 429.94066,454.46136
401.20778,453.2765 416.14235,457.0 416.14235,457.0
416.14235,457.0 416.14235,457.0 416.14235,457.0
;
405.75,455.92105 405.75,455.92105 414.79637,451.51793
389.71803,450.61621 385.0,446.02289 366.16934,435.37289
356.66398,414.53742 344.5,397.5 346.73764,383.24974
338.44914,385.96336 341.14459,390.8575 336.52547,381.32059
335.55032,377.38188 329.66368,367.44876 323.53961,359.8407
327.4428,355.35597 324.58691,348.28075 320.0818,324.62272
320.3262,300.06745 319.39896,276.31492 325.63802,255.76074
313.76536,283.84899 317.04715,263.98122 322.44426,245.67524
310.45714,259.253 311.24187,270.44273 308.79564,302.39564
314.83823,334.09015 322.1758,365.0 332.82362,372.10765
325.76477,377.8708 325.87553,386.7603 330.11456,400.16442
334.22782,395.52466 330.1028,384.5 336.62999,400.16353
331.7441,378.44833 339.66582,394.49639 346.01888,409.00541
356.54643,420.07262 364.49999,433.9977 372.8111,437.93249
377.48238,449.47672 388.17169,451.50302 393.99351,452.91644
399.72562,455.8372 405.75,455.92105 405.75,455.92105
405.75,455.92105 405.75,455.92105 405.75,455.92105
;
480.66214,444.0 480.66214,444.0 498.09999,434.72556
514.63578,421.54815 528.95369,408.56445 542.26932,391.69601
552.88886,371.19342 556.10298,349.5 569.27354,337.01698
553.32991,348.28528 557.02144,337.67559 558.84579,327.8217
558.65631,313.92685 562.82322,308.5 572.65209,269.37156
566.3823,228.20217 555.0,190.25519 550.39902,181.4432
550.82681,170.39132 541.71106,164.79661 546.14346,158.69567
537.69752,146.88627 537.0,141.45737 534.56521,149.81353
535.02078,150.86401 530.71919,140.96581 531.93332,137.3807
521.45903,119.58562 524.2279,134.4581 524.55422,151.19325
535.33212,166.70724 539.2082,183.3657 543.28461,196.06804
546.0166,201.49516 535.92235,188.56133 524.91699,186.46451
518.23669,176.88681 506.63268,177.0 504.04433,184.09449
489.0598,176.86285 484.34164,181.28498 476.8268,183.98531
468.15042,185.67167 459.08015,187.66029 452.36303,185.29457
447.51458,195.09307 458.72089,191.41467 467.23936,182.29254
458.72689,205.88695 470.00001,194.14286 460.08759,192.02619
475.54021,189.05088 484.11577,189.27557 490.59172,188.83799
459.18768,197.35613 474.5664,195.36463 477.89648,194.87916
478.19663,197.88441 488.47846,191.27587 489.03527,181.14558
498.21846,195.40556 485.65263,197.38662 467.83695,199.43373
489.0948,199.7264 493.12598,201.00003 501.55347,198.79753
512.00302,199.05684 522.85288,199.50003 510.34558,200.42791
504.46375,202.59743 513.69806,202.99987 496.88147,210.94855
535.57744,201.64561 522.646,208.97934 531.35292,213.72431
538.47068,206.4569 545.44786,210.25 546.9299,226.73991
553.41363,204.68121 544.21485,204.9098 544.4086,199.53291
551.5414,201.08311 551.2411,214.42325 550.78108,225.21388
560.75345,235.64926 557.85419,246.71593 562.77175,254.37495
562.34169,268.49861 560.36235,274.3089 556.90344,278.52188
563.97513,289.97094 558.60598,298.91533 549.75273,326.98582
553.26642,357.19666 537.99976,383.07095 532.47188,397.67299
518.53779,413.01535 505.16066,423.98269 501.20759,422.61317
497.16079,429.36225 488.07816,434.99995 487.07348,437.57955
478.0271,439.87076 480.66214,444.0 480.66214,444.0
480.66214,444.0 480.66214,444.0 480.66214,444.0
;
518.08488,197.0 518.08488,197.0 508.41881,198.75676
503.22036,187.53607 496.06251,196.29677 484.86062,184.5198
516.62638,193.43859 499.87814,186.93696 493.89981,187.04349
513.68173,182.99718 516.86662,188.3933 519.69388,191.12958
526.55963,196.2988 518.08488,197.0 518.08488,197.0
518.08488,197.0 518.08488,197.0 518.08488,197.0
;
339.13807,405.26193 339.13807,405.26193 340.17407,392.55099
330.57486,394.83381 338.0459,406.3541 338.0459,406.3541
339.13807,405.26193 339.13807,405.26193 339.13807,405.26193
;
466.24326,379.46372 466.24326,379.46372 482.74712,379.8162
470.73603,368.91911 480.36618,370.78029 489.63876,379.7821
484.23196,363.4562 477.14068,363.05687 461.82919,364.02242
453.7425,348.90535 439.62827,347.38367 427.20752,350.49324
447.68987,353.42791 450.0,356.50003 461.04766,357.96843
455.39213,369.5166 446.4062,361.17111 424.02318,363.72209
454.75862,365.84047 445.0,366.14193 433.96422,369.36192
425.9678,362.34905 414.57489,363.43258 407.50586,358.72058
394.66858,360.30101 401.96223,365.54551 389.18951,368.968
410.26464,372.43004 416.3777,371.5935 426.74662,371.72716
441.31991,370.19209 445.58139,373.70452 454.58662,370.89313
461.43275,373.03507 465.0608,372.24798 470.17758,373.68773
454.54283,381.55466 466.24326,379.46372 466.24326,379.46372
466.24326,379.46372 466.24326,379.46372 466.24326,379.46372
;
425.25,368.68616 425.25,368.68616 408.48191,368.01148
420.14124,364.08635 430.5,368.75436 428.75001,368.73166
426.99991,368.70906 425.25,368.68616 425.25,368.68616
425.25,368.68616 425.25,368.68616 425.25,368.68616
;
397.39301,376.0 397.39301,376.0 410.05715,376.77474
399.38934,364.64537 395.78602,376.0 395.78602,376.0
397.39301,376.0 397.39301,376.0 397.39301,376.0
;
369.9,373.0 369.9,373.0 376.99462,360.36376
387.28368,372.5997 388.0,369.9034 402.37992,373.99363
388.11856,363.83523 392.10444,361.73756 387.79713,357.93511
405.34373,348.66702 412.10194,351.80581 406.01794,341.14099
394.76419,353.47354 387.00237,356.8299 384.26763,364.44173
367.75495,357.45418 368.0,370.29844 368.37418,371.45811
366.83633,374.52982 369.9,373.0 369.9,373.0
369.9,373.0 369.9,373.0 369.9,373.0
;
336.21832,367.0 336.21832,367.0 338.15275,352.77642
328.18236,351.62368 336.21832,367.0 336.21832,367.0
336.21832,367.0 336.21832,367.0 336.21832,367.0
;
420.25,355.97776 420.25,355.97776 428.47185,349.19021
401.99866,349.39237 420.25,355.97776 420.25,355.97776
420.25,355.97776 420.25,355.97776 420.25,355.97776
;
241.04602,350.0 241.04602,350.0 253.66286,346.03499
235.57935,330.98787 239.9075,347.82296 241.23577,347.43611
239.18425,351.01244 241.04602,350.0 241.04602,350.0
241.04602,350.0 241.04602,350.0 241.04602,350.0
;
332.10025,350.0 332.10025,350.0 336.3263,340.83144
323.18342,339.53249 332.10025,350.0 332.10025,350.0
332.10025,350.0 332.10025,350.0 332.10025,350.0
;
328.37732,333.70803 328.37732,333.70803 334.91703,316.88517
319.31992,323.13101 328.37732,333.70803 328.37732,333.70803
328.37732,333.70803 328.37732,333.70803 328.37732,333.70803
;
242.73579,332.56827 242.73579,332.56827 252.76663,320.75393
232.3142,327.25064 242.73579,332.56827 242.73579,332.56827
242.73579,332.56827 242.73579,332.56827 242.73579,332.56827
;
445.32143,319.83996 445.32143,319.83996 450.99238,317.19196
463.24838,317.47884 461.02358,305.13811 462.22885,296.69205
455.72661,282.66613 451.0,284.83333 450.38168,293.66142
460.02152,304.29485 454.14767,312.27337 448.6695,314.05329
457.11983,295.33744 446.99779,307.97734 438.88072,301.98206
423.39832,316.00718 436.81108,317.06879 437.69249,320.63227
442.77137,318.62612 445.32143,319.83996 445.32143,319.83996
445.32143,319.83996 445.32143,319.83996 445.32143,319.83996
;
396.58587,319.0 396.58587,319.0 404.00834,316.77203
410.18518,318.47642 413.90437,316.93191 429.71413,324.16834
410.64226,307.60057 404.63363,307.0 396.18604,312.12236
392.70734,318.69017 392.24717,303.1944 394.69772,295.69579
398.73168,278.54089 387.50383,288.69916 380.79957,300.04358
386.08852,306.03343 391.64171,315.34499 393.32238,316.42462
394.1876,319.68317 396.58587,319.0 396.58587,319.0
396.58587,319.0 396.58587,319.0 396.58587,319.0
;
565.0137,314.0 565.0137,314.0 572.62118,302.42663
558.58907,303.15376 565.0137,314.0 565.0137,314.0
565.0137,314.0 565.0137,314.0 565.0137,314.0
;
581.25,306.9682 581.25,306.9682 593.71201,287.85465
568.87176,305.18442 581.25,306.9682 581.25,306.9682
581.25,306.9682 581.25,306.9682 581.25,306.9682
;
239.17865,296.77378 239.17865,296.77378 244.86236,287.64983
234.16127,290.27703 239.17865,296.77378 239.17865,296.77378
239.17865,296.77378 239.17865,296.77378 239.17865,296.77378
;
553.16667,297.0 553.16667,297.0 562.29978,288.74019
541.04296,290.86597 553.16667,297.0 553.16667,297.0
553.16667,297.0 553.16667,297.0 553.16667,297.0
;
291.13148,291.92963 291.13148,291.92963 297.3897,285.29936
280.95931,291.38161 290.99044,292.00513 290.99044,292.00513
291.13148,291.92963 291.13148,291.92963 291.13148,291.92963
;
291.43261,287.0 291.43261,287.0 299.74058,280.91669
286.44086,278.92721 292.02347,284.25 288.84148,278.89768
286.81581,289.51723 291.43261,287.0 291.43261,287.0
291.43261,287.0 291.43261,287.0 291.43261,287.0
;
326.25,285.75433 326.25,285.75433 331.88939,271.50187
320.64779,268.6015 325.0,286.1667 325.0,286.1667
326.25,285.75436 326.25,285.75436 326.25,285.75436
326.25,285.75433 326.25,285.75433 326.25,285.75433
;
591.6446,278.0 591.6446,278.0 596.94332,277.70106
593.41913,261.08033 589.04988,264.72831 590.50373,268.18087
588.10111,276.98804 591.6446,278.0 591.6446,278.0
591.6446,278.0 591.6446,278.0 591.6446,278.0
;
578.3865,267.0 578.3865,267.0 588.08945,265.38789
583.20748,253.74559 581.11744,243.5 578.15371,218.70526
574.52117,240.01635 573.95547,232.50697 567.68582,234.20308
576.49801,252.33403 576.10458,260.5 580.49161,260.30039
573.85055,268.15355 578.3865,267.0 578.3865,267.0
578.3865,267.0 578.3865,267.0 578.3865,267.0
;
325.52475,260.0 325.52475,260.0 336.2047,251.42186
319.90543,253.17406 325.52475,260.0 325.52475,260.0
325.52475,260.0 325.52475,260.0 325.52475,260.0
;
477.0735,258.0 477.0735,258.0 480.81155,253.59869
461.84328,241.20619 468.11168,251.06112 471.15267,253.09819
473.65807,257.0347 477.0735,258.0 477.0735,258.0
477.0735,258.0 477.0735,258.0 477.0735,258.0
;
587.60659,251.0 587.60659,251.0 591.76925,240.91113
579.98319,234.42769 586.09063,251.0 586.09063,251.0
587.60659,251.0 587.60659,251.0 587.60659,251.0
;
523.93241,246.57358 523.93241,246.57358 529.07169,244.1008
541.10438,240.28895 541.46796,232.50002 536.0776,223.99134
524.97967,225.36942 514.64277,223.8484 506.92752,224.74869
489.86958,220.96835 487.6614,226.50002 501.38814,225.43257
511.85218,229.86691 491.87249,229.15284 481.75438,229.2744
467.42964,235.8109 481.0,225.75005 473.67658,227.6603
456.44332,233.68598 462.45389,242.96178 469.02505,239.47659
479.40758,235.32866 488.5,241.53066 499.58271,247.99053
512.25508,244.23416 523.93241,246.57358 523.93241,246.57358
523.93241,246.57358 523.93241,246.57358 523.93241,246.57358
;
509.79481,237.37186 509.79481,237.37186 504.55349,237.80454
478.80764,236.83909 487.7866,234.25418 498.26563,234.62245
512.27975,234.60289 520.61918,236.71415 517.61913,238.03282
513.19225,236.93083 509.79481,237.37186 509.79481,237.37186
509.79481,237.37186 509.79481,237.37186 509.79481,237.37186
;
595.0234,245.0 595.0234,245.0 597.94262,241.83134
592.70671,215.34283 592.63269,232.60226 592.84304,236.52332
593.18649,242.86801 595.0234,245.0 595.0234,245.0
595.0234,245.0 595.0234,245.0 595.0234,245.0
;
333.94098,244.0 333.94098,244.0 342.86185,239.59843
357.25976,245.78686 366.48231,241.73057 373.82045,235.64298
387.67596,236.97254 393.93347,241.54102 398.60944,229.93524
380.94868,225.32587 372.15319,222.73234 352.72543,219.64276
374.37689,229.18829 376.56371,228.59212 361.30523,227.05086
344.37618,226.43365 329.84999,228.7499 332.59801,236.60315
352.10937,230.82604 361.47996,232.89678 374.14865,232.28181
385.88357,233.96396 366.52867,234.76235 356.25048,236.63368
343.63527,234.27533 334.78174,239.00372 333.16574,238.99272
331.69759,244.87718 333.94098,244.0 333.94098,244.0
333.94098,244.0 333.94098,244.0 333.94098,244.0
;
456.16667,237.0 456.16667,237.0 457.31084,234.54073
461.29207,211.66104 455.76145,222.63818 454.26901,226.13033
451.59628,235.43734 456.16667,237.0 456.16667,237.0
456.16667,237.0 456.16667,237.0 456.16667,237.0
;
313.03222,235.0 313.03222,235.0 323.70196,226.87472
306.03623,224.31765 312.95932,235.0 312.95932,235.0
313.03222,235.0 313.03222,235.0 313.03222,235.0
;
586.06038,230.85107 586.06038,230.85107 584.19552,212.26068
579.13824,226.97282 586.06038,230.85107 586.06038,230.85107
586.06038,230.85107 586.06038,230.85107 586.06038,230.85107
;
571.75,226.98635 571.75,226.98635 585.35661,222.36242
569.93038,222.33357 571.75,226.98635 571.75,226.98635
571.75,226.98635 571.75,226.98635 571.75,226.98635
;
332.13976,223.0 332.13976,223.0 335.41232,218.53206
346.2268,204.03631 338.49999,203.14349 327.99353,217.93463
343.76442,186.64947 333.00146,203.44558 334.71396,206.52788
325.83782,222.53077 332.7757,215.61286 342.93207,199.40164
327.8258,224.20506 332.13976,223.0 332.13976,223.0
332.13976,223.0 332.13976,223.0 332.13976,223.0
;
291.41845,221.75 291.41845,221.75 305.00204,211.95035
280.878,217.83144 291.41845,221.75 291.41845,221.75
291.41845,221.75 291.41845,221.75 291.41845,221.75
;
346.92604,214.0 346.92604,214.0 350.84953,211.57199
358.92591,189.61181 356.86522,200.0 365.89617,195.67101
370.86964,197.64096 376.10815,198.36842 382.68792,196.57863
399.559,203.07506 389.08185,195.03417 383.14693,202.82355
370.43026,183.72566 374.64313,193.41655 374.99909,195.64796
361.68603,189.43421 355.14116,192.4744 347.43571,185.34516
338.00251,197.2276 340.07143,202.99991 342.15231,194.87165
359.24424,190.45636 351.58628,201.63842 350.63754,206.108
343.17046,209.317 346.92604,214.0 346.92604,214.0
346.92604,214.0 346.92604,214.0 346.92604,214.0
;
355.05902,211.0 355.05902,211.0 363.82072,204.23735
345.30319,207.30108 355.05902,211.0 355.05902,211.0
355.05902,211.0 355.05902,211.0 355.05902,211.0
;
570.30793,211.0 570.30793,211.0 571.47904,203.30428
563.20117,194.77519 560.47123,186.97613 554.51693,186.51879
563.56703,202.34011 567.0,203.91642 566.45804,206.28323
567.96709,210.46351 570.30793,211.0 570.30793,211.0
570.30793,211.0 570.30793,211.0 570.30793,211.0
;
409.94098,200.0 409.94098,200.0 415.57327,192.3375
397.62346,192.38279 393.5,187.17773 384.27412,186.81089
380.30443,179.72681 373.34038,181.82486 359.38077,176.48342
364.34109,188.8663 376.90976,187.2542 388.88788,192.07167
392.33397,192.4114 396.83708,194.22689 398.8762,192.05028
409.57333,197.90139 409.94098,200.0 409.94098,200.0
409.94098,200.0 409.94098,200.0 409.94098,200.0
;
448.00747,200.0 448.00747,200.0 453.90696,187.66768
438.50803,188.75626 448.00747,200.0 448.00747,200.0
448.00747,200.0 448.00747,200.0 448.00747,200.0
;
289.75397,193.48744 289.75397,193.48744 296.64186,187.88914
281.25972,189.07495 289.75397,193.48744 289.75397,193.48744
289.75397,193.48744 289.75397,193.48744 289.75397,193.48744
;
359.0,184.0 359.0,184.0 369.79151,181.92748
349.51575,178.98934 357.9593,184.0 357.9593,184.0
359.0,184.0 359.0,184.0 359.0,184.0
;
575.01742,181.48923 575.01742,181.48923 576.56152,165.13941
565.26019,173.71983 575.01742,181.48923 575.01742,181.48923
575.01742,181.48923 575.01742,181.48923 575.01742,181.48923
;
353.40122,178.0 353.40122,178.0 367.54861,166.2632
350.39094,170.61002 353.40122,178.0 353.40122,178.0
353.40122,178.0 353.40122,178.0 353.40122,178.0
;
368.14674,176.78442 368.14674,176.78442 375.73023,171.34746
380.86596,149.65625 370.83536,167.87842 370.7162,169.8213
364.44845,177.27723 368.14674,176.78442 368.14674,176.78442
368.14674,176.78442 368.14674,176.78442 368.14674,176.78442
;
380.32017,156.25218 380.32017,156.25218 398.70722,129.2193
422.35912,106.03898 447.0,84.583584 441.29938,84.70684
430.27275,96.483002 422.98176,101.79453 406.39349,118.84988
389.22388,136.04441 377.02651,156.69318 378.39713,158.82142
378.8406,157.69331 380.32017,156.25218 380.32017,156.25218
380.32017,156.25218 380.32017,156.25218 380.32017,156.25218
;
528.5,126.0 528.5,126.0 533.54574,118.95387
512.72724,122.43434 527.0,126.0 527.0,126.0
528.5,126.0 528.5,126.0 528.5,126.0
;
526.95517,121.0 526.95517,121.0 530.64264,113.39568
514.05454,108.562 526.02838,121.0 526.02838,121.0
526.95517,121.0 526.95517,121.0 526.95517,121.0
;
514.25072,96.149284 514.25072,96.149284 508.54803,87.750204
508.3096,90.946505 508.45859,82.175096 503.18964,70.745697
488.3017,85.497152 504.04436,84.269348 505.78112,92.22763
506.12148,94.417196 514.25072,96.149284 514.25072,96.149284
514.25072,96.149284 514.25072,96.149284 514.25072,96.149284
;
495.25,85.936614 495.25,85.936614 503.63759,82.04926
477.6277,82.35735 494.45878,85.918374 494.45878,85.918374
495.25,85.936614 495.25,85.936614 495.25,85.936614
495.25,85.936614 495.25,85.936614 495.25,85.936614
;
477.60699,74.0 477.60699,74.0 487.78904,70.025335
465.65786,66.473236 477.60699,74.0 477.60699,74.0
477.60699,74.0 477.60699,74.0 477.60699,74.0
;
504.25,72.96647 504.25,72.96647 503.13016,63.868287
489.01238,64.066815 503.5,72.93294 503.5,72.93294
504.25,72.96647 504.25,72.96647 504.25,72.96647
504.25,72.96647 504.25,72.96647 504.25,72.96647
;
641.29478,453.0 641.29478,453.0 631.00445,446.7183
629.41284,429.78807 638.33233,448.5 638.33256,449.35005
644.4196,453.71695 641.29478,453.0 641.29478,453.0
641.29478,453.0 641.29478,453.0 641.29478,453.0
;
621.5417,407.0 621.5417,407.0 619.08916,399.39127
618.20452,392.06792 616.40291,384.80972 612.74254,367.02968
619.96866,385.5001 621.02025,393.4533 621.01825,397.72618
622.5072,403.64996 621.5417,407.0 621.5417,407.0
621.5417,407.0 621.5417,407.0 621.5417,407.0
;
227.16667,337.0 227.16667,337.0 220.41655,325.82833
230.5552,325.75481 227.16667,337.0 227.16667,337.0
227.16667,337.0 227.16667,337.0 227.16667,337.0
;
599.54285,225.34518 599.54285,225.34518 589.45338,218.63728
603.14206,216.7844 599.54285,225.34518 599.54285,225.34518
599.54285,225.34518 599.54285,225.34518 599.54285,225.34518
;
579.81464,128.51869 579.81464,128.51869 576.82618,125.47007
568.04715,104.34746 576.97333,121.19333 577.33062,123.37647
581.26663,126.68284 579.81464,128.51869 579.81464,128.51869
579.81464,128.51869 579.81464,128.51869 579.81464,128.51869
;
529.6324,74.890116 529.6324,74.890116 518.59573,71.779405
538.13576,71.903965 530.91239,73.82782 530.91239,73.82782
529.6324,74.890116 529.6324,74.890116 529.6324,74.890116
;
