99.0,480.0 99.0,480.0 66.0,480.0
33.0,480.0 0.0,480.0 0.0,320.0
0.0,160.0 0.0,0.0 284.66667,0.0
569.33333,0.0 854.0,0.0 854.0,160.0
854.0,320.0 854.0,480.0 790.88889,480.0
727.77778,480.0 664.66667,480.0 663.97732,471.03474
652.46771,461.62164 648.0,453.04192 636.42849,441.95175
653.53561,451.29738 642.60525,439.01385 636.85756,430.00079
637.72623,425.52576 633.54727,418.1853 629.1024,411.34021
631.9712,413.84482 632.14609,406.74848 636.14568,403.0386
627.69084,386.45537 627.21159,378.0781 618.54023,366.21245
626.56189,365.30321 625.43158,360.20578 618.20567,361.63271
622.94445,355.66263 620.10795,344.29534 620.01225,328.7291
619.34803,334.9962 619.43952,321.68454 618.22649,316.1884
617.97192,309.47425 616.5,306.63837 620.81638,296.37433
612.75089,282.02485 614.57204,270.0 616.05212,259.97373
610.38489,249.60888 609.50364,244.99417 607.82557,235.22833
606.26273,233.3522 606.3337,224.17886 604.16636,212.56364
603.77307,207.98751 602.1513,196.14818 601.54126,184.42632
597.74123,184.4066 599.07547,174.11629 593.07788,166.91519
599.13157,155.43701 589.59591,155.87729 596.52701,150.34925
585.70262,141.52482 584.85426,133.26079 579.84988,123.63604
579.75534,123.03217 573.28638,113.33313 581.00814,121.87298
577.34885,111.151 571.24228,104.5 564.81855,98.877481
562.46387,86.891756 558.33441,86.766312 555.247,77.361555
548.86657,67.762542 538.0,67.06277 545.94172,62.588992
540.36101,59.772134 529.8567,61.235607 518.25677,56.89795
511.06668,51.777327 526.89776,57.245094 536.33829,48.851869
516.33648,52.20399 511.04157,51.031001 510.36574,43.993697
499.45013,48.095755 494.87558,37.281192 487.78438,29.715885
474.72072,28.891611 467.0,24.921931 470.79115,17.678595
462.45604,23.953459 456.5,22.756768 451.24467,21.034835
434.50704,19.642458 449.32632,17.816543 462.21432,15.488391
459.09766,11.65517 446.56952,14.148016 439.53503,14.552505
422.46937,19.934259 438.8447,18.211144 444.21623,25.708456
426.86674,17.660472 422.17824,20.49055 409.79451,21.066706
397.00237,29.486571 383.62848,30.74402 367.43238,34.737363
353.8215,45.816283 341.10072,52.91335 334.20805,55.713257
319.80974,59.396355 333.998,61.75 327.85216,66.206153
312.41881,78.073434 313.80943,76.764456 306.71139,82.318501
294.91747,86.899873 296.54836,94.01465 288.03263,100.23046
288.8662,102.67683 281.53121,113.2765 277.39274,122.58076
273.37839,132.28177 270.02934,142.5 268.05303,153.14198
259.81347,159.43259 263.28289,168.04578 253.58748,168.88497
256.10326,187.28283 251.41083,195.27366 247.29238,217.6639
235.87508,238.20751 231.53113,260.32184 228.63791,267.0713
228.11294,276.86806 228.44104,278.0 226.75204,281.80374
227.07523,296.87382 227.09419,307.15818 227.12329,322.11437
227.15239,337.07055 227.18149,352.02674 233.05184,355.42168
226.81204,369.47609 232.08173,378.11578 233.76859,389.53258
232.52865,398.58479 235.60448,405.20196 236.42735,415.79191
231.02644,415.94255 229.20282,420.34278 224.95585,421.60848
228.07638,433.36993 221.00003,437.23207 216.23842,444.2893
213.11678,453.53908 210.00003,450.9593 214.03113,456.20883
204.00373,463.80781 201.88905,472.01141 200.96027,484.00315
200.11446,476.56037 188.20352,480.0 158.46902,480.0
128.73453,480.0 99.00003,480.0 99.00003,480.0
99.0,480.0 99.0,480.0 99.0,480.0
;
635.1415,382.0 635.1415,382.0 637.71313,370.9667
624.04825,369.51529 635.1415,382.0 635.1415,382.0
635.1415,382.0 635.1415,382.0 635.1415,382.0
;
516.0,49.0 516.0,49.0 525.32576,42.365214
507.48874,41.728933 516.0,49.0 516.0,49.0
516.0,49.0 516.0,49.0 516.0,49.0
;
523.0333,48.0 523.0333,48.0 532.96867,49.367588
533.22826,40.225518 519.77543,43.557905 519.15077,45.166692
519.44563,49.901564 523.0333,48.0 523.0333,48.0
523.0333,48.0 523.0333,48.0 523.0333,48.0
;
401.53518,19.0 401.53518,19.0 409.02163,11.690366
390.97631,13.463822 401.53518,19.0 401.53518,19.0
401.53518,19.0 401.53518,19.0 401.53518,19.0
;
425.08333,480.0 425.08333,480.0 351.72222,480.0
278.36111,480.0 205.0,480.0 210.58722,473.58683
209.55458,466.62893 213.0,460.06131 217.84191,452.42282
228.55483,438.79127 219.00983,455.96981 207.5247,472.55571
214.85145,462.16092 221.62792,463.21163 228.22892,458.15472
227.80315,453.09329 226.87523,454.55938 229.71287,453.3926
231.36465,462.00755 235.47062,446.95246 228.19723,452.45856
231.61328,448.68547 226.0,443.44501 234.85768,430.421
239.49644,415.32028 244.0515,401.04748 242.44709,383.70882
239.44227,366.1557 235.87362,349.40799 236.66146,335.32445
235.06022,316.73587 236.44022,301.9034 236.57919,293.27363
236.97948,279.50593 240.99992,275.92963 239.72465,288.89766
251.39872,262.044 241.59956,268.8876 247.51835,264.2881
244.32601,256.71724 249.5,254.04447 253.4607,251.79884
258.32522,232.37953 250.0,242.00007 246.09687,242.36447
251.89123,235.65019 255.14517,231.89246 252.14496,221.86935
264.93384,212.27244 262.95761,204.0 268.90759,197.58183
267.92069,190.39703 271.75153,183.42814 275.82282,175.04843
276.18646,166.26143 280.81877,158.50084 283.08784,146.14991
289.42513,134.45528 293.0,123.75511 294.85888,127.78815
298.04029,110.76791 306.16748,105.18437 314.20472,93.72721
324.88896,83.086602 334.74624,71.454853 353.58225,52.914595
377.40471,38.872397 403.5,33.726777 410.64844,30.116519
416.41647,31.897461 425.44885,30.460328 440.26593,30.833241
453.65444,33.839484 467.93654,37.297561 481.23345,34.877165
468.08709,36.682133 476.83159,42.318841 485.98095,45.927132
488.60251,55.772674 499.0,57.216816 498.81684,57.299416
521.49137,61.047068 521.06396,66.422935 522.01281,72.845795
530.2813,81.420542 538.10404,77.0 540.58822,86.456929
543.94555,88.816165 550.77639,98.923187 556.21881,106.60721
559.44037,116.39948 566.5,119.5 569.0198,125.38997
555.07948,118.06736 565.0,125.5 569.66548,123.15675
565.98677,137.19115 572.6,142.0 574.98433,138.22053
581.7631,159.06412 575.90387,155.44059 578.58662,156.0014
582.88931,168.34602 584.6933,177.29335 590.96376,182.97393
594.22605,191.20076 591.03468,197.21611 593.79475,199.98516
598.8355,205.04408 599.0,212.8698 601.98277,225.16977
588.10031,215.7145 596.25182,210.76991 591.36927,205.82555
592.00504,193.68212 586.21604,192.5 586.92808,202.24754
593.66663,212.1559 589.77895,215.78412 595.4923,223.50446
600.64188,230.47978 599.79292,242.34101 601.20952,247.64434
603.26912,263.96182 598.84629,253.18081 590.85869,238.41754
596.42107,254.29887 598.21236,261.35754 604.4128,260.36607
600.29093,271.87577 603.20026,282.55948 608.22426,290.32187
604.08599,298.58593 605.78505,309.27717 606.14502,318.48871
604.42865,333.27034 609.72662,337.93665 606.86347,349.00945
613.88441,361.66274 611.37179,371.77109 610.4172,379.27757
614.20705,389.0247 616.00002,397.88197 617.75844,405.29601
621.5469,416.36112 623.58562,425.36658 626.40798,435.30455
629.71862,441.88134 631.13185,451.15315 631.27773,462.18714
646.34385,467.2683 639.9999,475.51329 653.20033,482.2124
628.6116,479.52396 621.65495,479.99951 556.13127,479.99984
490.606,479.99886 425.08333,480.0 425.08333,480.0
425.08333,480.0 425.08333,480.0 425.08333,480.0
;
222.09409,470.0 222.09409,470.0 238.05503,456.04728
213.03698,466.68149 222.09409,470.0 222.09409,470.0
222.09409,470.0 222.09409,470.0 222.09409,470.0
;
406.5,456.6701 406.5,456.6701 413.69313,453.12303
390.38514,451.45193 385.89159,447.19965 371.52714,438.14388
362.19328,422.79864 351.69052,409.95445 343.81236,403.52809
347.3033,385.66491 338.2347,384.9508 335.02839,377.0312
329.7977,367.48926 325.64659,359.75 330.41058,354.82804
320.99464,343.53891 322.7193,333.60916 320.0648,317.65454
321.9115,301.54719 320.07619,285.52888 313.78774,284.41284
325.55478,259.41387 317.29365,270.88369 314.42858,287.85102
314.43943,260.47354 319.42993,255.53235 323.40309,239.31499
309.70198,263.09311 311.69321,269.98181 309.36832,302.41732
313.99701,335.22823 322.65809,366.50003 334.52909,373.82772
321.98594,375.47547 325.90758,387.60481 331.63988,404.71029
334.78333,391.92715 328.00439,381.50003 336.50705,395.30532
330.42468,377.99626 338.42906,392.79339 340.94333,397.98314
347.55823,409.74767 352.27951,417.66425 358.80723,425.38401
363.74088,433.58356 366.465,438.71458 375.1033,441.94607
377.51324,449.59013 389.13627,453.18932 394.99918,453.92126
400.60739,457.01229 406.5,456.6701 406.5,456.6701
406.5,456.6701 406.5,456.6701 406.5,456.6701
;
479.86961,446.0 479.86961,446.0 497.90756,437.75454
514.29562,424.80611 529.77266,412.14353 539.42526,400.73415
545.81887,388.6116 551.75166,374.87516 556.19746,368.4436
554.94211,357.05744 560.16104,351.35554 570.60397,336.43737
556.95433,350.06787 558.32097,346.0 559.26088,330.24061
562.58466,316.03572 566.53173,300.97888 570.94137,280.47409
570.07374,258.73316 567.71921,238.0 564.70286,217.48746
560.25128,196.93281 552.32056,177.92126 546.922,169.11671
546.76781,164.30885 543.24683,155.56351 543.69701,150.28922
537.28835,130.81531 536.5674,140.0 541.72384,153.71351
536.82417,151.07924 533.70799,141.00855 532.71485,131.13615
526.75301,131.64792 526.49997,140.93895 529.8028,149.54433
533.02183,158.39503 536.99997,167.24423 538.9051,177.1701
543.26421,187.39981 545.97108,197.49998 542.06685,187.30879
532.44127,186.14646 524.46474,181.73485 516.77014,172.86801
509.15257,180.55275 508.82015,179.64808 502.46957,175.61794
497.20562,182.53744 489.99997,178.49989 487.14339,180.41061
465.45234,181.81284 464.21787,189.1999 458.51413,204.43536
479.34288,189.1449 468.12287,192.60685 460.78735,195.44637
480.37772,184.78724 486.59996,188.9999 494.69846,184.03596
466.24784,200.6061 485.37401,192.41441 489.40998,185.84784
502.19309,185.06114 506.99996,191.9999 494.75416,191.56561
500.82172,196.39693 486.1863,195.28532 469.77032,199.31666
491.76043,198.15409 495.99996,200.27821 501.56175,200.53551
523.67164,195.46395 516.58515,198.69046 503.66204,199.90845
514.39906,206.55857 520.68575,204.05473 533.19049,203.57243
541.44902,205.41303 525.99996,207.88857 538.46658,213.63645
538.87928,207.95487 544.43344,208.86088 550.26805,213.20839
553.55637,226.00991 551.07396,208.58165 546.97216,189.24608
554.19377,211.44958 554.72083,219.32437 556.36275,229.698
562.08485,238.8601 560.73165,249.66084 567.91189,259.14771
563.47078,271.95113 560.99989,280.50885 567.66206,278.39688
561.20635,288.24898 562.92928,295.26258 558.08889,303.5172
558.78469,314.18233 556.14221,323.69931 551.31339,344.67731
551.6723,367.48131 539.65544,386.49986 532.38187,402.71995
519.37232,415.30518 506.22031,426.02167 500.84042,427.61455
491.16089,435.49567 484.09,442.17815 482.68857,442.85432
476.3498,444.31913 479.86961,445.99998 479.86961,445.99998
479.86961,446.0 479.86961,446.0 479.86961,446.0
;
521.68294,195.56817 521.68294,195.56817 508.63702,192.88207
510.1326,196.02321 504.85298,185.68804 504.74399,185.07417
511.18703,185.41081 515.29592,184.37075 517.58955,189.75668
538.07677,197.13945 521.68294,195.56817 521.68294,195.56817
521.68294,195.56817 521.68294,195.56817 521.68294,195.56817
;
342.01685,413.0 342.01685,413.0 345.43921,408.86135
331.38004,385.73083 336.1637,403.38954 338.30498,406.08412
338.97984,411.8506 342.01685,413.0 342.01685,413.0
342.01685,413.0 342.01685,413.0 342.01685,413.0
;
466.73309,391.0 466.73309,391.0 473.47784,381.07135
456.55338,385.97632 466.73309,391.0 466.73309,391.0
466.73309,391.0 466.73309,391.0 466.73309,391.0
;
463.05902,382.0 463.05902,382.0 468.84349,378.12267
476.28596,376.30855 481.0,375.30998 470.08942,361.59387
492.68544,383.36624 487.41627,371.09817 485.8688,358.43994
467.55235,366.90581 461.92035,357.26506 454.22221,352.96116
447.56628,346.4466 438.38134,346.24141 431.09056,356.77168
432.18567,352.53229 442.26563,351.89391 448.39027,353.28593
468.64307,365.31471 451.92963,363.99995 438.40349,356.6687
435.45829,368.06184 445.60121,365.71974 434.57229,368.45563
431.78703,362.58516 418.6789,363.20563 405.50124,357.86967
402.78138,363.824 395.40542,366.00002 388.02313,362.08488
394.20112,355.73127 403.0,352.99998 403.83214,345.6417
426.38947,360.78716 421.19339,352.19848 411.2501,349.96912
404.99568,342.13007 396.60826,351.32583 387.41197,355.51981
383.52936,363.34833 373.34416,362.98407 362.06946,375.27383
374.01419,371.18055 382.6,367.99966 388.74046,368.84282
383.044,373.1567 376.0,371.09894 379.49541,380.07943
388.70978,372.44693 387.78602,375.99966 393.20946,374.37979
403.05678,364.30325 397.61456,372.3851 400.16192,383.26314
400.16787,374.17311 405.0,371.99966 397.6404,369.63431
423.88443,372.42254 430.50858,371.44081 443.68286,371.46481
447.09905,374.99039 461.43199,371.44981 477.87218,371.64377
452.5158,380.34198 463.05902,381.99983 463.05902,381.99983
463.05902,382.0 463.05902,382.0 463.05902,382.0
;
339.92709,380.54506 339.92709,380.54506 341.69818,372.18543
334.9655,362.83799 333.88808,353.87064 329.70705,357.53829
337.5143,376.8491 339.92709,380.54506 339.92709,380.54506
339.92709,380.54506 339.92709,380.54506 339.92709,380.54506
;
280.05902,361.0 280.05902,361.0 285.57786,349.62289
273.41274,354.39519 280.05902,361.0 280.05902,361.0
280.05902,361.0 280.05902,361.0 280.05902,361.0
;
383.68555,355.0 383.68555,355.0 396.62066,347.5773
382.11594,346.41712 383.68555,355.0 383.68555,355.0
383.68555,355.0 383.68555,355.0 383.68555,355.0
;
241.05941,353.0 241.05941,353.0 253.00188,346.38538
232.83318,336.37076 241.05941,353.0 241.05941,353.0
241.05941,353.0 241.05941,353.0 241.05941,353.0
;
328.67777,338.0 328.67777,338.0 334.0282,334.83174
323.37239,309.68026 325.93644,328.5 327.32791,330.84217
325.01135,338.38581 328.67777,338.0 328.67777,338.0
328.67777,338.0 328.67777,338.0 328.67777,338.0
;
412.31817,319.17285 412.31817,319.17285 414.59601,313.74645
427.96998,320.89057 412.91774,309.71893 403.93321,297.91879
394.54522,321.36376 393.0,307.59569 390.00945,300.57394
402.59529,282.65603 389.5,286.25822 383.81559,292.87159
398.09424,293.6613 386.47011,293.0 384.53973,298.96161
387.21078,310.86638 394.19497,316.67099 401.75935,319.95639
403.50229,315.12999 412.31817,319.17285 412.31817,319.17285
412.31817,319.17285 412.31817,319.17285 412.31817,319.17285
;
444.0,319.0 444.0,319.0 448.46213,316.32137
461.06831,320.52213 462.56769,307.83467 465.93634,299.8987
457.31909,283.02598 452.63482,284.62503 452.47043,292.71934
447.48975,288.64423 455.90611,300.63176 459.5019,316.81158
453.12185,310.16557 443.24103,306.35696 431.46438,302.1996
429.60009,320.45995 443.9186,319.0 443.9186,319.0
444.0,319.0 444.0,319.0 444.0,319.0
;
327.00053,317.49967 327.00053,317.49967 331.54444,304.47324
320.47166,305.07839 327.00053,317.49967 327.00053,317.49967
327.00053,317.49967 327.00053,317.49967 327.00053,317.49967
;
583.99813,309.50116 583.99813,309.50116 588.95511,299.19493
574.44108,300.49856 583.99813,309.50116 583.99813,309.50116
583.99813,309.50116 583.99813,309.50116 583.99813,309.50116
;
304.94098,303.0 304.94098,303.0 316.02279,297.6782
297.44249,298.33104 304.94098,303.0 304.94098,303.0
304.94098,303.0 304.94098,303.0 304.94098,303.0
;
554.74698,297.81021 554.74698,297.81021 563.80935,288.71249
544.17157,292.15197 554.74698,297.81021 554.74698,297.81021
554.74698,297.81021 554.74698,297.81021 554.74698,297.81021
;
289.89719,291.0 289.89719,291.0 299.59606,290.51409
288.88869,273.73077 290.0,285.6 287.45519,286.47583
287.18024,290.83547 289.89719,291.0 289.89719,291.0
289.89719,291.0 289.89719,291.0 289.89719,291.0
;
326.25,283.75 326.25,283.75 332.20104,270.79771
320.82615,270.43642 325.0,280.16667 325.73482,280.91774
323.51425,285.77629 326.25,283.75 326.25,283.75
326.25,283.75 326.25,283.75 326.25,283.75
;
594.97731,277.7821 594.97731,277.7821 599.85763,275.92339
589.66851,253.65628 591.47309,268.85407 592.44129,270.93639
590.64669,281.65404 594.97731,277.7821 594.97731,277.7821
594.97731,277.7821 594.97731,277.7821 594.97731,277.7821
;
585.19816,266.01767 585.19816,266.01767 589.33515,255.48964
581.14635,242.16546 580.5,230.67542 575.01089,236.32746
581.62353,244.85782 573.7756,231.75853 574.64304,242.69947
576.50045,253.85183 579.82871,264.16204 592.8017,255.10914
575.03298,271.8372 585.19816,266.01767 585.19816,266.01767
585.19816,266.01767 585.19816,266.01767 585.19816,266.01767
;
476.25,254.95837 476.25,254.95837 483.5807,253.35764
483.87108,254.6105 473.34483,247.68141 461.26351,238.71452
471.3558,254.20417 476.25,254.95837 476.25,254.95837
476.25,254.95837 476.25,254.95837 476.25,254.95837
;
590.57946,255.0 590.57946,255.0 596.42699,248.17599
581.72472,242.5694 590.57946,255.0 590.57946,255.0
590.57946,255.0 590.57946,255.0 590.57946,255.0
;
513.5,243.45006 513.5,243.45006 524.82264,242.85554
536.04351,243.7234 545.0,236.62388 545.704,222.51839
527.53279,222.20136 517.0711,221.07488 498.37983,217.90228
476.92197,219.73844 464.0,235.27273 462.20622,249.8943
476.73423,233.85685 485.22733,239.58691 494.62539,244.3048
503.09269,244.4276 513.5,243.45006 513.5,243.45006
513.5,243.45006 513.5,243.45006 513.5,243.45006
;
481.55,235.96959 481.55,235.96959 482.84894,229.81439
497.24344,229.04616 506.04883,231.50001 497.53738,239.89711
499.25306,231.90892 488.50088,235.02529 484.71927,232.92379
484.45204,234.98929 481.55,235.96959 481.55,235.96959
481.55,235.96959 481.55,235.96959 481.55,235.96959
;
517.48885,235.72933 517.48885,235.72933 504.24267,234.85313
512.36488,228.43911 523.1423,233.15459 527.25831,236.75886
519.59894,235.4568 517.48885,235.72933 517.48885,235.72933
517.48885,235.72933 517.48885,235.72933 517.48885,235.72933
;
473.25,234.90395 473.25,234.90395 468.94036,235.03028
480.48301,226.74271 486.98057,223.99169 498.73393,221.43463
510.52081,226.03155 492.43586,224.99994 482.536,224.38103
479.30604,233.51246 473.25,234.90395 473.25,234.90395
473.25,234.90395 473.25,234.90395 473.25,234.90395
;
597.0,244.0 597.0,244.0 601.85736,234.05671
593.05966,223.80738 595.59352,241.03023 596.41961,241.36269
594.93353,244.93665 597.0,244.0 597.0,244.0
597.0,244.0 597.0,244.0 597.0,244.0
;
357.5,242.54063 357.5,242.54063 370.00916,240.84212
382.75611,235.8444 395.0,241.00001 395.96271,230.92193
385.87082,225.21476 377.83629,221.56238 365.96895,217.42934
349.87307,214.74695 339.19439,220.91684 344.26209,224.23081
352.95506,219.33652 363.94949,220.98024 379.83448,224.21172
379.07394,227.05477 363.33252,223.40345 351.8644,222.83292
339.71295,223.58839 328.80619,227.50003 335.82372,232.1743
350.66529,228.2114 360.73063,229.5212 374.67752,226.77825
376.82352,236.59302 366.00003,231.00003 373.63265,238.97986
352.53297,232.87051 345.29079,234.93374 329.68743,233.50042
331.52771,245.39162 346.5,241.87581 350.16757,242.62756
353.76691,243.11937 357.5,242.54065 357.5,242.54065
357.5,242.54063 357.5,242.54063 357.5,242.54063
;
385.48978,233.94057 385.48978,233.94057 373.50925,229.48945
388.78539,229.06954 385.48978,233.94064 385.48978,233.94064
385.48978,233.94057 385.48978,233.94057 385.48978,233.94057
;
455.09483,243.0 455.09483,243.0 460.39527,240.83587
458.16908,213.60577 455.09983,230.5 455.75528,233.7903
452.75603,241.37685 455.09483,243.0 455.09483,243.0
455.09483,243.0 455.09483,243.0 455.09483,243.0
;
334.5,220.0 334.5,220.0 338.21342,213.48061
338.84458,208.68072 340.97637,203.52139 347.87221,194.61758
343.73037,189.39365 337.91859,202.50474 333.17837,207.44943
328.71325,211.46538 333.0,216.0 341.63138,202.1166
329.57709,216.93759 334.5,220.0 334.5,220.0
334.5,220.0 334.5,220.0 334.5,220.0
;
346.82492,212.0 346.82492,212.0 354.21889,206.86161
355.18713,191.30501 362.8618,197.03262 368.07269,196.66396
381.98403,198.35818 386.63287,200.70046 388.85945,190.46561
367.38926,198.57257 374.0,192.14218 365.22529,193.41945
351.88683,188.86771 346.0,191.36829 358.00898,192.1019
351.70042,200.70799 347.25806,208.50005 347.76821,209.23188
343.94131,212.84491 346.82492,212.0 346.82492,212.0
346.82492,212.0 346.82492,212.0 346.82492,212.0
;
571.37732,210.68326 571.37732,210.68326 575.00863,198.66255
563.68838,203.18523 571.37732,210.68326 571.37732,210.68326
571.37732,210.68326 571.37732,210.68326 571.37732,210.68326
;
392.75,199.96858 392.75,199.96858 396.82459,193.36083
380.80561,193.462 392.75,199.96858 392.75,199.96858
392.75,199.96858 392.75,199.96858 392.75,199.96858
;
566.04679,200.0 566.04679,200.0 568.66608,189.1528
555.65464,185.74898 565.09355,200.0 565.09355,200.0
566.04675,200.0 566.04675,200.0 566.04675,200.0
566.04679,200.0 566.04679,200.0 566.04679,200.0
;
449.37732,198.68968 449.37732,198.68968 456.11053,191.86733
443.70701,188.34027 448.25464,199.08178 448.25464,199.08178
449.37731,198.68968 449.37731,198.68968 449.37731,198.68968
449.37732,198.68968 449.37732,198.68968 449.37732,198.68968
;
411.28,197.12 411.28,197.12 411.45771,189.58704
397.38415,190.91406 392.2133,185.42192 384.84696,181.67527
380.57049,180.51714 370.65992,179.3004 370.93482,165.86261
384.02732,154.18602 390.75857,142.19946 405.56425,120.10512
426.03118,102.85393 446.17387,86.085572 438.98777,85.418805
430.03084,95.59032 422.96806,100.31369 400.22603,119.79774
382.82861,144.81042 368.5,170.95066 371.66998,178.8294
353.59544,181.25148 365.75723,182.91163 375.46625,184.59102
383.48569,188.66574 393.0,192.13478 392.35437,187.54172
410.19646,197.28367 411.28,197.12 411.28,197.12
411.28,197.12 411.28,197.12 411.28,197.12
;
456.75,192.9684 456.75,192.9684 469.50763,182.75126
455.98252,188.21892 455.71025,187.0 449.49268,183.9048
454.8833,190.93901 456.75,192.9684 456.75,192.9684
456.75,192.9684 456.75,192.9684 456.75,192.9684
;
576.21924,180.0 576.21924,180.0 580.96581,170.96321
567.70421,168.54905 576.21924,180.0 576.21924,180.0
576.21924,180.0 576.21924,180.0 576.21924,180.0
;
353.81479,178.0 353.81479,178.0 364.84502,165.74693
351.15724,167.25769 353.81479,178.0 353.81479,178.0
353.81479,178.0 353.81479,178.0 353.81479,178.0
;
529.09597,121.0 529.09597,121.0 531.88827,113.44935
518.98702,109.60701 528.30998,121.0 528.30998,121.0
529.09597,121.0 529.09597,121.0 529.09597,121.0
;
520.03222,119.0 520.03222,119.0 528.37839,111.75547
514.57494,111.07455 520.03222,119.0 520.03222,119.0
520.03222,119.0 520.03222,119.0 520.03222,119.0
;
516.22076,96.0 516.22076,96.0 515.42594,87.362485
502.91336,89.424772 515.44155,96.0 515.44155,96.0
516.22079,96.0 516.22079,96.0 516.22079,96.0
516.22076,96.0 516.22076,96.0 516.22076,96.0
;
508.54181,88.0 508.54181,88.0 521.23449,84.099793
498.83074,71.188897 500.11803,79.0 488.82078,81.344779
513.04711,79.61561 508.54181,88.0 508.54181,88.0
508.54181,88.0 508.54181,88.0 508.54181,88.0
;
492.78348,75.778904 492.78348,75.778904 498.30094,71.346433
480.93715,70.956408 491.46132,76.057807 491.46132,76.057807
492.78348,75.778904 492.78348,75.778904 492.78348,75.778904
;
514.65499,69.0 514.65499,69.0 519.45477,65.210184
504.39996,61.784126 513.30998,69.0 513.30998,69.0
514.65499,69.0 514.65499,69.0 514.65499,69.0
;
661.27032,479.94755 661.27032,479.94755 650.91012,476.51289
650.75587,458.53011 660.0,475.58103 659.58392,478.26923
668.43613,480.60041 661.27032,479.94755 661.27032,479.94755
661.27032,479.94755 661.27032,479.94755 661.27032,479.94755
;
643.11641,459.42806 643.11641,459.42806 637.67073,455.48711
633.00265,446.57569 631.19339,437.544 634.13952,445.6189
640.81689,452.76936 643.11641,459.42806 643.11641,459.42806
643.11641,459.42806 643.11641,459.42806 643.11641,459.42806
;
641.49881,445.0 641.49881,445.0 635.08709,439.83034
630.52341,424.71121 638.73599,438.96905 639.36371,440.69013
641.90965,443.95631 641.49881,445.0 641.49881,445.0
641.49881,445.0 641.49881,445.0 641.49881,445.0
;
630.9115,430.55469 630.9115,430.55469 626.55121,422.8938
624.32503,409.72772 630.6615,426.74568 630.12438,427.79812
633.36589,430.17353 630.9115,430.55469 630.9115,430.55469
630.9115,430.55469 630.9115,430.55469 630.9115,430.55469
;
625.68128,413.30544 625.68128,413.30544 619.80891,410.18656
623.28898,392.86043 619.0,391.21201 616.35788,373.35901
619.28792,382.20564 622.81449,394.3164 623.07725,400.79232
624.2134,407.62702 625.68128,413.30544 625.68128,413.30544
625.68128,413.30544 625.68128,413.30544 625.68128,413.30544
;
274.2485,140.0 274.2485,140.0 273.61447,130.18743
283.93467,124.93275 274.78429,139.5 274.78429,139.5
274.2485,140.0 274.2485,140.0 274.2485,140.0
;
