427.0,480.0 427.0,480.0 284.66667,480.0
142.33333,480.0 0.0,480.0 0.0,320.0
0.0,160.0 0.0,0.0 284.66667,0.0
569.33333,0.0 854.0,0.0 854.0,160.0
854.0,320.0 854.0,480.0 711.66667,480.0
569.33333,480.0 427.0,480.0 427.0,480.0
427.0,480.0 427.0,480.0 427.0,480.0
;
183.95785,479.0 183.95785,479.0 190.86583,474.5313
185.67378,476.01274 191.98885,466.5 194.26119,457.24332
196.53833,445.53734 202.48122,438.36916 200.11599,433.25942
210.86058,424.90964 206.11934,430.5 205.3543,423.62907
204.58377,406.64575 208.00088,406.97793 203.67284,398.79049
206.25208,388.14358 209.35962,377.95482 210.10739,370.9719
214.87945,358.14309 207.00091,361.12244 201.0994,357.8573
208.1645,343.70413 206.06209,335.5 204.76293,313.47885
209.40958,346.46505 210.69706,326.5 212.38629,315.99331
214.47043,314.27074 215.91264,302.5 215.57842,299.47371
211.79263,288.41959 216.01234,293.0 221.57606,286.6945
220.08799,279.42115 221.99994,270.14286 227.32075,259.61001
227.30625,259.43461 231.99994,247.87489 226.18626,250.35618
233.84148,241.14938 237.2169,233.16033 241.69866,222.58888
244.06661,216.9655 247.09391,206.23166 248.78965,199.13916
249.82777,193.21567 253.08316,183.3571 257.94538,171.1898
249.88806,178.54846 258.35752,164.64605 261.81438,153.56173
264.23513,147.95381 267.82908,137.5 274.74564,120.40486
281.25272,105.16401 292.00046,90.522874 296.62275,75.067059
310.03587,63.361409 321.6557,52.171227 329.20272,42.533963
340.25958,40.340942 347.31549,32.434589 359.97749,26.739996
375.4424,24.185055 388.9859,19.0 403.52145,14.641261
391.85084,19.238108 399.14252,19.12311 405.47093,14.594292
418.02892,16.752825 428.38405,17.509349 437.59976,21.414535
441.42046,17.272 450.64677,22.204365 456.56054,33.035134
457.15475,27.364927 455.67048,24.0 463.39415,31.237819
465.90852,35.04623 475.82692,37.940561 476.41007,32.522463
477.07983,42.763208 486.5,38.494252 483.74681,40.885101
497.48431,44.523414 502.63291,48.587371 508.11955,52.770384
514.75089,60.719698 521.19159,66.388303 533.26091,77.458117
539.26543,90.91088 546.84292,105.55361 552.40448,119.82904
558.72298,133.92538 562.33384,148.79237 569.75181,156.499
561.41755,151.91113 566.28072,163.03706 566.87613,177.01035
569.38483,177.608 574.0,176.88197 567.40627,181.12696
572.37245,186.06623 573.0,189.0 569.17981,188.75386
583.3999,211.29048 576.00003,210.88197 577.80599,220.14388
579.87279,213.51115 582.18692,230.43796 584.2637,241.05153
586.33969,254.46227 579.96995,241.5 581.49136,246.50405
585.63041,274.07101 585.91068,265.875 588.70556,260.92688
582.10626,251.15223 585.23671,257.5 587.92102,246.11959
587.65266,267.47277 589.22122,270.45637 588.87897,279.05302
592.42562,284.0535 592.32269,297.32629 594.71635,317.14601
592.28079,337.50471 593.13163,357.0 596.99536,346.94162
592.86758,365.22676 593.67739,373.33624 592.05771,392.94135
602.23398,412.11207 610.46907,427.5 612.88963,431.75594
602.89733,428.79353 613.52092,432.82239 615.27011,447.11031
632.25799,452.14675 639.67723,460.6561 644.42978,469.37069
656.54969,472.2906 665.90836,476.01344 675.25467,482.00884
692.4876,479.25155 673.87471,473.00002 663.31725,467.52823
653.46558,462.9363 642.5,458.3771 636.21775,453.13592
633.38864,447.4147 629.04888,441.96505 627.09305,443.40349
635.97284,450.74735 627.58139,446.08986 614.62438,441.63756
625.55341,436.69637 621.0,441.0313 628.70898,443.47148
629.40862,435.14341 622.08797,437.88071 616.41295,434.69755
617.58156,426.69408 610.80317,419.84382 616.58735,410.62722
608.02511,419.03301 607.27955,406.65717 605.45505,400.4906
603.01348,401.62238 602.13747,392.0 601.37082,386.88341
606.68868,392.38698 602.87304,381.25 600.88621,375.81695
596.29685,368.78287 597.72477,368.38755 601.71355,374.18812
595.69159,349.34095 599.97953,352.58141 598.70818,343.01474
603.55274,333.97371 602.78208,324.5 600.48686,344.08692
598.78394,327.53277 601.98567,322.27388 599.97223,300.05295
603.3331,331.34703 604.17754,319.56952 610.07456,308.49369
599.43444,303.43906 602.69256,301.42519 609.30252,311.0295
604.46258,275.78094 605.46981,296.20672 604.76541,305.03172
600.15424,287.26329 603.92076,292.54165 603.13279,286.55948
600.92092,280.778 601.99991,275.83333 605.02365,254.7541
601.54093,280.41239 603.99988,278.15873 604.61056,263.95754
605.11311,280.51203 611.94124,274.9182 617.66968,283.23936
611.71699,270.23555 610.10827,270.12403 609.30104,263.93541
611.37942,240.41173 608.84141,244.5 602.60381,247.34551
608.5984,256.60151 604.84542,257.45387 596.6019,253.36606
610.6459,266.73448 601.126,259.80408 598.01479,274.66598
599.35459,256.28537 596.74262,249.41942 594.16307,242.84796
594.80363,234.91482 596.0,225.28168 598.08391,217.87493
597.33118,205.85248 593.78034,223.49017 582.22743,218.69642
597.26629,222.19119 594.96931,212.5 590.39796,213.79224
589.91299,213.59323 595.00001,206.14769 598.47017,204.05953
593.10791,187.34713 594.1038,190.46812 594.75095,197.74711
593.44387,214.03544 592.85325,196.0 595.03878,207.89194
585.91122,206.96903 589.96938,206.5 583.5729,197.16158
595.16158,196.28729 587.39832,195.04759 589.9964,188.23932
590.11407,190.29049 593.00741,186.12257 594.34879,198.62995
592.1866,174.9693 589.9254,169.9727 590.42829,155.14664
584.04084,173.06882 582.0001,165.16357 589.42395,163.80625
578.30866,150.44718 581.09273,147.1325 575.56465,147.44411
577.54635,131.36873 572.17386,126.98941 571.1843,115.53356
572.85012,111.21252 571.40243,104.13405 569.22298,112.14014
569.81971,106.74076 563.89618,102.97709 563.35003,87.439721
558.0496,97.214161 558.53059,91.552438 555.86036,85.682509
548.64313,72.68893 547.35656,72.0 546.58277,76.135578
546.33465,60.490372 540.66308,56.019305 529.51126,41.163994
549.42912,70.54683 534.84639,57.198014 521.85906,45.741589
542.05415,60.184444 531.60979,50.59624 527.88832,52.100846
523.06228,44.273866 525.10475,42.401995 516.41854,39.665884
525.64982,47.616285 511.15433,37.702811 503.56247,32.087493
502.58065,48.04176 502.6933,34.878127 521.57973,37.269442
509.22118,33.401284 512.41594,32.755109 522.55429,34.855243
498.49663,26.9351 493.68466,28.58756 484.85652,26.924521
476.19541,28.236433 470.94098,22.0 471.52816,30.533348
453.98811,9.4511444 459.36454,18.433608 464.15751,26.603497
450.46613,12.87777 443.76379,13.820796 445.22806,9.641811
431.93152,10.474191 424.88197,7.0 422.42672,11.875317
404.94083,6.5695159 396.91712,11.053528 385.92657,13.376112
379.23517,14.27077 372.67169,16.814543 368.8833,9.6251557
372.75729,15.157967 367.05625,18.971305 358.6488,21.477524
349.90032,27.453021 342.58471,29.394132 333.17584,34.866546
328.78164,25.68665 332.37975,33.020246 319.55471,40.821343
306.59729,50.973465 297.0,61.817131 302.32198,52.966103
288.13632,67.077651 284.5,74.298597 279.48064,78.970193
269.64534,93.073995 278.62666,84.277494 287.79392,69.916576
288.50295,74.44982 283.83448,88.873709 279.33287,76.004609
279.98551,94.471974 272.30402,99.397303 272.94544,104.7725
282.01239,89.88584 274.93226,103.65989 276.44816,108.18414
269.07011,105.38006 274.43311,109.85114 269.56123,121.86966
271.93405,109.22078 265.75,121.74999 263.52305,134.80342
261.09347,110.32959 263.58848,130.49999 256.22307,131.04954
263.76077,130.36134 259.4635,140.38784 252.72389,147.24606
262.7894,151.4513 255.53542,162.99999 250.70365,173.26872
261.65607,137.51933 255.16659,154.32736 249.95171,170.90384
246.86447,188.22727 238.05306,203.64966 236.12194,210.25683
235.96311,217.1322 231.49068,227.66914 227.64008,228.81935
230.58617,248.08239 224.96045,248.97196 224.88285,250.74905
223.53269,252.92433 219.56806,264.02128 213.27963,272.3626
216.81032,282.36984 209.49413,289.89284 212.26007,289.24449
210.57878,297.42484 204.72796,306.06241 210.4583,302.5554
202.65082,319.70584 202.12804,326.45929 202.77124,338.34002
201.41443,345.57177 198.38484,356.34109 193.2032,369.35374
200.56898,382.0666 198.95192,395.147 201.45975,393.03073
204.12099,408.50775 197.51952,414.13954 203.31197,420.59021
195.51768,416.32422 200.18659,422.11281 198.12907,435.20442
193.49402,449.57316 179.49881,453.98013 187.4276,457.06697
196.2358,439.76136 190.65692,452.85793 186.67352,455.13445
187.11623,468.72897 185.46138,467.99996 186.31273,471.89289
174.43984,481.35387 183.95785,479.0 183.95785,479.0
183.95785,479.0 183.95785,479.0 183.95785,479.0
;
597.32506,321.5 597.32506,321.5 593.6422,336.65657
599.58025,298.32063 597.32506,321.5 597.32506,321.5
597.32506,321.5 597.32506,321.5 597.32506,321.5
;
567.5879,116.0 567.5879,116.0 562.65567,107.89031
566.06037,98.62097 567.81594,113.68603 566.14771,113.09361
569.4731,116.77825 567.5879,116.0 567.5879,116.0
567.5879,116.0 567.5879,116.0 567.5879,116.0
;
551.91667,97.984687 551.91667,97.984687 539.52965,91.390473
558.01095,91.02419 551.75511,94.0 555.10924,92.420182
549.96807,98.337833 551.91667,97.984687 551.91667,97.984687
551.91667,97.984687 551.91667,97.984687 551.91667,97.984687
;
548.75397,90.566458 548.75397,90.566458 547.06728,89.017083
541.11914,76.591072 549.11803,82.0 546.69182,84.515162
551.92128,84.135162 548.75397,90.566458 548.75397,90.566458
548.75397,90.566458 548.75397,90.566458 548.75397,90.566458
;
542.61803,81.0 542.61803,81.0 543.05199,75.086734
544.08347,74.235909 536.48106,73.979068 535.27745,66.228434
538.79563,64.472805 539.19889,72.0 544.82337,65.383471
549.06167,80.3441 543.11803,81.0 543.11803,81.0
542.61803,81.0 542.61803,81.0 542.61803,81.0
;
292.77855,76.0 292.77855,76.0 294.10663,71.032859
296.97709,66.700651 305.78991,58.070084 317.29167,49.470637
304.39646,62.864222 300.18354,69.022452 297.62957,70.950674
295.91413,75.468758 292.77855,76.0 292.77855,76.0
292.77855,76.0 292.77855,76.0 292.77855,76.0
;
287.77692,73.0 287.77692,73.0 292.2574,65.358558
295.94315,62.520415 294.5,70.383917 290.95861,66.457068
290.9476,73.227463 287.77692,73.0 287.77692,73.0
287.77692,73.0 287.77692,73.0 287.77692,73.0
;
527.6621,56.666667 527.6621,56.666667 509.68036,49.859202
538.3528,55.812624 527.6621,56.666667 527.6621,56.666667
527.6621,56.666667 527.6621,56.666667 527.6621,56.666667
;
319.06756,48.0 319.06756,48.0 313.36964,44.668783
336.1357,33.034615 322.5,44.803281 321.13945,45.410486
320.96998,48.52768 319.06756,48.0 319.06756,48.0
319.06756,48.0 319.06756,48.0 319.06756,48.0
;
515.78624,45.696896 515.78624,45.696896 507.11841,44.204071
509.2016,38.003528 514.16098,43.253531 521.07309,43.685488
517.21065,45.249681 515.78624,45.696896 515.78624,45.696896
515.78624,45.696896 515.78624,45.696896 515.78624,45.696896
;
193.746,478.81372 193.746,478.81372 198.87546,474.56955
202.65987,465.05919 201.34233,457.86914 189.51633,460.56897
204.43979,460.02218 198.5,461.5 198.19901,466.61906
191.21291,470.06379 193.0022,478.90047 193.0022,478.90047
193.746,478.81372 193.746,478.81372 193.746,478.81372
;
325.8477,479.0 325.8477,479.0 331.7431,467.53733
323.44395,468.21492 325.8477,479.0 325.8477,479.0
325.8477,479.0 325.8477,479.0 325.8477,479.0
;
343.69897,478.884 343.69897,478.884 346.37705,471.5363
340.25362,471.26262 342.03684,477.0 336.41812,461.51268
340.66163,474.4875 338.0,477.85335 339.89777,478.27232
341.70177,479.09292 343.69897,478.884 343.69897,478.884
343.69897,478.884 343.69897,478.884 343.69897,478.884
;
354.14547,479.0 354.14547,479.0 355.85564,477.24183
347.59602,463.87468 345.65892,459.6869 341.7348,449.53226
339.21299,446.83203 337.83215,433.58896 333.52184,419.98613
342.73948,409.11982 342.84647,428.76512 350.81585,444.51601
338.48933,415.85201 345.24999,420.38869 352.11482,422.92847
365.423,438.38523 364.54788,436.75 360.90272,424.75802
376.38746,445.0001 382.90068,445.0 381.34316,442.00217
370.95551,436.0637 366.21528,432.58071 342.45457,417.4972
319.63749,397.60983 306.87031,371.01885 307.21459,368.30852
296.91536,354.40514 300.20351,344.63532 300.68516,320.86298
305.24029,298.43504 317.32311,278.04095 323.42952,266.93455
331.89072,256.28843 334.12403,243.84021 339.00226,240.45503
353.36736,245.89084 362.35382,240.53083 366.51145,234.52255
374.76166,236.93246 386.45187,238.49584 388.71828,228.9335
375.77904,222.34404 369.5,217.05289 361.93956,210.9662
344.49567,216.18605 341.45988,211.96231 351.19126,203.50647
348.42879,201.5332 340.51872,209.80144 326.41532,221.17445
364.65884,212.35112 347.09941,217.33182 333.67128,218.39178
331.26268,225.12737 346.74732,220.04732 356.36474,216.51161
366.70932,215.68682 375.0484,223.11267 369.14891,226.79204
361.90449,213.58028 352.75564,220.10086 334.20869,225.73611
362.44606,216.10704 354.93723,225.99997 355.9055,217.33462
374.30946,222.74037 364.07689,234.28139 354.111,242.62021
345.88297,230.92443 342.60273,223.60732 325.66036,231.16852
344.27251,223.23991 340.38349,229.25082 326.58659,234.07488
354.71302,239.94427 339.37925,237.38314 325.89911,233.8648
332.98725,254.93308 325.01547,261.24349 311.56608,279.56699
300.37995,301.03876 299.03844,324.56233 296.83214,330.54617
299.36729,358.63062 295.71734,340.54193 294.69249,322.90426
294.76241,305.43834 300.54573,288.56269 305.06455,277.20863
306.31033,263.12704 312.24261,251.0059 314.53524,246.36189
324.03605,224.52342 315.57994,238.30005 307.01898,252.86373
304.21123,269.86302 299.26648,285.39268 286.13035,324.61736
293.00901,371.4403 323.17322,401.22019 333.11956,408.60923
337.04634,418.52025 335.38176,430.77385 333.8838,448.42606
345.87559,462.87166 351.19942,479.00091 351.19942,479.00091
353.15872,479.00091 353.15872,479.00091 353.15872,479.00091
354.14486,479.00091 354.14486,479.00091 354.14486,479.00091
354.14547,479.0 354.14547,479.0 354.14547,479.0
;
377.85282,235.45251 377.85282,235.45251 370.4284,241.7516
376.82566,225.92846 377.023,225.34397 381.07985,229.60373
390.13893,237.68318 377.85282,235.45251 377.85282,235.45251
377.85282,235.45251 377.85282,235.45251 377.85282,235.45251
;
371.01558,233.28567 371.01558,233.28567 363.64886,230.7887
379.53759,225.50962 371.13561,233.25427 371.13561,233.25427
371.01558,233.28567 371.01558,233.28567 371.01558,233.28567
;
177.89159,471.0 177.89159,471.0 189.22782,461.69496
170.75553,464.38271 177.89159,471.0 177.89159,471.0
177.89159,471.0 177.89159,471.0 177.89159,471.0
;
351.65925,462.9682 351.65925,462.9682 346.91013,459.83922
347.13666,434.1274 345.21156,447.1533 345.94811,452.83997
345.6062,460.14487 351.65925,462.9682 351.65925,462.9682
351.65925,462.9682 351.65925,462.9682 351.65925,462.9682
;
450.5,451.41756 450.5,451.41756 478.99331,448.88581
496.39546,424.20049 515.49278,405.9716 537.82289,381.93467
548.24044,349.79739 550.07851,317.5 557.01417,288.03322
561.19189,257.55433 554.39203,227.62822 550.27062,201.77434
544.53479,175.79313 535.25286,151.5 538.40203,164.03883
537.29238,170.41406 533.03985,154.22447 533.02545,147.4064
528.99254,131.13767 524.99993,137.19774 530.98078,146.20476
529.44856,152.97587 531.81023,161.19825 530.8575,166.30625
539.49063,168.21458 540.78571,179.5 546.75985,213.8612
557.96236,248.24435 552.82518,283.43493 546.72561,310.55439
545.9859,338.95127 536.98557,365.28392 525.95882,395.56552
500.56401,416.97659 477.80952,438.49077 468.12088,445.34968
456.45351,447.92733 445.49986,452.04922 447.16657,451.83867
448.83328,451.62808 450.5,451.41756 450.5,451.41756
450.5,451.41756 450.5,451.41756 450.5,451.41756
;
207.92693,447.0 207.92693,447.0 210.74497,439.88828
213.62044,424.17964 209.0,430.5 212.3374,435.43321
201.79934,438.99953 206.75942,446.39168 206.75942,446.39168
207.30995,447.0 207.30995,447.0 207.30995,447.0
207.9269,447.0 207.9269,447.0 207.9269,447.0
207.92693,447.0 207.92693,447.0 207.92693,447.0
;
616.83704,424.0643 616.83704,424.0643 624.49496,426.44611
617.68837,417.90879 612.09201,418.74132 608.15082,414.89198
620.1242,427.10796 616.83704,424.0643 616.83704,424.0643
616.83704,424.0643 616.83704,424.0643 616.83704,424.0643
;
373.90974,376.0 373.90974,376.0 379.90504,372.87811
384.26504,365.09115 374.9741,368.25 372.61879,369.87161
376.34106,374.27534 373.90974,376.0 373.90974,376.0
373.90974,376.0 373.90974,376.0 373.90974,376.0
;
370.00091,370.31341 370.00091,370.31341 374.69722,360.67041
389.2169,370.57536 391.70223,359.00224 397.18625,355.90241
412.65673,355.6948 409.0407,354.0 406.53356,349.48132
396.67317,356.49314 389.5,358.32096 381.76836,361.32486
361.98424,364.84585 368.16079,372.81558 368.16079,372.81558
369.32158,371.23716 369.32158,371.23716 369.32158,371.23716
370.00091,370.31341 370.00091,370.31341 370.00091,370.31341
;
409.25,373.86382 409.25,373.86382 414.51495,370.69964
422.05039,371.42022 416.78508,367.07277 411.39571,362.43638
388.47881,362.42108 404.43544,366.24494 409.27855,365.25168
388.40495,370.99873 409.25,373.86382 409.25,373.86382
409.25,373.86382 409.25,373.86382 409.25,373.86382
;
425.75929,372.40731 425.75929,372.40731 435.41619,371.36593
445.20791,370.213 454.5,367.28715 443.2421,367.82661
430.52882,368.00335 421.01858,372.77896 422.59882,372.65508
424.17905,372.53119 425.75929,372.40731 425.75929,372.40731
425.75929,372.40731 425.75929,372.40731 425.75929,372.40731
;
425.20029,369.42404 425.20029,369.42404 443.27463,365.67362
462.73167,364.0856 480.71324,365.3799 481.6438,375.87149
483.27928,353.43527 468.3592,361.0 460.63989,362.2158
452.11626,365.34194 440.5287,364.60774 437.37066,365.29609
415.84897,369.40237 425.20029,369.42404 425.20029,369.42404
425.20029,369.42404 425.20029,369.42404 425.20029,369.42404
;
619.03695,368.49638 619.03695,368.49638 617.70088,362.65571
620.00654,337.30901 617.43446,356.68457 614.19003,359.07883
617.76636,344.60127 615.0,341.68402 612.46584,323.91762
617.80369,331.4597 618.62819,344.93873 618.56319,335.31647
618.26732,320.98265 617.96937,309.5 615.02753,316.81359
617.46633,342.09698 614.4921,321.63414 618.48969,309.83271
608.30766,305.84159 614.0,294.6 610.02499,292.84354
613.13249,284.78172 610.02837,279.84976 613.27648,274.86804
605.98961,284.94437 610.58401,297.14377 613.95239,319.82214
612.72794,342.86832 615.3503,365.5 617.79982,350.36255
616.83652,375.33503 619.03695,368.49638 619.03695,368.49638
619.03695,368.49638 619.03695,368.49638 619.03695,368.49638
;
423.0,358.37745 423.0,358.37745 429.89856,360.01805
449.26495,349.43813 436.79446,352.17067 430.79677,356.17076
422.71424,357.57817 416.0,356.0 414.94669,359.64229
421.02779,358.69369 423.0,358.37745 423.0,358.37745
423.0,358.37745 423.0,358.37745 423.0,358.37745
;
404.0,319.93288 404.0,319.93288 420.77903,319.81212
405.92781,304.59843 397.61771,313.68064 394.5584,318.57464
399.9239,319.90746 404.0,319.93288 404.0,319.93288
404.0,319.93288 404.0,319.93288 404.0,319.93288
;
394.21134,319.0 394.21134,319.0 392.81677,316.84665
388.72741,305.53089 388.16274,299.98255 385.49116,306.87915
387.5326,315.8196 394.21134,319.0 394.21134,319.0
394.21134,319.0 394.21134,319.0 394.21134,319.0
;
449.54966,319.0 449.54966,319.0 460.21255,317.08114
462.96731,303.61794 458.03063,295.5 461.71716,306.07695
453.16675,315.76093 449.54969,319.0 449.54969,319.0
449.54966,319.0 449.54966,319.0 449.54966,319.0
;
430.44284,318.0 430.44284,318.0 437.04364,313.03793
448.40537,315.20685 445.89612,315.97709 455.97056,306.17593
432.21033,308.89383 430.0,317.00184 430.0,317.00184
430.0,318.0 430.0,318.0 430.0,318.0
430.44284,318.0 430.44284,318.0 430.44284,318.0
;
600.16897,259.0 600.16897,259.0 605.23823,247.15091
594.93615,244.84922 599.4285,259.0 599.4285,259.0
600.1689,259.0 600.1689,259.0 600.1689,259.0
600.16897,259.0 600.16897,259.0 600.16897,259.0
;
373.5,252.47757 373.5,252.47757 393.08801,240.17335
356.54162,260.26694 373.5,252.47757 373.5,252.47757
373.5,252.47757 373.5,252.47757 373.5,252.47757
;
599.11611,240.84637 599.11611,240.84637 601.88819,241.51798
603.38755,231.56277 605.64394,229.44858 602.23125,219.21311
605.60994,235.11732 601.17133,231.65913 599.14337,229.65126
592.74438,232.76403 597.23379,239.34637 597.90249,239.46908
598.00794,244.74254 599.11611,240.84637 599.11611,240.84637
599.11611,240.84637 599.11611,240.84637 599.11611,240.84637
;
499.58314,239.59054 499.58314,239.59054 508.80275,239.67164
515.75949,232.50269 525.27956,232.99994 535.72614,222.82261
535.69295,228.99734 527.95144,223.53001 526.06215,218.59158
518.70443,218.79322 509.78346,215.22408 501.37397,209.11952
539.15137,224.58033 522.06805,214.50086 500.90631,206.03739
468.92497,209.87392 460.00081,233.45921 461.80595,240.4421
476.73657,232.03887 484.5,236.80718 489.51067,238.1108
494.26893,240.72814 499.58314,239.59054 499.58314,239.59054
499.58314,239.59054 499.58314,239.59054 499.58314,239.59054
;
497.6612,235.70394 497.6612,235.70394 480.37055,235.59694
508.55474,235.71474 511.53652,229.61088 524.65695,222.04579
509.19176,237.08416 500.91627,235.44369 500.91627,235.44369
498.9632,235.59988 498.9632,235.59988 498.9632,235.59988
497.6612,235.704 497.6612,235.704 497.6612,235.704
497.6612,235.70394 497.6612,235.70394 497.6612,235.70394
;
475.0,233.73215 475.0,233.73215 458.47713,233.68465
464.85737,225.55404 476.5,233.79035 476.5,233.79035
475.0,233.73225 475.0,233.73225 475.0,233.73225
475.0,233.73215 475.0,233.73215 475.0,233.73215
;
488.59501,232.98469 488.59501,232.98469 478.00642,237.11381
472.41532,217.0309 485.45685,218.46554 497.94662,213.2105
504.95277,224.19289 494.69002,233.00002 492.65837,232.99502
490.62661,232.98982 488.59501,232.98472 488.59501,232.98472
488.59501,232.98469 488.59501,232.98469 488.59501,232.98469
;
481.0,228.0 481.0,228.0 490.32576,221.36521
472.48874,220.72893 481.0,228.0 481.0,228.0
481.0,228.0 481.0,228.0 481.0,228.0
;
494.38278,224.94222 494.38278,224.94222 496.15961,213.44991
484.92303,227.33567 494.38278,224.94222 494.38278,224.94222
494.38278,224.94222 494.38278,224.94222 494.38278,224.94222
;
501.57554,231.0 501.57554,231.0 499.73549,217.51351
518.31817,227.40815 501.93841,231.0 501.93841,231.0
501.57554,231.0 501.57554,231.0 501.57554,231.0
;
520.5,226.95537 520.5,226.95537 513.89539,223.39606
505.67351,217.27998 498.54213,217.06817 503.10999,214.13223
516.0776,220.51278 522.80967,223.8621 527.68942,225.23272
522.60521,227.37007 520.5,226.95537 520.5,226.95537
520.5,226.95537 520.5,226.95537 520.5,226.95537
;
571.83259,236.97797 571.83259,236.97797 571.55356,230.80013
565.99954,207.1032 566.47303,213.39451 567.13691,220.75539
570.18707,233.03869 571.83259,236.97797 571.83259,236.97797
571.83259,236.97797 571.83259,236.97797 571.83259,236.97797
;
564.26905,232.99578 564.26905,232.99578 565.25741,220.48818
564.59206,216.9857 563.13164,220.05022 560.26352,209.34686
562.55199,231.34951 564.26905,232.99578 564.26905,232.99578
564.26905,232.99578 564.26905,232.99578 564.26905,232.99578
;
350.0,231.0 350.0,231.0 359.65831,223.79121
341.363,223.60564 350.0,231.0 350.0,231.0
350.0,231.0 350.0,231.0 350.0,231.0
;
323.90187,223.45 323.90187,223.45 331.4189,213.30629
334.28993,199.48086 343.5,190.7705 333.0953,197.61384
328.99494,212.61761 323.0,223.42243 323.0,223.42243
323.0,224.4 323.0,224.4 323.0,224.4
323.90187,223.45 323.90187,223.45 323.90187,223.45
;
603.72441,220.66553 603.72441,220.66553 602.33525,210.27152
599.41957,207.78532 601.00818,222.0 604.68022,208.29258
601.82374,229.48834 603.72441,220.66553 603.72441,220.66553
603.72441,220.66553 603.72441,220.66553 603.72441,220.66553
;
324.51128,195.56812 324.51128,195.56812 332.44588,185.80214
322.3483,186.23872 321.36273,197.56812 322.78357,200.73219
323.44462,196.05795 324.51128,195.56812 324.51128,195.56812
324.51128,195.56812 324.51128,195.56812 324.51128,195.56812
;
535.0,195.76605 535.0,195.76605 535.24699,192.07157
536.36653,192.68372 524.25,189.66585 519.33826,189.63245
535.57423,196.94059 517.22711,192.75678 513.24349,196.66775
530.84498,194.61065 535.0,195.76605 535.0,195.76605
535.0,195.76605 535.0,195.76605 535.0,195.76605
;
353.75,194.9682 353.75,194.9682 361.86087,192.73168
371.97188,195.64655 361.90423,191.17723 358.32432,188.92549
372.29124,183.08145 360.31304,187.56529 354.56387,193.23437
333.39251,186.83834 353.75,194.9682 353.75,194.9682
353.75,194.9682 353.75,194.9682 353.75,194.9682
;
375.56559,194.68265 375.56559,194.68265 392.93951,190.73026
357.8427,192.42377 375.56559,194.68265 375.56559,194.68265
375.56559,194.68265 375.56559,194.68265 375.56559,194.68265
;
479.74189,193.42056 479.74189,193.42056 492.83426,192.73625
508.91089,189.83736 519.833,188.49966 505.55208,185.92131
490.0148,184.92151 476.75511,192.0 483.09378,184.77945
470.95272,194.15827 477.93125,193.62036 477.93125,193.62036
479.74189,193.42056 479.74189,193.42056 479.74189,193.42056
;
399.67498,191.6438 399.67498,191.6438 402.56924,191.04589
381.33654,181.15372 383.0,182.60699 372.8775,181.34842
370.85683,168.53287 363.89159,177.0 356.02834,178.47838
371.43418,180.67028 362.3352,180.60182 373.24792,186.20141
371.14442,179.53359 380.11803,187.0 387.45844,185.48421
392.43095,191.8324 399.67498,191.6438 399.67498,191.6438
399.67498,191.6438 399.67498,191.6438 399.67498,191.6438
;
538.84991,190.48342 538.84991,190.48342 538.94491,185.09755
515.80444,173.61936 526.0726,182.26397 533.77888,187.51719
527.89134,182.84405 538.84991,190.48342 538.84991,190.48342
538.84991,190.48342 538.84991,190.48342 538.84991,190.48342
;
454.0,186.0 454.0,186.0 458.20263,185.35489
458.02522,187.90132 472.42181,182.50269 483.5348,181.92822
491.66279,175.77687 500.62557,180.59734 515.44633,187.55756
508.4078,181.45388 497.23201,177.36056 503.17037,176.8959
514.63537,178.25528 517.88197,184.0 519.39115,182.23274
511.82559,173.68666 501.68077,174.20337 493.68362,170.94152
481.99222,175.47994 477.17103,175.1284 469.72466,181.01282
456.98828,178.97415 452.0,187.07143 451.4964,189.53956
453.31511,186.40115 454.0,186.0 454.0,186.0
454.0,186.0 454.0,186.0 454.0,186.0
;
521.18709,181.0 521.18709,181.0 522.45216,171.50954
500.07414,168.42947 517.20101,177.66476 518.66014,178.45745
519.31878,181.27198 521.18709,181.0 521.18709,181.0
521.18709,181.0 521.18709,181.0 521.18709,181.0
;
337.9303,174.54308 337.9303,174.54308 343.40182,167.8411
351.08859,157.32632 353.24232,151.0 349.1379,158.0072
336.27195,169.36526 337.9303,174.54308 337.9303,174.54308
337.9303,174.54308 337.9303,174.54308 337.9303,174.54308
;
361.40666,173.91667 361.40666,173.91667 363.70332,169.30997
377.68777,152.16419 370.69447,157.09848 367.21254,161.43888
360.55849,169.84007 361.40666,173.91667 361.40666,173.91667
361.40666,173.91667 361.40666,173.91667 361.40666,173.91667
;
356.7075,171.5 356.7075,171.5 364.62255,162.74659
371.05796,150.9875 377.71898,144.335 391.59135,124.84144
405.41559,105.03561 422.59218,88.276549 425.03081,81.326161
437.59096,78.022675 443.35244,71.460953 444.22882,67.528961
426.83104,80.520197 421.68341,84.476633 397.5794,112.04022
375.17529,141.4105 355.67993,172.50001 355.67993,172.50001
356.7075,171.50001 356.7075,171.50001 356.7075,171.50001
356.7075,171.5 356.7075,171.5 356.7075,171.5
;
335.37853,171.0 335.37853,171.0 345.70173,163.31527
345.84432,152.6779 337.0,166.72713 336.29775,167.55465
333.8058,170.17258 335.37853,171.0 335.37853,171.0
335.37853,171.0 335.37853,171.0 335.37853,171.0
;
594.99294,158.50437 594.99294,158.50437 595.62436,154.21638
593.94711,142.48775 589.42013,134.5 586.53882,131.96387
587.68438,138.57123 590.86481,149.21386 589.57679,153.97295
593.75584,149.65405 594.99294,158.50437 594.99294,158.50437
594.99294,158.50437 594.99294,158.50437 594.99294,158.50437
;
243.25,150.86382 243.25,150.86382 246.42676,148.5532
257.63129,138.26852 258.12366,132.57643 251.54478,136.17518
243.4807,144.85538 245.75,148.23813 244.77732,151.43679
234.95533,150.39769 243.25,150.86382 243.25,150.86382
243.25,150.86382 243.25,150.86382 243.25,150.86382
;
528.83036,132.99747 528.83036,132.99747 523.93898,131.64801
519.61177,112.16143 519.30992,121.52241 516.17962,127.9701
522.91772,129.12862 528.83035,132.99747 528.83035,132.99747
528.83036,132.99747 528.83036,132.99747 528.83036,132.99747
;
586.63723,129.75 586.63723,129.75 590.57623,127.81986
576.96653,113.40912 585.72604,127.44696 581.94557,120.72026
576.08649,121.15968 586.63728,129.75 586.63728,129.75
586.63723,129.75 586.63723,129.75 586.63723,129.75
;
260.70046,119.0 260.70046,119.0 262.67076,107.588
272.65484,108.71292 271.05869,96.918204 281.73721,91.753795
274.33006,84.122625 269.47692,98.699183 263.0747,109.59589
260.51739,117.9899 258.03063,116.5 257.95363,117.8698
260.87298,120.43929 260.70046,119.0 260.70046,119.0
260.70046,119.0 260.70046,119.0 260.70046,119.0
;
522.17254,117.0 522.17254,117.0 524.55341,115.23082
511.60471,95.687016 516.85671,107.5 518.85218,110.10887
519.20298,115.99796 522.17254,117.0 522.17254,117.0
522.17254,117.0 522.17254,117.0 522.17254,117.0
;
578.72836,116.24377 578.72836,116.24377 585.35224,113.96099
571.81528,101.92975 572.48874,94.952175 571.57572,81.455128
570.38983,107.90931 566.62767,89.410933 569.14082,76.16197
558.2436,83.876639 565.86721,83.595492 571.19354,89.534739
553.67764,77.68916 560.90314,84.75 568.3359,94.633842
573.24596,106.24221 578.2859,117.5 578.2859,117.5
578.72836,116.24377 578.72836,116.24377 578.72836,116.24377
;
472.42668,21.0 472.42668,21.0 473.49746,16.780684
481.74992,6.3437144 474.05376,12.89955 474.87866,17.994198
469.07244,18.619619 472.42668,21.0 472.42668,21.0
472.42668,21.0 472.42668,21.0 472.42668,21.0
;
446.01631,6.4899187 446.01631,6.4899187 453.97837,0.26053951
425.9399,1.3467134 444.5,3.5 444.95926,4.1775835
444.12308,8.6383269 446.01631,6.4899187 446.01631,6.4899187
446.01631,6.4899187 446.01631,6.4899187 446.01631,6.4899187
;
