336.44098,480.0 336.44098,480.0 224.29399,480.0
112.14699,480.0 0.0,480.0 0.0,320.0
0.0,160.0 0.0,0.0 284.66667,0.0
569.33333,0.0 854.0,0.0 854.0,160.0
854.0,320.0 854.0,480.0 793.83333,479.9898
733.66667,479.9796 673.5,479.9694 678.67652,477.44825
654.59948,481.70311 647.41104,480.0 543.75437,479.99998
440.09761,480.00004 336.44098,479.99997 336.44098,479.99997
336.44098,480.0 336.44098,480.0 336.44098,480.0
;
160.92245,479.0 160.92245,479.0 171.31383,478.33939
167.6165,460.72906 175.33528,453.47987 182.56045,441.60907
185.86754,427.53473 191.4499,415.95008 186.82948,411.14605
196.40781,403.91637 197.14131,394.38441 198.5191,385.0171
195.46213,376.00737 196.08201,365.5956 194.28599,349.99296
196.89648,353.51124 197.63831,363.5 202.27391,366.98035
194.80512,346.34552 201.03011,339.25872 201.44668,324.83557
203.24748,331.55349 204.06199,319.39458 208.10183,307.92225
198.25502,302.20933 202.99926,305.0 212.57975,298.41914
202.53304,294.52444 207.32156,285.51677 209.63561,274.99736
210.26904,264.99469 214.29862,255.25312 220.31693,235.63247
222.59569,217.39871 226.33183,197.5 234.12186,192.21902
224.73185,175.52979 232.0,179.0 231.28728,175.48757
230.87896,172.12594 235.99305,160.4796 237.74581,153.03593
244.17272,130.86501 243.0,134.0 241.68209,132.97553
248.20375,118.485 250.88479,112.61721 265.29085,87.319273
278.53108,58.225072 305.89336,44.5 310.09597,40.306799
319.79843,32.879761 328.07371,30.041731 349.44956,19.65206
372.92434,12.424832 396.81804,16.447703 406.7153,16.936561
415.36375,18.967469 424.0,21.0 432.36079,26.898487
429.36147,30.477721 439.535,32.58995 446.38882,32.893473
449.41908,36.163046 460.0,33.772999 451.53388,36.836961
458.75093,38.104775 468.81469,44.452726 475.56241,48.050779
483.99833,54.642832 485.80194,60.894003 494.20843,66.92964
499.278,73.252247 504.55039,80.715648 516.5806,99.875078
522.57854,121.39273 531.60305,141.38463 536.0301,147.75039
536.94798,166.9929 534.82993,152.68707 527.09043,146.26115
535.61147,166.98863 536.77586,166.0 538.96908,171.55022
537.41974,172.6393 540.81383,182.5 544.7512,202.42298
548.90616,222.31244 551.1612,242.5 555.0962,257.36155
554.75805,274.38164 557.24167,290.5 560.51118,297.77572
556.12088,302.92793 560.34653,310.76091 556.9462,324.21633
565.10234,322.91862 559.49997,327.5 559.98927,338.04265
561.34402,348.98019 561.58489,360.31352 562.11558,382.85181
567.22763,406.84096 581.95026,424.17549 589.68685,432.66827
603.4253,436.98567 611.53526,440.94276 618.58945,442.21329
625.57353,453.93536 635.34733,456.06903 644.58919,458.39463
652.59855,463.51718 661.71347,464.91708 657.14927,474.63618
671.13714,486.79157 670.99988,472.78602 662.04826,470.5329
665.01486,462.65204 669.80887,466.0 677.38582,466.66255
674.45865,478.3503 686.5,478.96943 680.14537,470.33362
671.02628,461.77006 659.87712,457.70578 647.74917,449.85743
633.40567,444.0958 620.59335,437.39886 606.86152,432.33392
587.47793,429.27726 581.00249,414.27724 577.81062,407.03731
574.40725,399.20937 570.57687,395.38988 567.01795,388.04056
565.46709,360.60936 569.0,380.67328 573.92757,382.29707
569.42815,396.69642 576.0,397.0567 570.96718,380.06634
573.19396,360.74571 571.98077,342.78552 571.23471,325.48703
573.14914,307.96286 569.7069,290.8931 575.74152,295.41356
572.33163,288.08768 570.32462,278.41335 570.00216,264.47139
566.43249,253.00891 564.89125,238.5 562.3506,226.18794
560.8277,222.07038 558.05397,209.37698 556.83688,201.16003
558.63483,189.54167 556.64231,179.5 554.14607,189.81038
556.12164,164.50517 553.29138,176.54439 555.01268,161.03457
551.48681,177.52618 549.80616,158.70165 545.1424,141.04707
551.36955,146.67084 552.15194,160.69916 563.05575,168.34255
554.63625,161.51512 553.46657,148.79908 552.50392,136.38127
546.55905,149.32176 544.31512,132.20631 538.2917,123.22199
539.3544,116.68654 534.06267,111.0 539.44458,111.90157
540.24967,117.44927 541.09927,111.84894 548.231,128.08388
545.98476,113.37356 539.6376,104.15028 536.98192,97.598393
526.50788,81.357517 530.47687,91.037427 520.73558,85.422674
527.57158,84.369762 521.61991,76.947672 515.83428,71.934168
513.72824,56.261863 509.35698,56.149118 510.77838,64.102082
516.84697,68.005962 507.86441,62.642584 500.58155,48.114274
484.54937,38.791477 471.19611,32.47056 480.35426,34.574013
498.81489,38.095496 480.30901,31.013202 470.24173,29.974417
461.17066,26.186719 461.97023,25.0 459.17786,31.347837
455.1432,22.394047 446.36183,20.774905 449.27873,17.114828
424.83133,15.926885 429.45,18.984684 418.87369,15.247945
407.17995,7.9155633 396.26633,6.4003353 400.33515,11.201283
414.33506,13.242946 398.31103,11.919959 391.43768,10.422199
397.24432,6.2276775 389.38445,7.4129793 405.63341,5.0210374
375.364,1.26866 380.75,3.705733 391.96782,10.558552
371.25095,5.7507896 364.72369,9.623175 356.82807,12.377873
340.3333,11.1168 337.0818,15.941366 329.46177,18.49151
315.91938,19.489984 313.78837,25.869222 314.14272,26.127619
320.86218,23.429344 319.10388,28.977091 310.18716,31.989516
317.48675,28.653798 308.35036,30.910271 308.39106,41.219497
299.37495,33.981113 296.0,43.916375 288.55413,55.367018
302.75268,32.365443 291.63363,45.037338 285.31924,48.163609
278.75171,62.897152 274.0,58.688782 282.08377,50.805789
282.20384,42.073881 275.24927,53.937777 270.66417,60.443173
281.99084,63.440585 267.66121,68.44955 263.09661,66.447125
275.46953,59.45506 268.97392,57.620886 262.05102,66.907517
259.14894,72.230017 251.88892,80.910373 246.02217,94.786721
247.71877,92.18578 247.53212,104.33081 244.42522,111.73037
238.33835,119.21064 246.66679,111.10803 244.48134,123.46974
234.01298,114.54687 239.61191,120.43087 246.18764,127.0419
231.42568,119.88182 241.44507,127.0 235.82829,135.4763
234.02846,131.15269 235.91111,127.44512 238.3424,126.8311
230.98455,126.67619 229.54404,127.7631 217.06546,137.94275
228.35698,133.52368 229.77438,130.00009 233.58829,137.67938
222.60707,131.57402 223.50006,142.80817 212.16656,150.95239
232.76384,141.79297 229.55962,151.41062 226.34074,165.15427
223.8468,179.63977 221.7363,193.95571 219.08616,191.36971
219.90691,207.78965 215.24434,215.4919 211.38741,227.59988
212.12751,240.77737 203.08707,250.66676 212.20141,242.811
205.34063,256.0649 205.39431,264.41256 201.22349,268.73373
203.09764,278.55024 199.99906,277.60009 202.44232,297.35904
200.1925,272.84618 198.67622,285.82898 196.32615,301.68548
193.37179,317.5933 190.21058,333.08952 183.88325,342.83535
188.5671,324.00788 185.01749,332.44311 178.53536,340.89414
196.67869,341.42517 185.9693,342.75905 189.45083,346.89266
185.45309,371.20655 191.11664,360.05714 191.25274,366.59387
186.64883,371.62141 188.97917,379.5 188.93457,388.24776
179.85608,375.29891 185.04607,381.19355 179.03605,391.27825
186.64718,384.35685 186.773,393.0 182.12727,392.999
184.18313,405.73151 179.80521,409.37962 181.68297,398.55624
179.92154,405.48343 176.5,410.38392 183.45132,409.19253
174.36361,427.00592 173.6371,425.23924 172.56163,423.53879
176.69358,444.81647 165.51319,438.0 160.35478,439.90564
164.45893,438.99588 169.61604,444.02838 165.98256,452.08122
169.24622,449.72965 164.25076,457.56983 159.68209,462.35534
147.56976,473.46467 156.0153,468.75 155.5417,464.37613
164.29643,467.3136 156.0,472.78602 156.21827,477.79984
154.20102,480.10619 160.92248,479.0 160.92248,479.0
160.92245,479.0 160.92245,479.0 160.92245,479.0
;
184.65009,412.87544 184.65009,412.87544 178.94694,416.38616
190.55968,394.20117 188.98199,400.41858 190.58053,406.58668
185.42689,408.44382 184.65009,412.87544 184.65009,412.87544
184.65009,412.87544 184.65009,412.87544 184.65009,412.87544
;
194.0691,401.45729 194.0691,401.45729 188.91192,399.07441
196.90363,388.97303 195.0,400.88197 195.0,400.88197
194.0691,401.45729 194.0691,401.45729 194.0691,401.45729
;
568.70265,372.0 568.70265,372.0 564.9032,365.20535
566.01767,357.6271 566.16816,347.5 566.20976,340.51316
566.34062,335.9416 566.59614,323.64081 569.26013,338.86102
567.0474,357.29353 568.70265,372.0 568.70265,372.0
568.70265,372.0 568.70265,372.0 568.70265,372.0
;
569.73899,326.75 569.73899,326.75 569.16935,344.25561
569.11242,294.31841 569.8617,317.20546 570.26383,320.39177
569.9498,323.56434 569.73899,326.75 569.73899,326.75
569.73899,326.75 569.73899,326.75 569.73899,326.75
;
562.5,292.0 562.5,292.0 563.60091,287.36044
554.32084,273.79431 561.79353,280.07354 560.03435,288.35652
565.28351,277.51064 562.5,292.0 562.5,292.0
562.5,292.0 562.5,292.0 562.5,292.0
;
554.60585,230.83513 554.60585,230.83513 550.19811,225.9672
554.70415,215.23121 555.18866,227.88573 550.61813,232.73472
562.18469,224.6725 554.60585,230.83513 554.60585,230.83513
554.60585,230.83513 554.60585,230.83513 554.60585,230.83513
;
554.53035,216.0 554.53035,216.0 549.49696,209.01871
555.01375,199.00071 554.99877,213.93576 552.84119,212.68156
556.32046,216.8976 554.53035,216.0 554.53035,216.0
554.53035,216.0 554.53035,216.0 554.53035,216.0
;
548.97522,203.51531 548.97522,203.51531 543.44679,202.96713
548.44095,194.04848 552.77135,201.25 554.16601,209.74122
549.24238,193.96968 548.97522,203.51531 548.97522,203.51531
548.97522,203.51531 548.97522,203.51531 548.97522,203.51531
;
225.11627,146.0 225.11627,146.0 222.58767,139.24059
231.56593,136.58117 234.30268,133.04976 233.39135,142.8808
230.83488,139.28455 225.8815,145.25 225.8815,145.25
226.0,146.0 226.0,146.0 226.0,146.0
225.11627,146.0 225.11627,146.0 225.11627,146.0
;
532.75,124.0 532.75,124.0 531.03147,114.08242
521.23038,119.34775 528.55552,114.0 531.35202,116.36069
533.81233,121.1071 532.75,124.0 532.75,124.0
532.75,124.0 532.75,124.0 532.75,124.0
;
537.59534,106.66667 537.59534,106.66667 536.38758,99.989297
532.18389,105.56718 530.0,97.881966 530.45616,91.04983
533.54028,94.546061 539.0,106.57107 539.0,106.57107
539.0,106.66667 539.0,106.66667 539.0,106.66667
537.59534,106.66667 537.59534,106.66667 537.59534,106.66667
;
255.21832,96.93885 255.21832,96.93885 251.72885,99.175789
247.05544,93.343792 249.2449,91.591951 250.64978,88.945935
256.60687,92.333031 255.21832,96.93885 255.21832,96.93885
255.21832,96.93885 255.21832,96.93885 255.21832,96.93885
;
254.52776,89.976965 254.52776,89.976965 250.29842,88.478397
252.60432,82.136512 259.68402,86.982648 255.80742,84.364864
260.00404,90.691833 254.52776,89.976965 254.52776,89.976965
254.52776,89.976965 254.52776,89.976965 254.52776,89.976965
;
261.96482,83.0 261.96482,83.0 258.21991,82.187801
255.7096,74.587441 258.08212,75.077696 262.52542,74.195146
270.88808,67.461664 268.17268,73.481927 269.93019,62.907439
264.11286,82.547627 266.5,75.405555 251.88837,92.296794
272.73653,70.668328 261.96482,83.0 261.96482,83.0
261.96482,83.0 261.96482,83.0 261.96482,83.0
;
514.16667,78.0 514.16667,78.0 512.27645,72.836495
510.54328,64.510992 517.0,75.0 512.41469,73.301045
517.0426,78.441234 514.16667,78.0 514.16667,78.0
514.16667,78.0 514.16667,78.0 514.16667,78.0
;
507.95,67.936614 507.95,67.936614 496.73135,65.404831
500.27292,53.468675 499.88197,60.0 502.02136,63.391308
511.9076,66.768974 506.20827,63.918449 504.28308,64.746903
509.02735,68.084079 507.95,67.936614 507.95,67.936614
507.95,67.936614 507.95,67.936614 507.95,67.936614
;
494.12198,51.256593 494.12198,51.256593 493.79875,55.675722
483.98709,35.21897 494.12198,51.256593 494.12198,51.256593
494.12198,51.256593 494.12198,51.256593 494.12198,51.256593
;
481.63528,42.0 481.63528,42.0 471.42727,36.670388
470.42198,34.940294 480.79043,39.011487 479.98951,39.263565
483.19136,42.266992 481.63528,42.0 481.63528,42.0
481.63528,42.0 481.63528,42.0 481.63528,42.0
;
457.66913,31.0 457.66913,31.0 451.61784,26.98146
443.30669,24.157388 454.51081,26.25049 454.90777,27.382589
458.52699,30.552278 457.66913,31.0 457.66913,31.0
457.66913,31.0 457.66913,31.0 457.66913,31.0
;
322.41882,26.067374 322.41882,26.067374 321.09171,23.28615
325.94141,17.236574 330.0,22.812761 346.60417,10.147836
329.88566,27.984253 322.41882,26.067374 322.41882,26.067374
322.41882,26.067374 322.41882,26.067374 322.41882,26.067374
;
365.71472,14.0 365.71472,14.0 354.85518,11.644502
381.57639,7.5354241 367.18454,14.0 367.18454,14.0
365.71472,14.0 365.71472,14.0 365.71472,14.0
;
177.45981,479.0 177.45981,479.0 181.81893,480.7169
188.05332,468.87818 179.27084,474.29868 179.17394,475.39751
173.764,480.01442 177.45981,479.0 177.45981,479.0
177.45981,479.0 177.45981,479.0 177.45981,479.0
;
679.94661,478.38672 679.94661,478.38672 677.19946,470.95253
663.04727,466.6977 679.94661,478.38672 679.94661,478.38672
679.94661,478.38672 679.94661,478.38672 679.94661,478.38672
;
413.5,465.62178 413.5,465.62178 444.13528,467.21081
466.6675,441.25288 482.5258,418.08708 505.3664,387.71973
516.75505,350.7065 522.16259,313.5 532.77058,282.44954
533.92121,248.91869 525.40215,217.22308 520.89952,195.70368
516.59516,173.80292 508.13536,153.5 512.01492,169.23517
508.35115,166.23018 505.41487,151.83874 511.40312,152.61656
502.10842,145.44071 502.21437,137.10374 498.58239,132.2993
492.05516,111.93164 493.8962,129.41302 496.20722,140.43198
499.31798,143.07363 502.14552,153.15498 505.51608,159.8999
505.22808,169.62203 509.36205,174.457 512.53828,193.23081
509.36505,160.03174 514.07442,182.5 519.80331,194.30518
518.51233,204.07764 505.28609,194.10337 490.27452,195.19179
517.84973,196.65787 497.96583,198.05208 485.47224,192.99055
491.64494,199.63248 500.99595,199.0 510.58669,197.53996
521.27242,199.48317 519.81403,211.30001 524.71266,222.1838
521.69496,236.13933 527.07142,245.45289 528.9564,257.52867
525.23892,262.8256 526.36073,276.22737 524.23516,299.92547
515.31569,322.77389 512.09933,346.5 504.0319,376.22791
490.58925,404.54726 470.73841,428.14336 459.92669,444.79595
442.51421,458.33877 423.5843,463.49025 395.95017,468.10043
369.7943,453.27446 350.67749,434.5 350.93589,440.43207
336.40545,424.38214 331.91225,420.66804 317.07929,403.14878
303.73348,384.44739 293.55757,364.08016 287.43574,343.69449
284.80324,321.60523 288.11263,300.5 292.3171,291.77788
292.47115,289.34372 296.49296,280.10047 303.97566,274.60608
302.92981,263.53938 310.99999,258.62582 307.29455,254.26119
304.68585,267.43538 299.11241,270.0102 297.90635,277.02591
288.34031,285.49251 287.99999,294.55499 280.7062,302.92682
284.47859,318.194 282.17901,325.61064 282.07806,333.76082
286.19716,348.04787 287.81104,358.57456 301.65845,398.74023
332.70889,430.84492 368.48632,452.61079 378.33565,459.41831
379.4835,459.55656 391.26903,463.30498 398.54536,466.34004
405.77735,466.0632 413.5,465.62178 413.5,465.62178
413.5,465.62178 413.5,465.62178 413.5,465.62178
;
499.61663,139.0 499.61663,139.0 490.89445,131.8465
506.37374,131.24959 499.61663,139.0 499.61663,139.0
499.61663,139.0 499.61663,139.0 499.61663,139.0
;
406.83179,390.38114 406.83179,390.38114 410.50803,390.57309
400.4487,380.68099 413.20028,385.13308 402.7568,391.01415
432.80231,389.85966 423.79143,381.37111 412.94184,377.73175
404.55901,385.27084 395.13587,380.62284 386.93914,387.5226
397.17962,381.46235 403.49882,383.72879 402.80102,385.37129
398.93885,392.24174 406.83179,390.38114 406.83179,390.38114
406.83179,390.38114 406.83179,390.38114 406.83179,390.38114
;
419.17857,386.93661 419.17857,386.93661 404.21626,383.64396
431.18365,380.6331 419.17857,386.93661 419.17857,386.93661
419.17857,386.93661 419.17857,386.93661 419.17857,386.93661
;
380.95,385.884 380.95,385.884 389.01044,379.61111
365.90882,377.97491 371.63049,381.11004 374.4583,383.5699
377.17454,385.4319 380.95,385.884 380.95,385.884
380.95,385.884 380.95,385.884 380.95,385.884
;
368.47224,383.98469 368.47224,383.98469 362.30047,378.57959
370.43883,368.73072 379.5,367.25065 388.2476,371.40174
395.97188,375.21261 405.57967,375.31904 399.65905,380.44508
419.92897,374.99937 426.14804,373.23777 430.90287,368.80608
440.03264,362.67459 446.29592,364.60406 456.73938,366.37147
454.37714,369.13401 454.8655,380.49999 459.90905,372.26672
459.99035,361.73941 447.55958,362.14205 440.6077,356.94566
428.27781,374.46395 429.0,359.11802 419.27976,357.50683
410.69491,363.47732 401.27143,358.50284 390.95715,356.13257
383.7573,365.61974 374.05605,366.19253 382.57492,350.16929
374.51627,363.00392 368.0,368.23719 364.56643,369.76907
354.3673,375.46177 361.70011,382.84302 365.33819,360.76646
360.28509,382.17435 368.47224,383.98469 368.47224,383.98469
368.47224,383.98469 368.47224,383.98469 368.47224,383.98469
;
403.73229,373.0 403.73229,373.0 394.80498,373.4166
392.48869,356.59091 407.43269,362.11421 414.30473,366.86838
413.3242,372.93408 403.73229,373.0 403.73229,373.0
403.73229,373.0 403.73229,373.0 403.73229,373.0
;
418.55153,372.0 418.55153,372.0 409.22848,370.14613
417.6966,356.53225 427.2409,361.8409 429.87288,367.46983
425.06737,373.35678 418.55153,372.0 418.55153,372.0
418.55153,372.0 418.55153,372.0 418.55153,372.0
;
388.95,368.98469 388.95,368.98469 374.57967,367.23332
402.74539,353.40492 392.52895,368.23469 391.66548,369.5027
390.19242,368.88741 388.95,368.98469 388.95,368.98469
388.95,368.98469 388.95,368.98469 388.95,368.98469
;
432.0,380.80318 432.0,380.80318 442.07786,375.38713
412.28301,374.87408 429.0,379.51588 427.84019,382.27563
430.79813,380.59192 432.0,380.80318 432.0,380.80318
432.0,380.80318 432.0,380.80318 432.0,380.80318
;
438.02883,376.48218 438.02883,376.48218 446.9711,377.75128
458.70553,366.27514 443.80701,374.13992 441.8116,370.83725
433.78616,376.62525 438.02883,376.48218 438.02883,376.48218
438.02883,376.48218 438.02883,376.48218 438.02883,376.48218
;
387.42215,321.47425 387.42215,321.47425 399.54281,322.14877
399.74483,315.45314 386.65067,316.5 377.66079,326.85526
373.14249,309.0526 375.19954,301.5 380.39681,291.4037
368.4008,308.47515 373.7025,314.28182 375.0401,320.03032
382.04265,322.91439 387.42215,321.47425 387.42215,321.47425
387.42215,321.47425 387.42215,321.47425 387.42215,321.47425
;
437.1455,318.0 437.1455,318.0 432.70208,306.30738
426.99824,320.53805 427.5,315.14051 432.18626,314.4515
434.07307,315.08641 437.1455,318.0 437.1455,318.0
437.1455,318.0 437.1455,318.0 437.1455,318.0
;
445.0,310.5 445.0,310.5 448.46314,299.65592
440.67602,290.66417 443.98906,307.30902 444.69088,307.71602
442.70726,312.95646 445.0,310.5 445.0,310.5
445.0,310.5 445.0,310.5 445.0,310.5
;
371.49828,297.30172 371.49828,297.30172 383.36795,282.31009
358.82145,304.37617 370.76743,298.03257 370.76743,298.03257
371.49828,297.30172 371.49828,297.30172 371.49828,297.30172
;
196.43261,277.0 196.43261,277.0 205.45795,270.98479
190.3755,268.94064 196.43261,277.0 196.43261,277.0
196.43261,277.0 196.43261,277.0 196.43261,277.0
;
291.97045,259.1664 291.97045,259.1664 294.17814,255.05425
307.19661,231.31714 297.78401,245.75 294.28348,250.06542
282.00017,277.35671 288.76962,265.29067 289.83657,263.24926
290.90347,261.20777 291.97045,259.1664 291.97045,259.1664
291.97045,259.1664 291.97045,259.1664 291.97045,259.1664
;
573.35877,259.0 573.35877,259.0 573.54607,247.42311
572.25055,232.9169 570.86795,221.41839 568.02055,227.37153
565.31192,227.28025 568.1918,233.34613 565.96001,237.60305
570.81341,238.6408 571.83823,249.31531 568.33441,239.04576
570.36722,254.17414 573.35877,259.0 573.35877,259.0
573.35877,259.0 573.35877,259.0 573.35877,259.0
;
313.05385,252.68607 313.05385,252.68607 322.96391,240.07568
310.83697,256.23225 322.87666,250.43256 333.64593,251.62822
344.46754,247.32666 354.33333,244.0 336.69065,243.66081
370.93118,243.35304 361.18716,232.48114 352.58181,226.48726
341.94446,222.22457 331.5,226.78934 340.83269,225.3621
357.27915,225.89787 347.71628,239.10159 341.90055,248.93481
325.52815,239.88885 329.0,229.1175 316.66777,231.70072
318.24068,233.46111 322.5077,242.00586 334.75693,244.43032
340.16243,245.86722 323.5,243.88315 314.67537,238.82577
307.41312,257.32555 313.05385,252.68607 313.05385,252.68607
313.05385,252.68607 313.05385,252.68607 313.05385,252.68607
;
354.10357,239.65481 354.10357,239.65481 345.53068,239.03052
363.93428,230.17123 354.10357,239.65481 354.10357,239.65481
354.10357,239.65481 354.10357,239.65481 354.10357,239.65481
;
370.18261,245.91405 370.18261,245.91405 375.70388,237.89248
361.78343,228.74498 355.45664,224.56546 347.84107,218.26987
330.44713,221.99481 327.06798,218.42194 333.45074,216.02024
341.0409,197.77815 329.96821,210.55702 325.33973,218.00257
315.62036,225.11882 328.97701,223.12925 316.53097,226.53369
315.3607,229.85034 330.5,224.04469 345.6063,220.42443
361.77244,227.71896 369.36466,241.3208 360.20383,238.90375
348.87842,245.66808 365.37092,244.54405 366.97929,244.96396
368.53043,245.70248 370.18261,245.91405 370.18261,245.91405
370.18261,245.91405 370.18261,245.91405 370.18261,245.91405
;
472.52763,244.0 472.52763,244.0 475.93406,240.84966
488.29303,242.67756 492.03169,238.13473 499.03236,234.86524
507.34535,231.29916 511.38663,225.10691 503.85193,230.55616
507.83932,221.57068 495.56084,218.85365 491.74833,216.51608
516.28469,223.22891 495.65064,214.48878 475.96631,208.17239
450.40166,216.24074 441.87867,236.13543 443.03355,248.25169
452.72245,234.20351 460.99618,238.94183 465.11849,240.24854
471.20131,239.58796 472.52766,244.0 472.52766,244.0
472.52763,244.0 472.52763,244.0 472.52763,244.0
;
465.81809,235.98635 465.81809,235.98635 450.59794,234.88269
468.2508,222.95708 457.93045,228.00005 450.82794,219.79957
480.56824,218.09839 471.06405,218.9127 474.44587,214.14134
493.88098,217.91403 500.26484,225.16961 498.16733,229.31406
478.44291,209.94118 477.20688,222.25061 479.02117,230.08075
474.45032,237.5158 465.81809,235.98635 465.81809,235.98635
465.81809,235.98635 465.81809,235.98635 465.81809,235.98635
;
472.0,228.0 472.0,228.0 482.82078,222.61849
461.99658,222.10453 472.0,228.0 472.0,228.0
472.0,228.0 472.0,228.0 472.0,228.0
;
485.33826,235.91878 485.33826,235.91878 486.31864,233.36914
503.67756,221.3682 495.44425,231.71059 492.09159,232.90881
488.79764,235.50282 485.33826,235.91878 485.33826,235.91878
485.33826,235.91878 485.33826,235.91878 485.33826,235.91878
;
479.44267,234.0 479.44267,234.0 475.18481,224.37287
492.98192,220.06082 485.64567,231.13187 483.55479,231.90056
481.65574,233.76512 479.44267,234.0 479.44267,234.0
479.44267,234.0 479.44267,234.0 479.44267,234.0
;
334.66667,237.0 334.66667,237.0 342.52676,228.82679
324.2306,231.38099 334.66667,237.0 334.66667,237.0
334.66667,237.0 334.66667,237.0 334.66667,237.0
;
539.11166,230.0 539.11166,230.0 541.24195,236.67799
541.09154,221.50655 538.07873,217.38558 535.27324,214.5176
536.64408,223.31597 538.48656,233.5 538.48656,233.5
538.83102,231.57121 538.83102,231.57121 538.83102,231.57121
539.11162,230.0 539.11162,230.0 539.11162,230.0
539.11166,230.0 539.11166,230.0 539.11166,230.0
;
543.81254,227.06238 543.81254,227.06238 545.36392,222.36242
537.59488,198.81488 539.18787,208.5 540.63112,213.26539
542.20197,226.53252 543.81254,227.06238 543.81254,227.06238
543.81254,227.06238 543.81254,227.06238 543.81254,227.06238
;
309.41862,226.0 309.41862,226.0 319.32264,220.02156
322.98284,207.52686 331.38226,200.0 322.82522,203.16131
319.20085,215.98609 311.56639,222.25 311.77069,222.84419
307.36729,226.46985 309.41862,226.0 309.41862,226.0
309.41862,226.0 309.41862,226.0 309.41862,226.0
;
568.82124,216.0 568.82124,216.0 568.35932,210.43322
563.05009,188.54427 566.0,191.11803 566.17632,203.62302
562.3115,193.38029 566.0153,210.91596 571.18326,206.64546
565.00852,205.61398 568.82121,216.0 568.82121,216.0
568.82124,216.0 568.82124,216.0 568.82124,216.0
;
302.02084,210.75 302.02084,210.75 310.44367,197.87743
294.48429,225.94707 307.45065,206.96003 318.46673,193.2667
299.50655,201.88437 299.79618,212.33525 297.18647,218.74344
300.87009,212.6818 302.02084,210.75 302.02084,210.75
302.02084,210.75 302.02084,210.75 302.02084,210.75
;
364.12748,203.87252 364.12748,203.87252 366.84532,202.64789
369.62551,206.15524 370.73703,201.92967 361.37106,200.71464
359.49408,199.96317 349.64884,195.6115 346.11615,198.51173
325.87935,198.47416 336.76793,203.00036 341.52364,204.50389
350.39262,204.31853 358.97807,203.38804 362.13552,201.24569
361.27031,209.31102 364.12748,203.87252 364.12748,203.87252
364.12748,203.87252 364.12748,203.87252 364.12748,203.87252
;
351.98456,202.66667 351.98456,202.66667 337.77644,202.8752
349.24883,189.99547 353.89467,201.38319 361.82104,196.13761
358.05811,202.52389 351.98456,202.66667 351.98456,202.66667
351.98456,202.66667 351.98456,202.66667 351.98456,202.66667
;
384.61192,204.0 384.61192,204.0 382.30423,195.27405
369.08734,192.7782 364.5,191.0 360.98115,191.35638
350.64071,185.19921 352.00003,184.52144 337.07148,191.83421
366.69244,194.10044 360.50003,196.03055 367.88112,198.90717
378.56282,195.87953 384.61192,204.0 384.61192,204.0
384.61192,204.0 384.61192,204.0 384.61192,204.0
;
450.25,201.68293 450.25,201.68293 458.93124,197.74518
467.31769,199.893 477.55792,197.27116 483.03161,193.8397
498.45996,196.30115 499.83169,190.91868 494.41314,193.04207
471.30924,193.50655 481.0,191.14541 469.86497,186.23647
470.83517,196.95169 460.16386,193.91732 452.84066,204.81943
449.73519,191.73511 448.95993,201.6765 448.95993,201.6765
450.25065,201.6825 450.25065,201.6825 450.25065,201.6825
450.25,201.68293 450.25,201.68293 450.25,201.68293
;
443.32569,201.0 443.32569,201.0 449.36487,198.72693
448.3339,191.61598 446.25115,194.01965 445.52707,197.66278
440.08983,200.5209 443.32569,201.0 443.32569,201.0
443.32569,201.0 443.32569,201.0 443.32569,201.0
;
434.0,196.5 434.0,196.5 444.81389,183.93645
433.31233,199.42227 441.0,195.93723 445.66366,187.60952
443.59875,192.55693 456.12062,194.15107 467.10951,188.51932
451.3509,195.4766 455.5,187.87859 460.16972,187.70424
484.39679,188.55247 469.5628,183.11821 473.81392,181.80627
493.27806,193.01314 485.95017,187.28866 470.10167,181.92214
485.74797,181.73178 492.13537,184.41644 488.58643,180.71335
473.30137,174.96778 477.81822,179.90281 469.27155,177.30345
460.43589,182.58443 456.0,182.8031 450.6776,188.61971
433.49195,186.23418 433.0,197.11813 433.0,197.11813
434.0,196.5001 434.0,196.5001 434.0,196.5001
434.0,196.5 434.0,196.5 434.0,196.5
;
512.84434,191.48899 512.84434,191.48899 508.89697,183.54406
497.97859,185.06441 493.5,176.96767 475.1375,175.62257
492.71475,177.6653 498.68757,185.59658 499.34772,181.67954
508.40994,190.20382 512.84434,191.48899 512.84434,191.48899
512.84434,191.48899 512.84434,191.48899 512.84434,191.48899
;
324.34791,183.32673 324.34791,183.32673 332.94721,171.18661
343.87518,157.83693 350.61707,146.0 343.91824,151.63409
339.15744,164.19969 331.97081,166.53518 332.36269,174.22774
322.46417,173.77305 317.34381,181.01634 315.84502,188.95624
335.98252,162.28334 324.89603,179.8414 321.0372,180.78317
320.89044,189.98321 324.34791,183.32673 324.34791,183.32673
324.34791,183.32673 324.34791,183.32673 324.34791,183.32673
;
341.84526,182.21613 341.84526,182.21613 347.72627,180.8108
352.48026,166.9205 358.72321,159.80786 361.05245,151.44934
351.45868,169.0704 347.20104,173.10601 346.2027,174.69889
338.40153,184.93512 341.84526,182.21613 341.84526,182.21613
341.84526,182.21613 341.84526,182.21613 341.84526,182.21613
;
561.97555,172.51511 561.97555,172.51511 567.42349,164.22361
558.83462,154.12154 560.54748,164.5 566.84264,161.03456
559.08109,173.85034 561.97555,172.51511 561.97555,172.51511
561.97555,172.51511 561.97555,172.51511 561.97555,172.51511
;
196.79375,166.88486 196.79375,166.88486 209.90284,149.82043
189.26424,165.66881 195.0,168.07584 194.44383,171.13323
196.15096,167.41618 196.79375,166.88486 196.79375,166.88486
196.79375,166.88486 196.79375,166.88486 196.79375,166.88486
;
362.65197,161.37119 362.65197,161.37119 370.84689,145.91423
350.81577,173.05765 362.65197,161.37119 362.65197,161.37119
362.65197,161.37119 362.65197,161.37119 362.65197,161.37119
;
364.42611,155.06133 364.42611,155.06133 367.8839,150.56637
372.85307,141.72249 378.9173,136.90045 388.35842,119.81989
384.4381,136.3652 390.46634,122.45054 402.20335,105.43127
416.30074,89.795412 432.5,76.881509 409.81079,88.354691
396.06224,111.85925 380.26191,131.05256 371.00367,143.78084
377.10706,130.20971 370.35046,142.6117 368.14077,144.61653
359.66969,157.09035 364.42611,155.06133 364.42611,155.06133
364.42611,155.06133 364.42611,155.06133 364.42611,155.06133
;
214.15949,144.91464 214.15949,144.91464 219.03698,141.24295
217.34759,138.90382 212.8618,144.58541 213.14541,141.75258
207.05289,145.70916 214.15949,144.91464 214.15949,144.91464
214.15949,144.91464 214.15949,144.91464 214.15949,144.91464
;
351.25,140.42393 351.25,140.42393 359.1944,135.08061
368.21291,125.18007 371.93641,115.5 365.29141,122.19675
355.75156,127.99906 350.00002,136.39472 353.8531,136.11655
373.84667,112.02063 364.09612,125.00005 362.25385,129.67092
348.63837,140.21255 351.25,140.42393 351.25,140.42393
351.25,140.42393 351.25,140.42393 351.25,140.42393
;
541.5904,122.0 541.5904,122.0 551.13494,112.86635
532.28243,117.3486 541.5904,122.0 541.5904,122.0
541.5904,122.0 541.5904,122.0 541.5904,122.0
;
373.30301,112.98041 373.30301,112.98041 382.92387,106.83471
388.4496,95.866875 397.5,88.800963 387.66595,93.136318
381.75135,106.44532 373.22251,110.20768 372.81565,112.84546
366.41256,117.31403 372.87624,113.23184 372.87624,113.23184
373.30301,112.98041 373.30301,112.98041 373.30301,112.98041
;
422.76168,104.0 422.76168,104.0 424.17987,99.627278
449.23021,98.418513 436.18055,98.370422 432.12683,99.065201
421.0812,100.00361 422.76168,104.0 422.76168,104.0
422.76168,104.0 422.76168,104.0 422.76168,104.0
;
476.25,65.919052 476.25,65.919052 471.78176,59.288759
459.3752,60.138129 475.5,65.838102 475.5,65.838102
476.25,65.919052 476.25,65.919052 476.25,65.919052
476.25,65.919052 476.25,65.919052 476.25,65.919052
;
296.26731,40.460618 296.26731,40.460618 299.97312,35.375687
308.90439,39.75636 304.54645,30.748578 303.51377,24.327256
298.53065,32.181904 303.5,32.5 302.30713,33.589578
289.84278,41.60769 296.26731,40.460618 296.26731,40.460618
296.26731,40.460618 296.26731,40.460618 296.26731,40.460618
;
