427.0,480.0 427.0,480.0 284.66667,480.0
142.33333,480.0 0.0,480.0 0.0,320.0
0.0,160.0 0.0,0.0 284.66667,0.0
569.33333,0.0 854.0,0.0 854.0,160.0
854.0,320.0 854.0,480.0 711.66667,480.0
569.33333,480.0 427.0,480.0 427.0,480.0
427.0,480.0 427.0,480.0 427.0,480.0
;
181.14649,479.0 181.14649,479.0 196.65547,479.63368
206.97582,467.24982 217.01957,457.40508 224.68058,448.15495
222.4359,433.24399 225.71128,423.00395 227.22022,418.32198
229.51046,404.51902 231.04211,395.54704 232.87517,382.07331
233.19646,368.62262 234.28388,355.29068 234.43401,348.99902
227.17766,336.23967 234.0381,332.0 232.61545,320.6524
236.35404,308.89655 235.97425,297.19258 237.03541,300.36667
244.15562,273.81497 238.42144,282.04285 239.98013,279.61813
247.43851,261.07555 243.03168,261.09846 236.35205,274.38977
248.69347,248.75077 245.99704,251.44824 249.46656,245.98991
247.13656,239.67554 252.86558,228.5 253.38252,219.30128
259.65673,202.21542 257.61804,202.90202 255.07414,201.8546
259.3397,186.60349 261.50003,188.30549 266.371,179.87407
264.15533,166.72205 268.99729,161.99556 269.43601,155.98749
276.05392,142.81001 278.86721,133.81863 292.76477,96.213742
317.31711,60.446809 352.3121,39.555464 376.36419,28.913974
403.34517,21.556592 429.6508,24.557682 439.18522,26.712207
453.01466,25.654198 456.30163,35.379554 463.90296,35.956924
466.34425,45.794714 477.22331,48.053245 490.09731,54.547867
482.91242,45.662249 489.16347,50.887034 495.94889,57.256703
502.44407,58.903 508.17473,66.635253 533.69211,86.898169
540.00284,120.51403 551.51743,148.93147 549.02041,152.16363
551.97323,162.81752 554.24383,171.5 560.42844,184.65264
558.85594,200.35216 564.00625,213.92953 564.33356,223.03682
565.75578,234.54902 567.759,240.25 568.41487,249.39778
576.60568,272.99845 574.09735,270.57231 575.46898,266.74929
574.93661,288.96537 575.7869,295.5 577.6901,325.80108
574.48665,357.07528 581.63122,386.6377 588.00703,402.06529
589.38858,424.1068 608.22026,429.5 615.74699,438.13783
628.29262,440.74434 634.6425,448.54509 646.86449,455.76059
654.8789,467.93157 669.49954,470.81702 680.23434,467.71734
685.38087,483.84184 689.8919,477.4499 687.33749,471.24408
695.95824,476.01755 681.73331,467.11589 662.03125,451.09184
637.3353,443.97001 616.46726,430.94702 608.55065,424.63083
598.55272,420.05905 595.0318,410.47251 589.98564,398.89962
589.36263,385.30734 589.87155,372.01698 588.80582,368.01212
590.77613,357.92421 590.50016,348.08956 590.64568,322.41758
591.18013,297.19503 587.04519,272.16723 584.10549,256.57288
582.15739,239.39165 579.9909,224.49426 575.49969,236.30759
576.56787,222.13048 575.88054,213.48502 575.48568,205.65741
569.69714,190.27229 570.50019,189.0 575.28076,202.91915
574.91197,194.32345 572.25051,183.5 569.6849,192.43746
569.57834,168.37787 567.20309,163.68322 564.90157,152.50596
566.96437,150.19114 564.19074,142.5 562.76223,128.9962
568.2128,131.65759 562.15208,130.56516 559.79159,119.2861
560.42474,132.0402 561.96968,140.5 559.02417,144.57528
556.18398,124.85517 558.52095,120.95718 554.30695,109.16108
552.12007,105.63331 552.11798,107.0 543.01779,100.46779
555.75649,107.12443 549.12764,94.49945 549.89022,97.876881
540.55433,88.061585 537.71529,80.057945 528.98614,78.720912
529.32939,65.146908 535.86671,74.723282 525.38587,70.159347
547.4665,81.843267 544.94886,77.482764 535.73141,65.156157
537.23931,70.652371 540.89405,76.565481 537.69761,72.898106
537.90318,74.907376 532.10524,66.578118 535.38291,57.197152
514.4288,57.861401 508.87031,50.459019 501.0593,46.673696
489.85725,46.317825 500.11803,44.000006 502.16416,47.537441
517.07952,46.966787 507.27183,43.330334 496.57137,41.108015
487.57038,38.748265 489.86463,36.5 489.83143,46.032395
472.77956,33.437775 472.25,31.650999 471.28791,37.955274
451.69229,15.407498 461.32107,28.012262 457.74888,26.352895
440.67758,19.560994 440.41667,20.125167 436.93474,16.706353
422.63684,17.726389 418.66336,18.904894 408.63134,18.983144
397.49363,17.646888 388.57128,20.388979 376.2822,17.778365
372.63928,28.042385 369.68726,26.684953 370.42181,30.688805
362.55163,17.076508 363.40451,26.154502 376.40955,31.570663
352.04278,26.408154 358.5,27.969374 351.60261,35.868996
361.31813,30.260218 350.84727,33.679652 344.85917,37.326451
339.44239,42.42914 330.33322,46.0 315.89852,58.93018
330.51026,52.120726 330.76535,49.183335 328.82365,57.811643
322.06663,50.420566 322.0,55.0 320.78911,66.394687
313.70583,53.135984 315.49222,64.69166 312.33982,69.467708
293.35566,88.353193 300.72347,77.5 311.72122,65.652155
314.01402,60.571667 304.85631,68.9796 314.79841,61.089272
319.9243,51.380551 306.85334,64.690866 300.77365,72.270288
287.59052,80.875082 287.22797,88.721162 297.5505,93.018515
283.35775,109.53496 286.08829,98.327739 278.93959,95.569232
281.94461,111.56777 275.42072,104.40877 273.65489,110.13803
268.88987,112.24917 260.33595,119.359 257.6924,122.68756
268.70885,119.71442 271.00885,114.95722 276.53512,108.74469
280.51824,104.92648 279.72666,114.5 284.67691,100.55454
285.23365,110.4968 282.05167,112.14965 279.31579,117.04672
274.02452,125.48099 271.00527,134.87871 268.11563,142.55138
266.39632,151.90993 262.1495,161.53601 253.05197,175.29615
261.70179,163.94921 257.69683,177.34301 253.94946,187.32458
255.75055,194.28738 248.77256,203.0 247.31325,211.32181
241.54364,222.0499 247.62915,217.01805 248.11999,230.3327
238.8376,220.22244 241.80401,229.48812 247.83861,225.23724
237.44482,248.95195 237.99996,245.74855 233.58481,254.75376
233.34277,265.63235 231.68887,274.35203 226.08024,286.36846
230.80876,286.49074 228.36233,293.40932 225.72715,298.38009
222.5457,326.46551 226.32442,311.06138 231.91703,311.74691
222.71348,318.4589 222.56492,319.0 226.11063,335.4793
227.74284,310.6877 225.95649,331.39483 219.82692,324.29237
227.36992,338.39256 221.68958,346.43105 220.21162,353.34995
212.88722,370.55892 212.98859,367.50708 214.1225,366.1982
197.43121,386.21399 204.48617,380.26107 209.98048,377.43232
218.68911,359.36337 216.83417,372.10485 220.87741,375.52488
215.04611,364.1352 221.50121,358.13852 223.66911,356.32366
228.25837,353.86515 222.5473,354.00472 216.97844,351.48111
225.28132,353.80677 225.08738,348.06405 230.70711,351.0422
224.95273,363.98598 222.29387,370.39883 216.10324,375.50025
224.84824,391.12833 218.00003,386.75511 208.84913,391.76652
220.60015,401.40742 208.12151,408.2578 211.88732,408.3468
216.84656,410.2179 210.77339,420.97798 208.28056,425.72851
204.50765,432.48005 201.07869,440.46161 201.04169,454.07459
198.56866,449.97475 193.01971,460.97231 191.03699,474.426
186.79828,453.8734 187.0,469.87315 186.16375,474.00773
167.28497,479.79943 181.14649,479.0 181.14649,479.0
181.14649,479.0 181.14649,479.0 181.14649,479.0
;
187.75,475.33792 187.75,475.33792 184.39105,471.64307
204.29921,466.66448 187.75,475.33792 187.75,475.33792
187.75,475.33792 187.75,475.33792 187.75,475.33792
;
199.58276,462.32987 199.58276,462.32987 190.68263,460.44821
209.53135,449.49584 199.58276,462.32987 199.58276,462.32987
199.58276,462.32987 199.58276,462.32987 199.58276,462.32987
;
660.0,459.90692 660.0,459.90692 644.93977,451.75797
650.92057,450.22328 662.91528,458.43428 661.86392,458.57033
661.18121,460.34967 660.0,459.90692 660.0,459.90692
660.0,459.90692 660.0,459.90692 660.0,459.90692
;
202.57565,449.5 202.57565,449.5 199.47781,448.43768
205.62335,432.54946 210.02365,426.91219 214.22488,415.30045
208.86569,442.56264 205.13822,438.96738 205.08532,443.13701
204.8271,442.25008 202.57565,449.5 202.57565,449.5
202.57565,449.5 202.57565,449.5 202.57565,449.5
;
214.46656,442.70888 214.46656,442.70888 207.61649,437.5199
217.56979,427.26211 215.45552,434.5 211.34421,428.94307
216.05003,443.5624 214.46656,442.70888 214.46656,442.70888
214.46656,442.70888 214.46656,442.70888 214.46656,442.70888
;
214.71364,406.09593 214.71364,406.09593 215.36122,404.74055
214.21821,390.76575 222.32035,388.5 218.87287,394.68166
220.92366,397.83014 214.71364,406.09593 214.71364,406.09593
214.71364,406.09593 214.71364,406.09593 214.71364,406.09593
;
585.57553,385.0 585.57553,385.0 585.20831,381.22768
578.98185,358.75272 584.76814,372.5 583.02845,364.37872
589.60235,345.63437 587.91324,364.26811 586.75884,369.39271
585.55493,376.90094 585.57553,385.0 585.57553,385.0
585.57553,385.0 585.57553,385.0 585.57553,385.0
;
582.82808,366.0 582.82808,366.0 579.13956,351.53258
586.31445,352.68408 582.82808,366.0 582.82808,366.0
582.82808,366.0 582.82808,366.0 582.82808,366.0
;
585.25185,339.66667 585.25185,339.66667 582.44047,330.00088
585.40511,314.68925 584.78953,302.87714 590.92177,302.09698
581.27496,328.7685 587.64735,316.95379 588.96306,294.17753
588.66202,314.01132 588.66483,325.83721 588.95356,341.26897
586.68898,307.0205 586.7882,331.91409 585.58256,333.18698
588.34984,340.72504 585.25185,339.66667 585.25185,339.66667
585.25185,339.66667 585.25185,339.66667 585.25185,339.66667
;
585.97453,296.0 585.97453,296.0 580.29794,288.18896
579.49217,279.9821 580.5,272.5814 580.32066,262.54566
581.75273,253.06224 577.59112,246.14744 581.82697,246.90765
578.55758,234.65919 578.08415,235.0 575.1321,227.42861
583.56109,238.92802 582.00085,250.89056 581.2543,266.54102
587.79815,280.28523 587.7064,296.0 587.7064,296.0
585.97452,296.0 585.97452,296.0 585.97452,296.0
585.97453,296.0 585.97453,296.0 585.97453,296.0
;
572.53388,249.34863 572.53388,249.34863 568.98697,241.98664
578.10975,237.29737 572.53388,249.34863 572.53388,249.34863
572.53388,249.34863 572.53388,249.34863 572.53388,249.34863
;
244.20765,246.37166 244.20765,246.37166 242.50397,243.30488
244.68103,232.7826 249.93723,230.0 247.07908,235.05869
245.5623,241.25335 244.20765,246.37166 244.20765,246.37166
244.20765,246.37166 244.20765,246.37166 244.20765,246.37166
;
568.85291,235.0 568.85291,235.0 567.68455,229.91776
564.40235,209.15314 568.84591,225.5 567.56507,233.73943
578.62252,215.7812 568.85291,235.0 568.85291,235.0
568.85291,235.0 568.85291,235.0 568.85291,235.0
;
565.05761,208.0 565.05761,208.0 557.85276,196.37332
572.76584,204.48507 567.48198,203.94323 562.8222,200.43991
568.48019,208.78016 565.05764,208.0 565.05764,208.0
565.05761,208.0 565.05761,208.0 565.05761,208.0
;
565.04531,175.0 565.04531,175.0 557.99692,162.02017
569.63561,164.46471 565.04531,175.0 565.04531,175.0
565.04531,175.0 565.04531,175.0 565.04531,175.0
;
293.21862,93.957674 293.21862,93.957674 281.68769,91.362399
298.3338,71.86638 291.67897,86.0 288.94622,94.514209
295.96206,83.162059 300.87505,81.157306 306.9905,76.804411
289.90035,94.829422 293.21862,93.957674 293.21862,93.957674
293.21862,93.957674 293.21862,93.957674 293.21862,93.957674
;
530.68351,71.291206 530.68351,71.291206 527.65313,69.566725
512.88435,56.30782 521.5,63.465534 509.5478,52.641658
537.69773,61.871827 531.6361,67.876722 531.6261,69.165167
533.32166,71.484025 530.68351,71.291206 530.68351,71.291206
530.68351,71.291206 530.68351,71.291206 530.68351,71.291206
;
515.64098,69.0 515.64098,69.0 504.79562,61.562498
512.01093,59.728368 514.02202,65.77339 520.33102,66.714176
515.85095,68.825308 515.64098,69.0 515.64098,69.0
515.64098,69.0 515.64098,69.0 515.64098,69.0
;
514.40494,59.86136 514.40494,59.86136 509.23264,61.054753
503.84741,53.709853 504.54727,52.004726 493.7097,52.520094
503.67194,52.26717 501.75511,49.0 507.89966,52.280378
514.69688,60.875122 508.84549,54.595492 508.25493,51.048897
519.56229,60.655543 514.40494,59.86136 514.40494,59.86136
514.40494,59.86136 514.40494,59.86136 514.40494,59.86136
;
377.99169,25.320059 377.99169,25.320059 362.36388,24.142744
402.84329,19.186218 396.80027,21.533064 390.85085,24.091724
383.86957,21.686555 377.99169,25.320059 377.99169,25.320059
377.99169,25.320059 377.99169,25.320059 377.99169,25.320059
;
363.6915,472.64183 363.6915,472.64183 362.13878,466.92246
350.08395,449.10978 358.07893,464.73902 359.77921,466.99113
361.2941,472.20005 363.6915,472.64183 363.6915,472.64183
363.6915,472.64183 363.6915,472.64183 363.6915,472.64183
;
393.25,423.90265 393.25,423.90265 391.01593,418.73802
374.75049,416.78293 369.39783,409.25358 356.79521,396.41916
360.29949,406.67148 350.03505,396.49526 333.95778,384.28951
322.9186,367.37002 312.13272,350.81771 310.28029,341.3379
303.47737,330.72388 302.33768,319.63021 300.15398,304.28343
300.34192,288.27861 297.65486,272.75228 298.49732,259.88496
300.58587,265.82093 299.00099,255.5907 304.246,240.1412
312.23195,224.88589 324.16033,213.62204 339.56007,219.61563
356.5043,221.39284 372.5,216.62647 363.50312,209.35251
392.26053,226.79404 389.62509,212.51039 384.03583,208.72469
376.43152,195.52705 365.62043,194.88429 354.9007,192.46153
341.64313,191.28676 332.5,198.12399 344.21012,197.56329
333.94325,198.60459 345.79648,196.477 356.24819,193.1172
352.97898,197.04715 365.49469,197.3725 372.93012,197.83547
390.62523,211.19297 381.64085,214.9754 369.02741,217.72345
382.96923,208.67406 372.18994,202.01034 364.4673,197.13397
345.19278,196.47539 348.29079,197.07381 343.11663,199.21733
322.95228,207.21844 328.15572,196.5 334.53149,189.57475
335.96933,183.1238 344.11329,181.78714 339.65141,173.9786
345.42236,175.99502 349.83339,175.0 353.18345,168.85388
375.25184,181.30254 373.3333,175.60783 363.81856,171.02937
351.26463,166.46501 341.1443,171.42437 337.54784,176.77757
327.99397,186.56736 325.6158,195.83274 320.06188,211.56488
340.92722,203.17056 349.35995,201.55202 358.51089,204.48146
359.44201,203.11374 369.86801,204.0412 373.68889,213.44725
356.91569,218.45055 351.0,209.62388 349.96887,206.72523
362.5751,208.96947 348.92267,203.0 334.59853,203.0204
351.36578,218.98075 337.51139,209.76901 327.78104,207.34555
319.63466,209.43366 315.99497,216.37081 293.28741,234.54726
288.36738,266.17192 294.52271,293.22506 295.26918,325.72874
306.77401,357.75022 329.22062,381.60851 346.91023,399.80308
368.02456,417.91446 393.25,423.90265 393.25,423.90265
393.25,423.90265 393.25,423.90265 393.25,423.90265
;
441.57759,422.98593 441.57759,422.98593 470.78351,412.94074
494.69753,389.51395 510.83391,363.50003 528.02311,334.52154
529.00238,300.11916 539.09168,268.60557 543.90861,234.52951
536.16113,200.1646 529.51118,166.82135 526.38386,155.63675
521.7209,143.95607 519.66216,133.17799 513.72006,125.15016
514.64738,121.85243 513.0,111.0 509.92142,114.18895
507.98181,115.00544 510.411,121.07389 510.90242,121.7729
518.2979,138.77279 513.05192,135.0 520.80281,145.31609
520.62515,159.38978 523.3937,171.17204 526.74827,172.75663
536.40344,197.56221 527.40754,189.3057 517.96461,181.22347
509.32675,183.23414 517.55486,186.7206 500.2108,182.29306
510.65278,189.16691 522.30207,189.29773 523.27136,185.72038
526.70213,190.3449 531.75702,198.73534 532.5524,208.96527
534.7045,219.13573 535.24246,228.79022 535.14796,236.58904
532.36917,253.98408 536.06316,236.55 538.7651,247.39034
534.67022,247.61286 535.69233,260.40312 532.60848,285.00562
524.45832,308.69191 519.69511,332.98936 511.60169,357.4566
498.12673,382.0916 477.57976,397.56935 466.37785,405.57867
456.13286,416.40137 442.68712,421.77972 443.54087,421.87842
438.21776,423.50854 441.57759,422.98593 441.57759,422.98593
441.57759,422.98593 441.57759,422.98593 441.57759,422.98593
;
204.11576,402.58852 204.11576,402.58852 215.38806,402.72623
207.90769,391.74615 206.45255,399.92323 204.77202,402.07737
200.12543,397.07372 204.11576,402.58852 204.11576,402.58852
204.11576,402.58852 204.11576,402.58852 204.11576,402.58852
;
198.47106,401.60713 198.47106,401.60713 199.92511,398.62887
206.14946,394.58083 198.14095,397.02541 198.14695,397.82634
195.11583,403.26295 198.47106,401.60713 198.47106,401.60713
198.47106,401.60713 198.47106,401.60713 198.47106,401.60713
;
383.78733,358.546 383.78733,358.546 380.22678,350.81447
366.76259,336.24431 384.8871,345.71906 401.13933,350.5238
396.93563,347.6099 387.68123,341.91877 394.75621,344.10999
404.12788,344.3234 411.15764,344.92181 423.27325,341.03416
426.54132,350.46419 434.16583,342.03276 442.60559,346.7654
454.6617,337.64115 448.5,337.5 458.23245,334.2034
464.70361,351.44018 462.36814,337.83809 452.89571,335.57301
446.32147,330.84176 439.0,338.05161 432.33959,337.69199
428.45679,322.68522 417.48912,330.0176 412.11444,328.22218
401.83722,323.58606 394.48792,323.59239 395.06903,326.55216
401.27552,325.27539 386.47011,331.10406 378.19198,337.66299
390.96975,340.36506 399.38226,339.99999 391.21766,343.35118
383.7247,339.90839 373.90549,339.91099 374.11671,339.21134
392.56583,329.11011 382.01916,330.12868 385.86531,323.44163
400.21134,311.10019 385.05192,322.03646 378.55421,328.55625
374.66334,333.39371 366.52693,334.5 362.25612,346.10824
364.40188,346.45603 370.02267,342.62886 373.23534,346.46493
380.08488,354.1516 383.78733,358.546 383.78733,358.546
383.78733,358.546 383.78733,358.546 383.78733,358.546
;
425.05968,342.0 425.05968,342.0 412.14462,341.9734
420.7659,325.59279 431.0,332.21398 430.9267,336.77261
432.31832,344.18724 425.05968,342.0 425.05968,342.0
425.05968,342.0 425.05968,342.0 425.05968,342.0
;
409.45193,341.0 409.45193,341.0 402.96791,343.67027
395.64677,327.10515 407.40421,329.02836 415.20078,328.3711
418.83602,342.79985 409.45193,341.0 409.45193,341.0
409.45193,341.0 409.45193,341.0 409.45193,341.0
;
394.95726,336.84752 394.95726,336.84752 381.54062,329.93624
401.60724,337.11817 393.5,330.20384 397.74584,327.81621
402.84597,338.61341 394.95726,336.84752 394.95726,336.84752
394.95726,336.84752 394.95726,336.84752 394.95726,336.84752
;
445.26357,346.92105 445.26357,346.92105 453.88233,345.54644
464.38733,337.91593 449.0,343.19565 451.27556,345.89316
439.43019,346.86756 445.26357,346.92105 445.26357,346.92105
445.26357,346.92105 445.26357,346.92105 445.26357,346.92105
;
235.06392,339.93081 235.06392,339.93081 239.7957,318.67305
229.42431,336.11756 235.06392,339.93081 235.06392,339.93081
235.06392,339.93081 235.06392,339.93081 235.06392,339.93081
;
423.47698,291.0 423.47698,291.0 430.11577,287.00081
440.43884,285.84738 442.24489,291.0 453.36159,291.73528
456.37203,275.52241 450.09041,268.69041 454.66719,275.70202
446.95926,296.2709 441.61456,284.61456 438.02614,278.06275
423.47088,287.8387 423.47698,291.0 423.47698,291.0
423.47698,291.0 423.47698,291.0 423.47698,291.0
;
399.5,288.58989 399.5,288.58989 416.57464,289.47296
402.02172,276.02973 393.0,282.95712 387.13867,292.10801
384.7168,267.71054 390.79297,263.45963 379.16152,269.80587
383.75182,292.00582 399.5,288.58989 399.5,288.58989
399.5,288.58989 399.5,288.58989 399.5,288.58989
;
591.6382,257.69513 591.6382,257.69513 592.46924,252.20228
589.84177,225.96956 590.08068,243.24847 590.64477,247.64595
590.44904,255.11015 591.6382,257.69513 591.6382,257.69513
591.6382,257.69513 591.6382,257.69513 591.6382,257.69513
;
233.06498,241.64451 233.06498,241.64451 237.62978,231.0389
223.65797,247.10675 232.21134,242.72974 232.21134,242.72974
233.06498,241.64451 233.06498,241.64451 233.06498,241.64451
;
366.22266,231.98469 366.22266,231.98469 372.03905,235.12875
391.41343,218.21509 377.20912,225.71752 375.35249,228.74248
356.40659,231.8482 366.22266,231.98469 366.22266,231.98469
366.22266,231.98469 366.22266,231.98469 366.22266,231.98469
;
557.65105,227.68228 557.65105,227.68228 558.06963,221.23473
551.94156,200.26299 555.03103,218.04625 556.02099,220.53157
556.13487,227.12479 557.65105,227.68228 557.65105,227.68228
557.65105,227.68228 557.65105,227.68228 557.65105,227.68228
;
491.5,225.55625 491.5,225.55625 502.40224,223.10561
513.36748,223.67865 523.0,217.92963 520.89882,208.59661
505.45374,211.22024 497.84607,205.57926 489.1289,202.50218
466.72116,204.08921 487.39927,202.37853 497.70758,203.06142
511.95407,207.42091 514.97806,207.59455 500.348,198.11206
479.46137,197.3827 464.27922,206.14855 452.12212,213.76774
452.78835,225.2514 469.00566,221.63302 477.00987,220.5129
483.57771,227.40711 491.5,225.55625 491.5,225.55625
491.5,225.55625 491.5,225.55625 491.5,225.55625
;
488.93621,221.8831 488.93621,221.8831 482.68032,223.74255
515.26883,215.1321 494.73197,209.28342 489.09626,212.25501
485.33092,225.68248 473.5,217.67476 477.79575,209.68273
467.80865,214.44465 471.81909,209.4893 483.83407,204.84339
472.90142,213.06058 486.41495,207.59253 493.2553,205.59739
519.76428,214.91545 509.55425,217.48527 502.55445,218.04707
496.02755,222.49848 488.93621,221.8831 488.93621,221.8831
488.93621,221.8831 488.93621,221.8831 488.93621,221.8831
;
518.19805,218.0 518.19805,218.0 506.44468,214.89594
529.47467,212.49613 518.19805,218.0 518.19805,218.0
518.19805,218.0 518.19805,218.0 518.19805,218.0
;
464.0,211.69973 464.0,211.69973 452.00156,217.48237
488.29594,195.34178 469.5,207.50009 467.62058,208.83955
465.8207,210.28317 464.0,211.69973 464.0,211.69973
464.0,211.69973 464.0,211.69973 464.0,211.69973
;
311.4965,207.0 311.4965,207.0 316.45291,195.70392
325.44549,186.15667 333.5,176.57019 323.95885,183.99817
313.89402,195.68888 311.4965,207.0 311.4965,207.0
311.4965,207.0 311.4965,207.0 311.4965,207.0
;
299.94972,197.53107 299.94972,197.53107 309.48796,187.9084
313.83586,177.07938 302.27837,193.25 302.39723,195.01534
295.92986,197.9915 299.94972,197.53107 299.94972,197.53107
299.94972,197.53107 299.94972,197.53107 299.94972,197.53107
;
525.88945,184.41854 525.88945,184.41854 521.83292,176.50467
511.97292,168.75964 503.83456,164.97473 486.15966,165.10917
467.68157,164.87713 451.75,172.72796 447.12647,178.8473
457.75751,171.78797 461.0,173.88817 468.48386,170.58009
482.27275,171.65115 492.5,171.49993 498.5498,173.78438
491.31298,166.38984 505.0,172.22298 502.14602,163.78338
518.96083,179.19128 523.80708,183.13326 524.52108,181.53627
525.17481,186.08003 525.88945,184.41854 525.88945,184.41854
525.88945,184.41854 525.88945,184.41854 525.88945,184.41854
;
467.86722,183.47699 467.86722,183.47699 480.2201,182.44137
492.9073,183.33287 505.27843,180.83248 508.60207,182.24728
516.50979,178.39176 499.57463,178.52175 491.61464,173.695
486.70727,178.06912 474.95518,179.88162 470.44732,180.44601
470.04072,178.3872 464.14986,181.6309 463.9678,183.51316
465.44566,185.14866 467.86722,183.47699 467.86722,183.47699
467.86722,183.47699 467.86722,183.47699 467.86722,183.47699
;
391.84839,178.14846 391.84839,178.14846 386.24979,171.74613
376.70135,178.17776 372.45595,167.80115 361.69006,164.88524
381.86455,180.04912 380.39651,176.0854 381.97196,178.15216
387.57832,176.32238 391.5,179.55723 391.5,179.55723
391.84839,178.14843 391.84839,178.14843 391.84839,178.14843
391.84839,178.14846 391.84839,178.14846 391.84839,178.14846
;
402.0,177.0 402.0,177.0 404.27927,170.2748
390.0354,167.44945 384.5,164.5 377.75913,159.61813
377.89849,158.9111 364.36293,158.66194 353.58437,159.31297
363.06434,164.08823 370.57023,164.0 380.52197,168.37442
395.32912,170.4239 402.0,177.0 402.0,177.0
402.0,177.0 402.0,177.0 402.0,177.0
;
362.80902,157.92105 362.80902,157.92105 366.0675,150.46793
371.78923,150.39775 377.73166,142.5916 391.89379,131.25913
405.01777,116.72926 415.28659,104.14905 412.9565,103.70045
400.42295,118.92091 394.28312,124.33781 389.09124,127.84833
376.42222,144.74912 374.63212,140.29873 385.15675,129.80816
365.32,143.87763 361.84933,149.25294 362.22151,151.41376
357.90906,158.06774 362.80902,157.92105 362.80902,157.92105
362.80902,157.92105 362.80902,157.92105 362.80902,157.92105
;
231.5546,152.95469 231.5546,152.95469 241.13794,141.18184
220.74644,156.46525 231.5077,152.99359 231.5077,152.99359
231.5546,152.95469 231.5546,152.95469 231.5546,152.95469
;
245.11139,136.69039 245.11139,136.69039 257.15919,126.4032
239.28205,131.85505 240.2672,138.16533 237.00885,139.67426
240.1996,143.47249 245.11139,136.69039 245.11139,136.69039
245.11139,136.69039 245.11139,136.69039 245.11139,136.69039
;
577.65182,135.0 577.65182,135.0 580.84874,132.09199
577.51946,126.57457 572.59368,116.71895 567.93308,118.45959
575.54322,129.36975 577.65182,135.0 577.65182,135.0
577.65182,135.0 577.65182,135.0 577.65182,135.0
;
377.96482,131.0 377.96482,131.0 393.12314,115.78241
410.99958,98.143812 428.94116,84.0 431.99498,82.800778
453.31506,70.017728 442.87273,73.09858 417.52438,86.854399
397.79604,108.97299 377.88583,129.25 379.20235,129.06807
374.99924,132.16006 377.96483,131.0 377.96483,131.0
377.96482,131.0 377.96482,131.0 377.96482,131.0
;
565.83541,119.94096 565.83541,119.94096 569.60515,117.372
559.79564,105.91422 561.57715,111.0 555.79837,101.74907
565.65008,124.06485 565.83541,119.94096 565.83541,119.94096
565.83541,119.94096 565.83541,119.94096 565.83541,119.94096
;
558.40407,103.66667 558.40407,103.66667 562.13655,96.916517
545.31444,96.533384 558.40407,103.66667 558.40407,103.66667
558.40407,103.66667 558.40407,103.66667 558.40407,103.66667
;
288.63191,97.133669 288.63191,97.133669 292.60849,88.890432
279.46453,94.683864 286.10969,94.25 287.03032,97.154885
286.76573,103.51408 288.63191,97.133669 288.63191,97.133669
288.63191,97.133669 288.63191,97.133669 288.63191,97.133669
;
551.0295,93.273794 551.0295,93.273794 556.8895,92.161363
550.65256,90.122474 546.95698,83.610961 538.45328,79.843732
554.52338,96.515698 551.0295,93.273794 551.0295,93.273794
551.0295,93.273794 551.0295,93.273794 551.0295,93.273794
;
303.87712,65.16459 303.87712,65.16459 314.0313,51.879557
304.52687,65.931597 312.86708,56.89687 317.61454,53.158371
315.50597,47.88573 313.62479,50.5 310.11672,57.638348
315.83262,50.724762 306.49993,60.038482 305.18512,60.141425
300.61402,69.145722 303.87712,65.16459 303.87712,65.16459
303.87712,65.16459 303.87712,65.16459 303.87712,65.16459
;
432.5,64.908609 432.5,64.908609 439.02342,63.6013
445.37591,56.397604 434.0,61.572389 426.48685,63.492908
436.63773,62.37314 432.5,64.908609 432.5,64.908609
432.5,64.908609 432.5,64.908609 432.5,64.908609
;
341.74098,35.0 341.74098,35.0 351.70418,29.959978
353.36743,29.683162 344.5,30.121165 337.11001,33.721233
341.8175,31.681522 341.74098,35.0 341.74098,35.0
341.74098,35.0 341.74098,35.0 341.74098,35.0
;
