427.0,480.0 427.0,480.0 284.66667,480.0
142.33333,480.0 0.0,480.0 0.0,320.0
0.0,160.0 0.0,0.0 284.66667,0.0
569.33333,0.0 854.0,0.0 854.0,160.0
854.0,320.0 854.0,480.0 711.66667,480.0
569.33333,480.0 427.0,480.0 427.0,480.0
427.0,480.0 427.0,480.0 427.0,480.0
;
155.0,477.5 155.0,477.5 159.49673,469.63627
153.28892,467.18604 160.79486,459.09038 163.59302,455.04414
175.71843,434.35038 169.01695,444.12849 163.05095,437.09779
169.79488,447.56542 163.30754,452.37344 157.21635,460.60176
151.95394,463.58915 152.44792,473.48119 152.45912,474.4054
154.79022,482.58411 155.0,477.5 155.0,477.5
155.0,477.5 155.0,477.5 155.0,477.5
;
160.52832,478.8 160.52832,478.8 167.99627,478.35397
168.69464,465.13992 173.32755,460.88158 175.51983,461.32611
176.08974,451.9425 181.39467,443.5 187.26634,434.38388
190.89596,422.11187 194.43889,413.38508 201.75869,403.86267
197.32851,396.67219 194.99992,412.33333 193.66073,404.2645
199.43425,394.04499 201.58858,385.37536 203.45423,369.95401
207.82699,370.94607 209.82857,358.60907 204.45165,364.69927
212.60504,346.60545 212.1876,340.0 208.10255,348.92879
204.54915,358.93377 209.55061,340.87668 214.01519,323.22062
216.13896,303.62724 219.83056,284.53499 219.08523,278.42526
224.0624,257.3121 224.85458,258.45551 222.70124,274.50583
231.9462,250.39671 230.87308,245.5 223.86798,257.21498
230.98713,230.72153 232.32963,225.28425 241.40819,199.72896
247.39882,172.81187 255.77951,146.95494 261.82367,138.71705
257.5904,127.69695 266.30326,122.59905 266.77488,115.36944
273.08908,106.77919 279.39193,98.468953 285.53056,88.070516
295.86487,76.687368 303.99982,70.61501 315.95058,57.85259
335.2213,50.453906 351.36171,42.437714 380.01806,31.750102
411.99174,31.002124 441.09055,40.321177 442.56708,47.021617
454.8602,52.845278 461.89815,58.525175 471.979,64.695492
480.41848,67.904507 489.76192,73.5 510.06902,86.242333
517.26365,109.61004 528.73696,129.09288 533.84782,135.29941
527.21068,137.45784 532.81699,147.42131 536.53039,154.88311
543.56586,171.5892 534.71264,156.3706 534.91501,161.15661
540.86694,173.73877 539.98734,182.5 545.49267,198.52522
545.63034,212.2324 550.93279,227.98351 550.61033,235.1295
544.06878,234.6683 548.93723,249.0 552.23948,237.75923
550.34629,233.83468 552.77661,248.75393 546.66339,254.84621
554.70356,259.52667 551.68935,268.4185 551.66375,296.79437
552.77639,325.18741 550.72762,353.5 545.99841,341.04357
551.77255,363.71403 549.30668,368.32014 547.00712,387.34937
543.3245,406.15051 539.7766,424.97532 551.60287,428.41778
556.89234,440.79949 570.02415,440.03726 583.0517,440.49327
588.05141,450.04989 592.11702,461.12371 602.27104,465.74674
609.332,478.23026 620.49998,478.9114 613.02616,469.94023
601.8455,464.54497 594.2045,456.54949 590.27161,447.17032
613.86943,467.31633 601.70377,455.49996 590.89655,453.50882
590.20466,443.30394 583.25002,436.78768 575.3898,430.44657
563.69167,427.81277 555.41661,424.64318 544.53362,426.22825
544.006,415.43254 549.26384,406.76407 549.00013,399.06096
551.74545,391.45474 552.14643,380.04104 553.62761,376.81165
554.55742,379.83134 554.13758,369.56797 556.58723,354.84902
555.86917,358.22918 559.83871,362.09244 560.56704,344.31179
561.34442,326.71875 565.93315,309.61598 560.96055,311.29021
566.41145,293.86639 565.91555,286.29109 567.58049,275.67304
565.32322,266.87126 564.18504,256.5 567.26954,250.71215
568.45205,272.50221 566.92111,250.9481 561.44663,228.28259
560.34441,205.013 557.97923,182.0 556.53631,176.56556
558.89474,211.43052 555.45472,185.64891 551.09584,171.75316
558.98836,171.49996 556.00059,163.05902 553.89653,164.82446
552.97693,172.01649 552.54489,159.39231 552.58309,143.4521
556.93632,171.94417 554.61327,151.64417 551.23642,128.10956
553.50132,160.76307 550.9303,151.54133 544.25594,163.27268
553.90786,137.96283 546.96223,133.35682 547.71181,125.9653
537.55043,116.49818 545.16502,132.65445 549.201,143.31582
539.40646,126.67749 547.05207,146.34461 546.44785,148.67264
540.26102,129.62279 538.91486,129.44721 542.87461,138.0461
533.65016,134.93993 539.00026,133.86852 535.86976,130.48819
529.08799,125.47156 536.00026,127.48373 530.93183,122.50429
543.30726,129.05617 536.20983,122.98851 537.58482,116.94069
535.81885,113.01071 534.10404,120.43586 525.76696,115.94944
532.71373,107.53564 524.83044,102.00947 523.53735,94.40122
514.36538,86.270368 511.43423,80.205867 494.29578,68.151183
521.40441,77.322181 512.76236,72.994983 500.13638,64.825113
512.13741,69.504746 495.2236,63.490783 486.36017,60.935344
479.27709,56.460645 491.75001,56.477894 503.13025,57.437781
476.69291,50.592388 475.73588,53.097961 473.53317,57.781341
467.77026,48.287206 466.96739,51.138197 464.15034,51.631358
459.05065,49.596185 458.39847,46.595986 447.42987,41.899644
481.99711,52.516261 465.50001,45.090208 449.9441,38.044195
457.21568,45.466152 451.00001,41.764387 451.83031,39.867635
442.35941,31.826602 432.32044,32.091023 425.89116,25.547575
416.78987,27.440204 407.5567,28.778283 385.17457,31.925114
410.29834,25.658356 395.66309,27.373501 380.25402,24.402589
384.80199,32.060747 378.75001,30.25 370.71162,25.265367
357.84698,33.773939 347.50001,32.272364 357.2197,34.745626
352.14013,39.813048 344.75556,39.995454 328.83062,48.066275
357.17373,31.10014 339.98146,34.944349 338.7081,41.489421
333.9725,38.17207 327.00001,45.643714 326.61105,49.66915
325.9938,46.592957 317.00001,53.833842 321.60709,43.284671
305.76154,64.191522 300.02629,64.757033 288.85097,72.051088
294.86192,73.682406 288.18457,79.5 280.6262,86.982842
275.66291,97.439482 269.0627,105.0 270.17462,103.33634
265.712,110.87004 265.22898,101.31146 267.25918,95.622647
280.33314,73.286029 269.45527,87.879127 266.68052,100.38473
259.69415,101.95227 266.00001,110.02273 261.87321,122.59724
261.62551,112.87125 254.50001,123.04168 246.81305,124.65035
242.54695,142.12401 246.70671,139.98488 251.79651,133.06883
243.01776,143.29641 246.00004,144.11803 242.18987,145.52841
241.44674,162.29971 240.40972,170.21382 235.36477,180.26266
240.47092,190.70657 230.00004,193.07791 238.83418,191.40829
231.44813,197.2518 230.02884,201.24064 238.7813,196.80169
225.65748,204.40368 230.52414,204.97994 236.29847,203.18114
224.27847,229.86102 227.54345,210.10501 225.23304,207.42649
221.60048,227.50101 225.45831,218.12477 230.44476,210.12747
218.01361,244.79474 225.80349,229.47657 226.54354,233.2304
223.47516,246.68158 221.08866,254.0 219.50449,257.94598
220.52312,275.62133 215.69798,266.6353 218.46776,265.52973
217.47461,250.75884 221.49995,248.79437 223.17522,231.38978
217.52864,253.56263 215.38906,259.73776 212.58635,270.83091
210.3042,273.51521 215.03818,275.5 214.05194,263.31208
219.03053,281.43326 213.18274,285.15973 211.95623,294.05577
217.70622,283.73056 212.99826,292.99726 211.04564,303.34185
211.77137,306.82125 209.85292,293.75 208.51068,293.58019
207.43212,313.17125 206.68582,320.44427 204.22232,327.30347
205.07633,341.68345 200.85823,339.5 204.02448,350.0103
196.79732,358.65369 195.99985,365.44857 191.64487,377.38266
190.70666,386.71583 197.2872,370.0 201.89259,372.285
197.07961,355.59943 201.27213,363.02555 199.51345,373.38115
195.65014,380.05496 196.31999,379.75138 195.24791,388.51102
189.15651,377.74425 187.20983,390.86948 184.34322,400.69857
178.76648,410.71949 174.28381,418.61713 182.06343,408.65479
179.49281,421.18213 185.18727,406.65858 189.52041,401.54279
189.95055,385.73892 192.25498,389.55836 191.93943,392.89727
193.5036,395.07258 186.85152,407.5 180.52845,418.07573
182.01749,420.1947 175.75624,430.27698 171.54557,436.90559
164.51261,443.45095 175.00001,435.61774 177.24594,443.08391
169.63468,455.67178 175.50001,446.0 180.5156,441.92072
164.64766,466.2995 168.93724,458.0 166.86224,460.5994
164.93832,473.15093 160.0,471.57414 168.63394,459.22617
155.69683,464.61761 159.80235,472.79765 163.28078,471.89244
153.58959,477.58077 160.52832,478.8 160.52832,478.8
160.52832,478.8 160.52832,478.8 160.52832,478.8
;
177.85194,440.32847 177.85194,440.32847 175.88563,440.45778
184.80503,427.15952 178.74197,436.78516 169.15598,438.24662
186.97207,417.1646 184.20519,426.61661 182.0027,430.82491
183.49478,438.4881 177.85194,440.32847 177.85194,440.32847
177.85194,440.32847 177.85194,440.32847 177.85194,440.32847
;
189.83174,417.0 189.83174,417.0 188.57625,405.75851
196.36216,400.46879 189.83174,417.0 189.83174,417.0
189.83174,417.0 189.83174,417.0 189.83174,417.0
;
202.10525,356.62618 202.10525,356.62618 201.38109,357.2099
203.63121,341.29723 206.34154,336.11453 206.97317,337.41102
205.18248,349.52927 202.10525,356.62618 202.10525,356.62618
202.10525,356.62618 202.10525,356.62618 202.10525,356.62618
;
558.62354,334.70979 558.62354,334.70979 553.27261,336.741
553.92033,314.52086 555.77906,322.41676 553.92827,330.97854
557.24976,329.86856 558.62354,334.70979 558.62354,334.70979
558.62354,334.70979 558.62354,334.70979 558.62354,334.70979
;
559.73504,280.75 559.73504,280.75 559.06506,293.69182
559.09244,251.25078 560.10958,276.0 559.98473,277.58333
559.85989,279.16667 559.73504,280.75 559.73504,280.75
559.73504,280.75 559.73504,280.75 559.73504,280.75
;
556.92704,276.0 556.92704,276.0 553.35207,261.3621
560.13354,259.76999 556.92704,276.0 556.92704,276.0
556.92704,276.0 556.92704,276.0 556.92704,276.0
;
555.62051,200.71283 555.62051,200.71283 550.73069,191.41075
555.39685,180.31478 555.62051,200.71283 555.62051,200.71283
555.62051,200.71283 555.62051,200.71283 555.62051,200.71283
;
545.31037,181.98469 545.31037,181.98469 538.21242,179.89321
548.30178,168.30437 545.31037,181.98469 545.31037,181.98469
545.31037,181.98469 545.31037,181.98469 545.31037,181.98469
;
548.89301,165.0 548.89301,165.0 543.89811,156.6774
546.86917,159.4337 551.0,158.0 550.9382,159.89883
551.45114,164.83511 548.89301,165.0 548.89301,165.0
548.89301,165.0 548.89301,165.0 548.89301,165.0
;
545.44814,157.32538 545.44814,157.32538 544.63466,161.31244
539.54725,142.79996 546.77684,154.54316 547.63327,155.63969
545.86443,156.39455 545.44814,157.32538 545.44814,157.32538
545.44814,157.32538 545.44814,157.32538 545.44814,157.32538
;
496.16322,69.0 496.16322,69.0 488.0093,65.691123
483.93019,58.974838 494.26377,65.948941 496.15068,66.809907
500.76522,66.821071 496.16322,69.0 496.16322,69.0
496.16322,69.0 496.16322,69.0 496.16322,69.0
;
356.81574,36.984687 356.81574,36.984687 351.19658,33.15905
361.13644,31.064494 371.75524,30.806614 385.86005,35.257175
357.54602,31.147466 360.32855,35.824157 359.196,36.341104
358.18316,37.425736 356.81574,36.984687 356.81574,36.984687
356.81574,36.984687 356.81574,36.984687 356.81574,36.984687
;
347.15019,479.0 347.15019,479.0 347.27593,468.35006
336.341,467.60225 347.15019,479.0 347.15019,479.0
347.15019,479.0 347.15019,479.0 347.15019,479.0
;
351.68144,477.0 351.68144,477.0 354.83586,475.23919
342.5015,463.85198 342.0,463.98485 345.28067,468.19109
348.1858,473.22226 351.68144,477.0 351.68144,477.0
351.68144,477.0 351.68144,477.0 351.68144,477.0
;
616.70864,467.62469 616.70864,467.62469 610.86722,451.00828
605.31313,457.78624 616.70864,467.62469 616.70864,467.62469
616.70864,467.62469 616.70864,467.62469 616.70864,467.62469
;
439.30902,456.97626 439.30902,456.97626 462.90159,458.2277
483.33135,439.37276 494.56739,420.06584 511.59917,392.16055
527.99194,362.94849 531.43372,329.79662 537.88771,301.10189
548.51874,271.45277 538.73668,242.13185 534.17426,220.7303
532.15421,199.92166 525.33301,179.72132 519.62827,152.57596
505.87272,128.29151 493.06403,104.03823 486.65991,107.95276
499.82096,117.49755 497.19306,121.04694 500.32142,125.55965
505.46404,132.3288 502.03949,134.24756 505.88124,143.15436
511.47865,147.49734 513.7239,158.07493 517.40599,168.00523
518.60655,178.90592 524.09146,188.11933 518.01473,182.75599
510.94495,178.18024 502.55414,181.49417 489.86469,178.06735
478.14118,185.63841 465.96482,188.19722 461.60649,198.31933
469.66507,188.41579 474.00431,189.28628 476.45134,191.08702
488.59067,185.40032 496.95551,186.71831 502.72678,185.17583
523.09673,185.66935 515.00052,192.08222 523.188,192.60624
519.83519,185.53975 528.00052,197.39873 524.35395,196.94914
508.78515,190.83523 500.18151,192.93976 492.00807,192.70549
472.42675,202.47594 488.29741,191.69354 492.94756,186.67462
465.0041,203.88432 483.43113,199.11235 494.79246,198.70029
507.7351,198.24308 519.4231,196.43458 523.67949,198.66124
529.47259,201.89627 519.4816,202.00012 508.29951,192.3842
517.70216,205.33429 526.97521,204.97813 532.09022,223.54678
535.51551,244.67406 539.22828,264.50012 538.50289,294.07823
527.83531,322.20879 523.07353,351.27355 520.20961,362.90645
515.28276,377.1897 508.8621,385.41458 507.59441,392.05301
498.68892,404.01798 494.41009,412.73755 485.43018,432.34236
467.46739,448.56964 446.58476,453.51339 436.754,452.03671
416.82013,457.21724 437.91503,456.97937 437.91503,456.97937
439.30953,456.97637 439.30953,456.97637 439.30953,456.97637
439.30902,456.97626 439.30902,456.97626 439.30902,456.97626
;
355.28652,456.0 355.28652,456.0 352.4739,447.75354
339.60222,438.90265 352.64883,453.66351 353.83331,453.81661
353.70674,456.6572 355.28652,456.0 355.28652,456.0
355.28652,456.0 355.28652,456.0 355.28652,456.0
;
603.86734,452.17085 603.86734,452.17085 601.44236,446.57969
585.21497,449.60905 602.5,452.64565 602.5,452.64565
603.86734,452.17076 603.86734,452.17076 603.86734,452.17076
603.86734,452.17085 603.86734,452.17085 603.86734,452.17085
;
394.0,446.924 394.0,446.924 383.77975,439.00396
366.55822,434.31114 355.38069,424.69538 340.93002,414.94596
326.49731,402.13871 316.45898,389.06638 307.54799,374.30314
298.31586,357.1427 297.54677,338.69405 294.65833,332.80797
298.37721,310.90955 295.08488,322.68927 292.17132,321.13616
295.70558,301.61931 293.77034,293.60584 288.04095,285.90194
298.87831,270.84529 294.0,284.00001 297.9083,296.13808
295.81954,286.55853 297.02384,276.89523 303.068,269.20997
300.14434,258.02412 304.03337,250.47938 304.94023,264.41507
304.34604,259.27853 310.0,246.57713 302.28505,247.9066
319.56942,228.44928 314.61456,229.47636 308.91325,236.09617
303.90779,242.06284 299.8,247.24223 300.11507,254.03775
294.34211,257.18196 292.5715,270.18666 285.8661,290.80496
288.77237,313.07232 289.20526,334.35463 294.64571,374.56991
321.67806,408.60934 356.14726,428.69166 367.89063,436.94551
381.29049,440.98636 394.0,446.924 394.0,446.924
394.0,446.924 394.0,446.924 394.0,446.924
;
534.96404,423.0 534.96404,423.0 539.88987,421.30848
541.38028,395.61964 538.19936,407.5 536.70592,405.6534
532.09114,415.78994 536.03068,401.5 532.57987,406.70168
528.43716,419.40867 534.96404,423.0 534.96404,423.0
534.96404,423.0 534.96404,423.0 534.96404,423.0
;
558.40545,402.91667 558.40545,402.91667 559.67796,390.64088
559.26375,377.65128 559.8937,365.10356 550.28376,368.80303
561.65082,374.56173 558.0,387.16667 558.19516,391.89638
557.56592,399.91909 558.40545,402.91667 558.40545,402.91667
558.40545,402.91667 558.40545,402.91667 558.40545,402.91667
;
555.97075,401.51808 555.97075,401.51808 558.00871,397.49649
557.18993,367.33228 556.08629,378.41406 556.40073,385.12054
553.86745,398.019 555.97075,401.51808 555.97075,401.51808
555.97075,401.51808 555.97075,401.51808 555.97075,401.51808
;
540.57946,377.0 540.57946,377.0 537.45607,369.46404
549.47785,368.61469 538.19031,371.0 541.26403,352.52542
532.69957,376.85465 539.99997,375.53138 539.99997,375.53138
539.99997,377.0 539.99997,377.0 539.99997,377.0
540.57943,377.0 540.57943,377.0 540.57943,377.0
540.57946,377.0 540.57946,377.0 540.57946,377.0
;
432.41667,374.99245 432.41667,374.99245 446.70124,376.36024
448.73926,369.69571 451.37244,366.01489 453.25641,375.15521
458.44644,364.51436 464.5,359.03414 476.25753,355.73171
457.07037,375.29288 468.02841,364.58845 476.30502,359.99979
476.56242,355.02787 470.0,355.38226 482.18999,339.03445
476.93784,370.92416 480.91787,357.38682 483.38244,342.42754
484.69581,355.35366 488.1836,362.14973 490.55494,352.12297
491.90742,343.86839 481.6407,346.0 468.24346,353.08275
450.50654,345.39125 436.30639,351.90645 428.35142,345.05016
418.22561,350.61195 411.80823,347.09418 403.44469,349.98873
389.51743,345.65424 387.47175,355.42655 377.05136,353.69046
388.03142,347.925 395.0215,347.76147 390.01236,344.74507
369.79288,354.12995 377.45571,340.40229 380.87978,327.0784
369.4836,350.4066 372.0549,355.67857 369.82246,378.21634
373.75927,351.31473 382.49991,362.54223 387.68036,368.14688
407.21431,377.58696 406.47582,365.04072 394.92412,360.60292
402.55992,360.26203 412.31777,364.0 426.94798,363.52563
415.38379,371.39054 424.22462,369.11059 438.93303,376.62171
414.34126,372.08787 414.2293,370.39708 411.20984,373.538
423.10508,372.67904 431.29308,374.99495 431.29308,374.99495
432.41712,374.99195 432.41712,374.99195 432.41712,374.99195
432.41667,374.99245 432.41667,374.99245 432.41667,374.99245
;
403.75,369.884 403.75,369.884 397.80255,369.16015
377.46374,361.55722 389.06743,358.01215 388.98643,364.45119
407.61855,367.32218 403.75,369.884 403.75,369.884
403.75,369.884 403.75,369.884 403.75,369.884
;
429.11837,365.0 429.11837,365.0 425.13797,364.44079
413.606,354.79928 424.4933,351.63658 435.11893,348.04983
439.91869,364.99393 429.11837,365.0 429.11837,365.0
429.11837,365.0 429.11837,365.0 429.11837,365.0
;
443.30902,364.9847 443.30902,364.9847 434.27858,360.53153
439.75829,352.18307 447.17583,353.01503 455.69082,346.50242
468.50373,356.83546 454.84501,360.0 448.62956,348.39338
454.39686,365.96687 443.30902,364.9847 443.30902,364.9847
443.30902,364.9847 443.30902,364.9847 443.30902,364.9847
;
412.13342,361.93233 412.13342,361.93233 404.19714,355.46417
399.88075,360.68284 393.25225,356.96271 391.73241,348.80744
405.2431,351.4518 411.0,352.99999 410.9421,341.57443
420.34197,365.14501 412.13342,361.93233 412.13342,361.93233
412.13342,361.93233 412.13342,361.93233 412.13342,361.93233
;
466.13337,355.92106 466.13337,355.92106 454.90747,351.75577
473.08448,347.19028 466.13337,355.92106 466.13337,355.92106
466.13337,355.92106 466.13337,355.92106 466.13337,355.92106
;
545.41792,359.50001 545.41792,359.50001 547.25307,354.95591
549.59039,351.68417 546.33565,340.57532 540.81398,340.94728
541.98617,370.64703 543.80063,358.50001 544.3125,364.35046
543.71213,368.97338 545.41792,359.50001 545.41792,359.50001
545.41792,359.50001 545.41792,359.50001 545.41792,359.50001
;
439.69098,343.88401 439.69098,343.88401 450.74966,340.46864
420.951,341.18789 439.69098,343.88401 439.69098,343.88401
439.69098,343.88401 439.69098,343.88401 439.69098,343.88401
;
452.12756,342.9847 452.12756,342.9847 463.69089,335.86563
457.40328,339.2987 447.5,341.0306 449.05538,341.63911
450.1754,343.69847 452.12756,342.9847 452.12756,342.9847
452.12756,342.9847 452.12756,342.9847 452.12756,342.9847
;
543.67553,331.46733 543.67553,331.46733 545.8031,320.95351
540.42823,318.52238 542.0,332.94935 541.9001,334.04494
543.17784,331.8145 543.67553,331.46733 543.67553,331.46733
543.67553,331.46733 543.67553,331.46733 543.67553,331.46733
;
547.66667,314.0 547.66667,314.0 555.15469,303.45485
537.12466,304.62135 547.66667,314.0 547.66667,314.0
547.66667,314.0 547.66667,314.0 547.66667,314.0
;
465.00092,311.72845 465.00092,311.72845 473.61875,296.93041
444.57569,306.46779 460.81615,308.94463 455.71656,298.79219
466.73009,309.72159 465.00092,311.72846 465.00092,311.72846
465.00092,311.72845 465.00092,311.72845 465.00092,311.72845
;
421.52383,311.0 421.52383,311.0 430.98336,308.48079
435.43616,304.37455 421.30321,303.40489 409.83933,318.86293
405.26731,290.95121 403.83648,298.91205 402.18607,310.86488
415.22941,309.21361 421.52383,311.0 421.52383,311.0
421.52383,311.0 421.52383,311.0 421.52383,311.0
;
388.85813,304.0 388.85813,304.0 393.50851,296.11554
397.6235,282.57485 408.93374,280.86676 403.01145,271.40181
393.93704,289.44261 390.93661,294.99487 390.62144,297.56444
384.4459,302.77244 388.85813,304.0 388.85813,304.0
388.85813,304.0 388.85813,304.0 388.85813,304.0
;
472.79777,297.45903 472.79777,297.45903 469.30197,277.22635
468.80109,295.48062 472.69094,298.55002 472.69094,298.55002
472.79777,297.45903 472.79777,297.45903 472.79777,297.45903
;
223.2461,282.5 223.2461,282.5 225.84278,268.80964
224.62187,266.62891 221.2514,277.41437 219.81456,278.46772
222.24673,287.73215 223.2461,282.5 223.2461,282.5
223.2461,282.5 223.2461,282.5 223.2461,282.5
;
569.74074,275.61049 569.74074,275.61049 568.12653,258.345
567.83033,286.69387 569.66434,276.59319 569.66434,276.59319
569.74074,275.61049 569.74074,275.61049 569.74074,275.61049
;
489.5,249.79 489.5,249.79 500.91908,252.56645
466.4825,239.86501 476.46311,245.57569 479.67437,249.95006
484.6307,249.65976 489.5,249.79 489.5,249.79
489.5,249.79 489.5,249.79 489.5,249.79
;
363.75,245.92971 363.75,245.92971 383.47407,244.82023
343.23482,243.13066 362.87759,245.93871 362.87759,245.93871
363.75,245.92971 363.75,245.92971 363.75,245.92971
363.75,245.92971 363.75,245.92971 363.75,245.92971
;
364.0,241.9213 364.0,241.9213 383.19167,239.58247
351.7257,240.12035 364.0,241.92133 364.0,241.92133
364.0,241.9213 364.0,241.9213 364.0,241.9213
;
500.09004,239.95611 500.09004,239.95611 509.32477,237.82761
518.93651,237.27095 527.46106,234.50241 532.10536,227.24356
520.54506,218.3211 512.68569,217.37347 496.61506,213.27944
476.51243,216.83463 467.90998,232.44378 468.41021,243.56894
486.16025,232.71799 493.51441,238.49304 495.74273,239.24321
497.6512,240.36989 500.09004,239.95611 500.09004,239.95611
500.09004,239.95611 500.09004,239.95611 500.09004,239.95611
;
506.62788,233.96086 506.62788,233.96086 519.01568,230.87127
502.94381,218.65569 493.5,223.97044 490.20017,221.00346
511.3515,221.59047 516.75,227.17236 529.86416,232.11088
509.4596,230.76898 506.62788,233.96086 506.62788,233.96086
506.62788,233.96086 506.62788,233.96086 506.62788,233.96086
;
486.57322,233.0 486.57322,233.0 469.6134,237.60182
481.29974,217.9973 488.0,225.2145 488.55247,227.99889
502.92532,227.87401 492.97033,233.00004 490.83799,233.0
488.70549,233.00011 486.57322,233.0 486.57322,233.0
486.57322,233.0 486.57322,233.0 486.57322,233.0
;
483.97919,230.76549 483.97919,230.76549 492.26465,222.84975
470.75397,226.50437 483.97919,230.76549 483.97919,230.76549
483.97919,230.76549 483.97919,230.76549 483.97919,230.76549
;
521.84495,226.0 521.84495,226.0 515.71687,222.65733
495.92968,216.19447 513.5951,220.37312 515.2404,220.55485
526.37606,225.25123 521.84495,226.0 521.84495,226.0
521.84495,226.0 521.84495,226.0 521.84495,226.0
;
373.0,236.39866 373.0,236.39866 382.33027,235.76527
392.06825,234.53084 400.8235,236.33586 408.69039,229.91529
392.40966,219.29409 386.66121,215.35497 370.86324,210.3677
352.66185,210.19121 337.69092,218.02422 350.21483,217.62417
365.19549,210.82672 378.81242,215.64301 385.20171,218.43603
361.84543,214.53013 355.28595,216.86699 345.81356,221.41476
334.22079,218.77408 325.65382,223.72626 337.11003,227.8097
352.30907,219.76384 361.0,220.14094 364.54266,216.37488
365.01623,225.12104 373.16667,221.00002 378.65496,220.10183
374.14828,227.1665 376.13922,229.0861 362.43839,238.18765
369.61136,217.19688 359.0,223.96864 367.28416,225.58736
359.18755,233.92582 354.55424,228.56847 343.0073,226.00187
327.35394,223.23892 318.52044,234.00002 326.0948,230.40671
334.50258,229.42336 344.27534,233.11761 353.84281,234.52792
363.24477,238.04866 373.0,236.39862 373.0,236.39862
373.0,236.39866 373.0,236.39866 373.0,236.39866
;
398.0,233.0 398.0,233.0 396.76253,229.45064
381.07127,217.36439 387.84884,218.91911 389.98999,220.49079
404.33752,233.1347 398.0,233.0 398.0,233.0
398.0,233.0 398.0,233.0 398.0,233.0
;
219.65802,233.0 219.65802,233.0 228.81871,219.61526
215.13718,221.86464 219.65802,233.0 219.65802,233.0
219.65802,233.0 219.65802,233.0 219.65802,233.0
;
317.91422,226.0 317.91422,226.0 321.5888,217.85361
329.20903,208.66283 330.00509,202.89563 345.98465,187.09927
327.58887,206.84467 335.8297,203.02078 341.70832,206.54035
334.48393,194.16377 347.29831,199.29169 330.25497,192.54834
363.15184,195.90379 347.61974,191.93938 332.43724,187.34596
323.58327,206.2404 320.42082,218.29677 320.24719,220.25187
315.94258,225.5586 317.91422,226.0 317.91422,226.0
317.91422,226.0 317.91422,226.0 317.91422,226.0
;
399.85426,197.40936 399.85426,197.40936 411.38487,199.12257
403.99296,190.67243 398.00001,192.05844 406.91301,200.22118
394.95098,189.09196 392.57623,192.06344 391.55569,186.20356
375.82452,182.37177 380.65067,186.46816 384.4758,189.27861
386.94244,187.19089 392.77438,195.87944 397.65704,195.28928
394.25993,197.57741 399.85426,197.40955 399.85426,197.40955
399.85426,197.40936 399.85426,197.40936 399.85426,197.40936
;
412.72847,194.75 412.72847,194.75 416.88694,192.14986
422.12316,194.36396 409.47049,185.66525 397.40068,182.82443
397.62238,179.87254 386.72717,176.63339 378.74156,178.12525
369.47662,168.00587 366.17322,178.0533 360.83427,175.86857
373.70705,187.49248 368.55597,181.10762 376.6914,179.26227
392.37526,181.19742 395.4219,186.93528 397.54152,183.0711
396.9868,188.72498 406.11797,190.75 407.07373,178.30947
415.3054,204.39578 412.72847,194.75 412.72847,194.75
412.72847,194.75 412.72847,194.75 412.72847,194.75
;
387.75,195.93661 387.75,195.93661 388.42326,191.30704
371.8555,187.14387 364.5,187.55577 358.1783,187.62327
329.39831,187.3551 347.28212,189.98474 363.90846,195.1184
354.2651,187.98543 362.32098,191.24222 370.88376,192.54824
379.63336,193.08712 387.75,195.93661 387.75,195.93661
387.75,195.93661 387.75,195.93661 387.75,195.93661
;
355.57143,174.0 355.57143,174.0 363.40373,173.42923
363.89509,170.00613 373.06472,160.97993 381.66241,152.25725
387.89073,148.7774 394.75633,138.7285 409.13381,123.93003
421.8709,108.20593 438.44122,96.374024 447.67592,91.620159
457.75792,80.021359 441.99029,91.471269 410.26039,112.40494
387.45061,143.88535 358.27731,167.91921 357.84076,169.48463
350.97444,174.49793 355.57143,174.0 355.57143,174.0
355.57143,174.0 355.57143,174.0 355.57143,174.0
;
223.25846,149.14239 223.25846,149.14239 234.1751,144.37313
232.68966,140.12931 223.94391,143.24793 223.13723,153.58459
217.11699,144.29487 221.12479,151.15544 221.12479,151.15544
222.54992,149.81087 222.54992,149.81087 222.54992,149.81087
223.25846,149.14239 223.25846,149.14239 223.25846,149.14239
;
411.65141,126.87891 411.65141,126.87891 424.62388,116.90171
418.55582,113.74611 410.72653,127.25782 410.72653,127.25782
411.65141,126.87891 411.65141,126.87891 411.65141,126.87891
;
423.75,114.12701 423.75,114.12701 441.33583,102.017
416.14689,113.33028 423.75,114.12701 423.75,114.12701
423.75,114.12701 423.75,114.12701 423.75,114.12701
;
539.33701,112.0 539.33701,112.0 536.81759,104.60328
525.43254,96.359159 520.67191,87.660123 526.70847,89.447489
508.20983,74.786148 520.65861,92.20508 527.96381,97.670163
532.56975,106.69737 539.337,112.0 539.337,112.0
539.33701,112.0 539.33701,112.0 539.33701,112.0
;
403.97696,103.5227 403.97696,103.5227 418.44904,88.453529
391.18743,112.28417 401.79178,105.67502 401.79178,105.67502
403.18767,104.30012 403.18767,104.30012 403.18767,104.30012
403.97696,103.5227 403.97696,103.5227 403.97696,103.5227
;
540.5,98.666667 540.5,98.666667 545.60253,92.673406
523.52582,87.327162 531.48372,95.737997 537.31544,99.530164
536.70572,91.152909 540.5,98.666667 540.5,98.666667
540.5,98.666667 540.5,98.666667 540.5,98.666667
;
273.63636,96.88683 273.63636,96.88683 272.43951,96.451552
275.31019,80.568944 270.26706,92.499996 269.88645,101.41379
267.72968,90.675591 273.63636,96.88683 273.63636,96.88683
273.63636,96.88683 273.63636,96.88683 273.63636,96.88683
;
505.0,97.91249 505.0,97.91249 512.7732,94.403555
492.89615,87.295344 502.90374,95.934711 504.09818,95.676509
503.77538,98.226554 505.0,97.91249 505.0,97.91249
505.0,97.91249 505.0,97.91249 505.0,97.91249
;
478.5,94.929972 478.5,94.929972 480.79008,93.042733
458.40758,82.874548 475.40899,94.11489 476.13055,95.316348
477.38341,94.919404 478.5,94.929972 478.5,94.929972
478.5,94.929972 478.5,94.929972 478.5,94.929972
;
499.16821,89.984687 499.16821,89.984687 504.74424,83.272029
490.45268,85.219734 500.0,89.0 500.0,89.0
498.5,89.969374 498.5,89.969374 498.5,89.969374
499.16821,89.984684 499.16821,89.984684 499.16821,89.984684
499.16821,89.984687 499.16821,89.984687 499.16821,89.984687
;
277.24712,87.994923 277.24712,87.994923 289.55259,79.184292
285.68188,76.296089 276.5,87.989823 276.5,87.989823
277.24712,87.994923 277.24712,87.994923 277.24712,87.994923
277.24712,87.994923 277.24712,87.994923 277.24712,87.994923
;
531.80902,86.964037 531.80902,86.964037 541.37761,88.8135
518.72386,72.231892 530.47004,84.5 520.86632,77.167372
528.7584,85.717255 531.80902,86.964037 531.80902,86.964037
531.80902,86.964037 531.80902,86.964037 531.80902,86.964037
;
281.6651,78.0 281.6651,78.0 286.64064,71.835728
296.31938,60.185061 283.49996,71.779652 282.10956,73.779976
277.53445,76.319457 281.6651,78.0 281.6651,78.0
281.6651,78.0 281.6651,78.0 281.6651,78.0
;
311.80902,48.984687 311.80902,48.984687 312.11982,43.275916
318.6612,49.550093 322.06273,46.603939 313.58754,43.68564
327.09739,42.335782 333.81088,39.88063 331.06812,35.124494
316.0328,45.228578 308.87871,47.307003 309.97265,47.49705
310.62755,49.070433 311.80902,48.984687 311.80902,48.984687
311.80902,48.984687 311.80902,48.984687 311.80902,48.984687
;
