87.464816,480.0 87.464816,480.0 58.309877,480.0
29.154939,480.0 0.0,480.0 0.0,320.0
0.0,160.0 0.0,0.0 284.66667,0.0
569.33333,0.0 854.0,0.0 854.0,160.01222
854.0,320.02445 854.0,480.03667 805.59553,479.99917
757.19106,479.96157 708.78659,479.92407 714.00747,473.72142
696.18221,460.09089 705.0064,465.59164 709.91261,476.61457
716.63658,475.62008 708.57096,464.49994 699.80223,457.75579
696.92716,448.65693 687.5,443.55731 676.19913,433.34999
661.961,425.64207 649.54692,418.0 646.41419,410.49751
632.01033,409.3779 633.0,398.0 620.78967,391.10907
627.24375,388.34331 629.44922,384.99375 621.90127,377.5482
639.93848,385.73498 626.5,374.0306 622.3947,385.12178
618.90256,373.21454 615.3209,366.6189 614.03683,358.89254
611.8403,354.52825 610.33241,343.98271 601.90656,337.54911
608.76686,328.718 606.43786,321.42175 608.54176,321.03278
598.13727,302.34069 608.00003,305.13475 600.77792,295.91795
610.10916,292.75257 604.36307,288.83153 604.23337,278.95459
604.08185,267.36422 603.5,259.5 606.18171,252.7192
597.50051,230.31862 608.14777,238.9244 600.08679,241.44904
615.8237,249.09751 610.13827,232.24289 609.0014,213.00637
604.54328,238.76621 601.22485,233.24997 600.41457,220.07094
598.52683,216.71106 599.04808,205.3487 596.84353,199.94405
592.1545,208.70886 596.8928,198.68222 599.79472,197.92422
596.8214,185.05968 592.78598,187.0 597.06055,192.19903
582.34113,175.69816 588.86129,174.0 587.23226,180.06971
601.90719,192.40309 593.88689,178.0 593.36496,172.09203
590.70947,160.50577 590.42506,161.24941 597.26149,164.0955
597.24463,148.42099 589.77758,158.00007 591.56556,154.83478
585.32703,145.49922 581.99996,137.44625 590.93906,136.49721
577.4164,135.83673 578.76876,126.78533 582.91433,118.09562
574.82348,121.65483 579.0,112.54066 578.69731,119.50271
567.67802,103.30427 574.83648,110.49686 574.22773,104.6993
566.37298,98.258134 564.0,89.5 562.44418,84.709916
548.29713,67.851308 556.5,70.283942 545.01678,66.538743
555.08957,67.689416 547.48235,57.422789 545.06711,50.836012
528.91433,37.170123 540.0822,50.251136 531.59407,49.30792
526.72194,37.244957 531.97909,39.338119 526.78685,32.646027
514.65653,31.514911 508.24969,24.785976 501.74956,26.628619
493.15744,15.574971 493.5726,11.333766 490.4228,21.050501
486.17574,7.1931188 488.2702,13.785026 481.53192,19.879129
484.40038,7.339416 476.4064,10.848556 472.66463,19.36157
461.3678,16.325244 456.4335,17.174831 445.86853,12.043424
440.27874,7.0529276 428.89617,9.8164607 444.75798,3.6606847
424.15824,8.8836494 416.74354,9.9785425 402.42171,10.934593
389.21299,18.67991 374.78602,18.000053 373.80966,24.504581
355.53564,24.830552 351.0,32.452108 348.23399,34.538819
330.98389,39.491839 333.09932,44.000053 335.80783,43.104105
348.40629,39.124891 340.57313,45.520144 334.23321,52.905207
327.22652,54.621906 320.56267,61.878819 310.75173,75.847702
328.19031,45.372242 316.57996,57.250334 312.25405,66.149801
304.87941,74.572806 303.28884,83.151792 298.03781,90.048991
293.24708,93.577585 295.80293,98.861606 283.02257,101.12114
299.50293,108.48709 290.0,107.93261 296.53396,109.1864
277.33451,113.31496 287.0,117.0 294.73546,111.7162
284.42426,122.10878 280.27149,124.84741 285.04916,129.92549
290.9353,123.25744 285.4635,131.28098 275.75575,138.91479
282.53458,122.39909 273.91885,131.24998 270.44917,140.59762
272.37853,138.69906 270.80514,149.23234 264.34206,164.25131
271.53222,155.97947 275.84248,148.12471 281.01748,134.65449
287.4395,146.91567 280.91616,154.0727 281.89066,155.09937
273.31378,166.26389 278.45797,165.13245 284.9687,157.14272
270.64085,181.56536 277.00001,170.99998 281.68351,180.3962
271.44526,171.79908 273.02002,186.99998 269.90999,198.39722
274.79285,213.82214 262.95717,220.6238 270.72146,215.14177
270.15871,231.95181 263.76323,235.73686 256.60983,239.18427
272.66076,238.28849 263.54545,252.44934 262.57723,262.8684
259.00539,267.95656 261.45763,274.71272 258.52377,282.07558
254.93698,287.88555 258.4148,296.17686 255.16992,304.898
255.65147,313.67222 256.80113,322.44336 252.39742,328.18096
259.83825,335.28371 254.6053,341.49997 248.26693,334.04066
244.61254,354.60315 251.79123,344.36241 257.5384,344.65049
247.00386,361.94196 249.21425,365.25043 235.123,371.95931
255.1314,366.79239 251.8781,368.11177 253.57951,375.16198
244.5195,366.7919 243.0,377.99998 250.74657,378.44033
233.30002,388.08534 242.54205,386.13242 240.89018,385.18652
256.80245,381.98592 251.0,389.99995 261.2826,383.23995
249.5954,395.099 248.25482,398.55269 238.28712,404.76414
237.71202,393.61177 233.31756,404.65355 229.47587,412.38995
216.46442,413.67853 209.96609,422.18834 202.20154,428.4011
205.29819,437.11973 195.65499,436.82869 197.69927,441.66559
190.89524,447.55489 187.34116,456.48284 185.01081,451.36663
171.73451,468.92575 177.24995,471.48932 181.71863,477.47843
167.24884,482.99136 157.29554,479.99995 134.01867,479.99997
110.74151,479.99991 87.464816,479.99998 87.464816,479.99998
87.464816,480.0 87.464816,480.0 87.464816,480.0
;
239.3636,397.41397 239.3636,397.41397 249.43983,384.49614
230.79345,391.5511 239.3636,397.41397 239.3636,397.41397
239.3636,397.41397 239.3636,397.41397 239.3636,397.41397
;
613.0,353.0 613.0,353.0 617.58678,343.24882
608.91639,341.38855 613.0,353.0 613.0,353.0
613.0,353.0 613.0,353.0 613.0,353.0
;
608.33695,263.0 608.33695,263.0 619.21437,248.40314
598.62461,254.64259 608.33695,263.0 608.33695,263.0
608.33695,263.0 608.33695,263.0 608.33695,263.0
;
255.58131,256.0 255.58131,256.0 270.78354,244.06621
245.23851,248.10325 255.58131,256.0 255.58131,256.0
255.58131,256.0 255.58131,256.0 255.58131,256.0
;
267.01546,198.0 267.01546,198.0 273.86508,191.39667
257.8786,192.80138 267.01546,198.0 267.01546,198.0
267.01546,198.0 267.01546,198.0 267.01546,198.0
;
266.16667,188.0 266.16667,188.0 276.09731,174.89423
253.66975,178.53428 266.16667,188.0 266.16667,188.0
266.16667,188.0 266.16667,188.0 266.16667,188.0
;
595.07143,171.0 595.07143,171.0 607.42428,164.67658
588.95011,163.25552 595.07143,171.0 595.07143,171.0
595.07143,171.0 595.07143,171.0 595.07143,171.0
;
250.23647,165.0 250.23647,165.0 256.31145,160.56019
264.2357,147.91448 265.18091,142.84896 274.54522,129.94109
265.74078,142.38962 258.78602,144.00006 260.25425,149.64174
245.8874,160.96005 249.85486,165.00006 249.85486,165.00006
250.23647,165.00006 250.23647,165.00006 250.23647,165.00006
250.23647,165.0 250.23647,165.0 250.23647,165.0
;
246.91191,157.0 246.91191,157.0 260.11222,149.02246
239.2639,149.53943 246.91191,157.0 246.91191,157.0
246.91191,157.0 246.91191,157.0 246.91191,157.0
;
299.0,80.0 299.0,80.0 309.38978,77.414078
290.316,74.229153 299.0,80.0 299.0,80.0
299.0,80.0 299.0,80.0 299.0,80.0
;
274.55044,480.0 274.55044,480.0 243.06725,480.0
211.58407,480.0 180.10088,480.0 189.12615,458.24351
202.39581,438.8056 220.24307,423.34587 231.31327,410.47363
250.76877,408.38089 263.10933,397.79572 265.00586,387.48714
266.91112,381.34151 267.59443,371.25 267.49903,363.79181
267.41811,354.2632 266.24662,342.79486 269.66982,330.97407
263.32489,330.459 268.0,326.04066 266.59633,323.47517
271.37268,307.45481 266.20768,319.5 265.94959,296.28644
273.55426,272.90379 272.19565,250.5 277.75594,248.14101
266.64753,238.04178 275.44931,238.14986 282.88828,226.89635
268.19591,225.54967 277.0,220.0 273.1988,204.26227
277.69284,219.04338 279.4377,210.25 278.9216,199.53155
279.64993,192.99839 281.27448,181.0516 284.52625,178.60964
286.0102,162.97263 288.52416,155.55543 291.82914,145.17011
293.86705,131.54776 300.30745,120.6395 304.2491,111.32639
306.28531,103.55956 311.78423,93.629326 318.31975,86.280867
317.01407,81.83134 326.34368,70.904088 348.10497,41.597416
382.64133,22.742202 418.5,17.841612 436.08077,18.097456
453.89142,22.414042 469.45849,29.794758 499.56079,28.815055
523.34741,52.459732 536.61586,77.14952 542.74058,85.554285
545.90183,96.021172 551.0,103.70571 554.79422,109.81914
556.80568,115.82438 559.73376,124.24261 556.07526,130.00164
567.62304,137.53997 567.67589,147.29473 578.98708,186.75165
586.63161,226.64209 591.28088,267.21196 600.31633,305.5872
593.59359,348.93002 617.98682,382.5 619.10324,393.53739
627.91581,403.32625 633.21267,412.21185 638.70537,418.84193
647.5413,424.0421 656.10688,429.97868 664.15126,435.27681
673.53223,439.95439 673.87197,443.61957 667.71935,445.7318
660.43276,429.23808 653.04263,431.09219 663.15249,439.2389
669.67152,448.27983 681.60969,453.23155 687.83642,456.43272
704.5307,460.38872 692.00082,468.34863 698.36224,481.74155
696.81848,480.73904 680.75829,480.0 615.32211,479.70105
548.6914,480.59663 484.0,479.55291 493.34767,461.0289
483.09241,476.36882 477.08132,480.0 445.49456,480.0
413.90779,480.0 382.32103,480.0 379.4296,472.03427
375.45778,482.23316 369.0,478.5 360.24345,481.99948
344.98841,479.00047 333.73192,480.0 314.00476,480.0
294.2776,480.0 274.55044,480.0 274.55044,480.0
274.55044,480.0 274.55044,480.0 274.55044,480.0
;
387.66052,477.0 387.66052,477.0 392.6038,473.22928
379.48161,467.90897 386.32103,477.0 386.32103,477.0
387.66052,477.0 387.66052,477.0 387.66052,477.0
;
421.19617,438.0 421.19617,438.0 422.32873,429.3384
405.32657,426.90936 421.19617,438.0 421.19617,438.0
421.19617,438.0 421.19617,438.0 421.19617,438.0
;
417.0,429.21604 417.0,429.21604 430.6557,426.70368
405.51384,424.04346 401.75871,421.54778 392.98687,416.44212
383.21398,413.75815 375.71342,404.69537 355.45965,383.09163
330.40724,364.18353 321.10153,334.80612 315.17999,316.70411
313.58358,297.72523 312.41806,278.75 314.75092,271.37391
321.48958,265.6469 312.0,270.05902 314.95481,255.66959
318.15456,260.11842 321.48037,261.75 315.57615,252.07949
325.3207,242.81795 329.96068,234.76142 336.86603,232.74465
348.3615,238.13654 357.75649,234.46533 366.28027,232.7159
377.58694,237.18958 384.0,229.79577 379.36096,215.62979
360.52557,209.11722 346.08059,209.95867 327.54702,205.98832
352.84228,209.27134 346.04199,202.90789 349.66552,190.63249
360.45041,197.75027 369.14515,197.98368 379.80088,198.40734
386.58215,201.99417 393.21399,198.99998 394.3203,196.15598
402.02185,195.67814 388.46632,189.83186 384.09827,186.36127
375.28009,183.99166 368.25002,179.54753 361.99559,175.18272
360.31686,179.93193 370.14827,169.85881 373.74355,162.4001
384.61045,152.62477 389.00001,150.19132 389.61251,145.91995
405.85198,132.0196 398.18355,134.50413 392.3862,142.23169
384.26645,150.7413 378.00001,155.45031 373.23374,163.5728
358.30952,168.70302 357.00001,179.0 345.86115,180.80066
376.2785,192.34845 362.59496,187.22844 354.03202,190.77405
341.28208,186.70474 334.49472,195.46172 326.40927,208.48501
315.01646,225.26671 309.13131,242.07365 302.55521,253.42145
307.6566,257.50217 303.71635,265.04671 306.4268,290.07223
309.86475,315.5582 317.65752,339.52637 322.75086,352.1824
330.74931,363.54136 337.50001,373.24211 345.74277,381.38047
350.3366,386.92724 359.08679,394.60554 367.4436,403.65892
378.29416,412.32833 386.00001,420.6765 392.05266,421.70899
403.79928,427.18541 412.50001,429.71384 414.00001,429.54791
415.50001,429.38197 417.00001,429.21604 417.00001,429.21604
417.0,429.21604 417.0,429.21604 417.0,429.21604
;
310.01868,262.48846 310.01868,262.48846 306.8807,254.07693
313.8128,243.46462 317.7666,235.23346 314.51562,233.88998
318.807,226.4261 324.90129,217.68356 345.10852,211.70485
314.3569,224.90658 328.73843,222.56427 343.10226,214.43861
341.0748,223.30119 332.86418,225.36403 321.9857,222.85793
325.75302,236.54752 319.78135,243.26426 315.12543,245.38299
312.8615,245.38772 311.0,258.05778 310.63489,259.45636
311.96224,262.00667 310.01868,262.48846 310.01868,262.48846
310.01868,262.48846 310.01868,262.48846 310.01868,262.48846
;
359.97944,228.0 359.97944,228.0 351.03205,230.94554
349.93442,209.47856 356.70729,221.36032 361.42766,231.02474
368.51526,211.96474 367.0651,225.32877 366.91601,229.77857
362.76631,227.41762 359.97944,228.0 359.97944,228.0
359.97944,228.0 359.97944,228.0 359.97944,228.0
;
386.69765,194.83596 386.69765,194.83596 367.03218,191.52949
380.46556,188.11157 386.69765,194.83596 386.69765,194.83596
386.69765,194.83596 386.69765,194.83596 386.69765,194.83596
;
389.72504,429.0 389.72504,429.0 395.64232,420.94486
381.37323,421.81632 389.72504,429.0 389.72504,429.0
389.72504,429.0 389.72504,429.0 389.72504,429.0
;
434.76508,428.45552 434.76508,428.45552 456.11823,424.41945
474.40236,412.45318 490.5,398.30975 499.88397,394.59145
505.03204,386.05574 512.47838,380.50778 522.71329,369.22084
529.10241,358.58815 535.52134,344.21424 546.51826,318.38576
544.34774,289.586 550.3994,262.63495 549.67509,252.17924
554.93154,245.48414 551.0,237.13148 550.75741,222.8726
548.29229,208.13416 542.69714,195.0 541.81183,201.59236
538.70003,208.20272 541.78612,216.45752 542.16205,230.00437
546.092,242.64 545.93166,256.42475 543.92681,262.07428
544.88339,264.23276 542.24236,277.0 536.10432,300.21209
540.09343,325.65857 528.04645,347.37367 519.45184,370.57242
500.17545,386.38731 481.08042,400.8243 473.06199,408.523
469.19949,411.5555 460.0,415.12946 453.93729,421.83185
442.46866,423.30162 432.2206,425.98274 430.06354,430.28443
431.14033,428.98681 434.76508,428.45552 434.76508,428.45552
434.76508,428.45552 434.76508,428.45552 434.76508,428.45552
;
394.11501,377.0 394.11501,377.0 400.99632,373.4869
380.55812,369.25599 394.11501,377.0 394.11501,377.0
394.11501,377.0 394.11501,377.0 394.11501,377.0
;
460.04422,372.0 460.04422,372.0 470.97434,365.01215
451.15158,366.6118 460.04422,372.0 460.04422,372.0
460.04422,372.0 460.04422,372.0 460.04422,372.0
;
386.75,370.98197 386.75,370.98197 387.23212,368.91052
373.87205,349.36325 379.5,350.54071 389.17057,350.98024
396.02363,355.24266 401.45929,359.98269 400.51029,355.08717
406.29799,358.3337 418.33705,358.05808 429.24368,358.4834
434.38177,360.72132 435.55956,357.00809 447.12213,356.35315
450.96213,345.83346 459.35476,346.11745 471.61173,338.31237
444.56518,354.01147 455.5559,353.09045 462.29763,352.97467
464.31238,341.64861 465.31863,351.81496 469.91115,337.8101
474.37958,366.05471 475.86062,349.83402 475.09371,334.7894
460.16877,340.03913 450.70617,335.00052 436.47396,327.52674
448.88068,338.50086 454.0,339.88337 447.01816,343.66841
436.61823,334.46182 427.24176,337.17358 416.33703,339.9528
414.24337,337.24238 402.7076,335.20507 397.73453,328.74067
381.41508,339.73063 381.0,331.0 376.00437,334.59048
364.54337,339.97741 368.64076,328.05308 367.25216,316.87395
364.39068,342.86412 364.95622,347.5 365.77622,354.20579
374.71779,341.66245 376.63933,356.82711 377.9923,362.42559
381.94724,368.50603 386.75,370.98197 386.75,370.98197
386.75,370.98197 386.75,370.98197 386.75,370.98197
;
425.48661,352.39681 425.48661,352.39681 410.41818,354.68671
424.37593,332.12215 427.5,344.00001 431.66882,332.39612
435.4058,353.51646 425.48661,352.39681 425.48661,352.39681
425.48661,352.39681 425.48661,352.39681 425.48661,352.39681
;
409.78138,351.96196 409.78138,351.96196 394.53059,350.32911
409.81538,328.49399 413.70928,346.97307 414.9577,349.9388
413.455,353.2263 409.78138,351.96196 409.78138,351.96196
409.78138,351.96196 409.78138,351.96196 409.78138,351.96196
;
438.01241,348.0 438.01241,348.0 424.85529,342.07073
445.76454,336.7937 444.33199,344.79796 443.12694,348.35412
439.66913,344.57623 438.01241,348.0 438.01241,348.0
438.01241,348.0 438.01241,348.0 438.01241,348.0
;
398.7,347.0 398.7,347.0 386.60156,344.6118
407.71263,339.78625 399.04066,347.0 399.04066,347.0
398.7,347.0 398.7,347.0 398.7,347.0
;
376.03499,343.72241 376.03499,343.72241 364.27576,340.01443
386.20379,337.84918 376.03499,343.72241 376.03499,343.72241
376.03499,343.72241 376.03499,343.72241 376.03499,343.72241
;
389.20286,343.19714 389.20286,343.19714 380.19605,343.18324
395.42603,328.84694 389.20286,343.19714 389.20286,343.19714
389.20286,343.19714 389.20286,343.19714 389.20286,343.19714
;
409.81574,333.85939 409.81574,333.85939 417.60644,333.52728
425.21315,330.74249 431.86852,332.0 436.16001,325.54452
415.83693,331.78762 409.62234,330.02534 399.6769,327.9253
400.38785,332.79005 409.81574,333.85939 409.81574,333.85939
409.81574,333.85939 409.81574,333.85939 409.81574,333.85939
;
399.32332,331.9682 399.32332,331.9682 400.97679,322.48553
379.45681,328.2676 396.55887,330.4682 397.67186,330.432
398.04385,332.47043 399.32332,331.9682 399.32332,331.9682
399.32332,331.9682 399.32332,331.9682 399.32332,331.9682
;
414.5,325.22726 414.5,325.22726 421.68029,319.35653
397.21185,324.5047 414.4062,325.24956 414.4062,325.24956
414.5,325.22726 414.5,325.22726 414.5,325.22726
;
470.45885,313.79218 470.45885,313.79218 478.44871,308.58502
459.22336,310.61729 470.35727,313.80668 470.35727,313.80668
470.45885,313.79218 470.45885,313.79218 470.45885,313.79218
;
441.17167,304.81955 441.17167,304.81955 441.59199,302.82548
445.43232,300.44782 447.0,289.89994 442.63928,274.58455
446.44112,306.41527 436.23125,299.77904 424.28529,292.26846
419.97047,306.75401 434.55804,302.0939 438.30699,302.86872
438.2673,304.42859 441.17167,304.81955 441.17167,304.81955
441.17167,304.81955 441.17167,304.81955 441.17167,304.81955
;
389.36266,302.57747 389.36266,302.57747 406.22471,296.18075
374.03765,296.88844 389.36266,302.57747 389.36266,302.57747
389.36266,302.57747 389.36266,302.57747 389.36266,302.57747
;
380.9602,297.0 380.9602,297.0 379.10017,292.44176
389.95164,276.7265 383.41398,273.56777 373.90828,272.49961
369.82931,295.25091 378.0,289.55934 378.14502,291.71196
377.24741,297.86205 380.9602,297.0 380.9602,297.0
380.9602,297.0 380.9602,297.0 380.9602,297.0
;
399.84324,295.79515 399.84324,295.79515 409.8152,286.70328
389.32857,292.06118 399.84324,295.79515 399.84324,295.79515
399.84324,295.79515 399.84324,295.79515 399.84324,295.79515
;
534.25,276.81955 534.25,276.81955 544.51713,270.99141
523.81913,272.93366 534.25,276.81955 534.25,276.81955
534.25,276.81955 534.25,276.81955 534.25,276.81955
;
291.59613,256.0 291.59613,256.0 295.85201,252.56898
302.21147,240.64781 299.19755,238.0 295.59694,243.26418
292.66232,250.58565 291.59613,256.0 291.59613,256.0
291.59613,256.0 291.59613,256.0 291.59613,256.0
;
290.94576,247.0 290.94576,247.0 298.86824,240.85513
290.90146,235.18659 289.9619,247.0 289.9619,247.0
290.94576,247.0 290.94576,247.0 290.94576,247.0
;
364.91667,246.0 364.91667,246.0 375.75535,245.45239
380.11452,233.18537 367.55805,243.56218 365.19395,243.46338
356.98233,245.08068 364.91667,246.0 364.91667,246.0
364.91667,246.0 364.91667,246.0 364.91667,246.0
;
486.0,244.0 486.0,244.0 501.42343,242.27568
471.43068,240.78184 486.0,244.0 486.0,244.0
486.0,244.0 486.0,244.0 486.0,244.0
;
297.81562,234.51771 297.81562,234.51771 299.73438,229.79351
313.73778,225.29533 306.3109,219.57617 304.10498,218.61026
292.72033,233.87005 297.81562,234.51771 297.81562,234.51771
297.81562,234.51771 297.81562,234.51771 297.81562,234.51771
;
483.45658,233.80299 483.45658,233.80299 492.74268,233.29764
502.5182,228.17235 510.11803,226.0 526.6714,225.9311
520.95777,220.71482 513.87321,219.57844 527.60996,219.92249
519.52956,217.10737 511.20371,213.3145 490.83222,199.96612
456.26713,205.27283 446.95592,229.31176 450.54416,237.85453
464.09866,226.42079 472.64644,231.70258 476.7731,231.78868
478.81481,235.56159 483.45658,233.80299 483.45658,233.80299
483.45658,233.80299 483.45658,233.80299 483.45658,233.80299
;
477.92857,226.0 477.92857,226.0 468.20419,230.3342
470.53011,209.08961 473.35477,215.92449 471.07367,225.14788
490.71563,219.70332 478.22738,217.97751 476.94907,210.44326
485.73349,209.81243 492.38545,213.04102 486.5407,211.75656
489.63183,228.42441 479.93846,226.0 479.93846,226.0
477.97913,226.0 477.97913,226.0 477.97913,226.0
477.92857,226.0 477.92857,226.0 477.92857,226.0
;
501.65893,222.40213 501.65893,222.40213 498.68805,228.10474
492.48354,209.14892 498.67206,215.52018 505.89294,220.35586
522.38926,218.84968 501.65893,222.40213 501.65893,222.40213
501.65893,222.40213 501.65893,222.40213 501.65893,222.40213
;
315.00029,204.0 315.00029,204.0 317.53966,198.20079
332.62944,182.63758 327.04065,180.0 324.21949,187.65676
314.26778,197.78446 315.00029,204.0 315.00029,204.0
315.00029,204.0 315.00029,204.0 315.00029,204.0
;
454.0,197.26787 454.0,197.26787 461.68985,194.35342
466.84333,195.56382 475.5,193.817 486.11581,194.4774
494.94406,188.30809 504.36057,195.51071 510.19668,193.63233
534.16666,199.58297 527.25,194.39913 523.25476,191.26867
502.63435,187.029 505.95144,192.06076 520.22003,194.91731
496.31868,191.04024 492.00345,187.92315 480.92348,188.65663
479.89204,186.14945 471.56948,189.09222 465.46544,192.57535
466.44145,180.07886 456.90062,191.0 450.8198,193.48545
450.61425,189.02368 445.0,192.46835 446.88734,195.77962
449.57325,199.21476 454.0,197.26787 454.0,197.26787
454.0,197.26787 454.0,197.26787 454.0,197.26787
;
488.75,195.47839 488.75,195.47839 507.84144,191.10575
480.21975,191.92736 488.75,195.47839 488.75,195.47839
488.75,195.47839 488.75,195.47839 488.75,195.47839
;
434.09783,194.0 434.09783,194.0 439.1196,186.97773
425.78375,183.2339 434.09783,194.0 434.09783,194.0
434.09783,194.0 434.09783,194.0 434.09783,194.0
;
438.38875,190.40432 438.38875,190.40432 442.40256,186.57556
453.76335,186.31993 459.85714,187.0 467.76692,180.66728
479.2207,181.06492 488.05282,183.86526 502.93692,192.00136
482.5724,180.07971 489.88957,178.74366 495.47225,185.257
499.38585,186.06088 496.32569,180.00001 508.15668,188.30781
500.31867,180.46595 495.0,175.00001 502.75592,178.98737
509.5912,184.22931 517.35261,185.24872 531.66217,197.30799
519.02549,178.80204 509.688,178.93734 503.04551,173.74513
492.57704,169.60841 490.57225,176.42978 472.15556,170.9725
455.4331,180.84011 438.16257,185.50419 438.55273,186.51496
434.77158,193.29618 438.38875,190.40432 438.38875,190.40432
438.38875,190.40432 438.38875,190.40432 438.38875,190.40432
;
538.78746,181.98763 538.78746,181.98763 539.99691,176.11451
526.82326,157.98273 530.8586,169.11514 536.04412,171.6522
534.00125,183.57139 538.78746,181.98763 538.78746,181.98763
538.78746,181.98763 538.78746,181.98763 538.78746,181.98763
;
329.25,178.9381 329.25,178.9381 342.22307,169.83667
331.83541,164.66368 328.0,179.0 328.0,179.0
329.25,178.9381 329.25,178.9381 329.25,178.9381
;
353.14332,177.3703 353.14332,177.3703 358.05764,169.5084
368.45449,166.19963 374.39051,157.12439 382.15877,149.23383
388.51749,139.54588 394.07037,132.0 385.81638,132.8833
387.23649,140.45656 379.64576,144.56459 371.49119,155.13972
365.67907,159.16763 377.05784,146.37627 384.62208,135.21306
395.66452,123.9074 401.58965,113.25632 390.00776,122.21079
379.73239,138.53568 369.20301,150.64951 363.71623,159.88797
350.53508,168.4084 351.3377,179.00436 351.3377,179.00436
352.79046,177.68964 352.79046,177.68964 352.79046,177.68964
353.14332,177.3703 353.14332,177.3703 353.14332,177.3703
;
526.58224,164.0 526.58224,164.0 530.97981,157.13206
516.6684,150.40578 524.9505,164.0 524.9505,164.0
526.58224,164.0 526.58224,164.0 526.58224,164.0
;
526.15182,150.0 526.15182,150.0 530.56002,143.13467
516.4195,138.48922 526.15182,150.0 526.15182,150.0
526.15182,150.0 526.15182,150.0 526.15182,150.0
;
396.8985,129.0 396.8985,129.0 407.70506,119.28781
390.62026,124.26105 396.8985,129.0 396.8985,129.0
396.8985,129.0 396.8985,129.0 396.8985,129.0
;
401.00045,127.0 401.00045,127.0 408.77086,121.92854
411.01544,106.48075 402.5,120.97524 399.09889,119.08463
400.01855,126.84129 401.00045,127.0 401.00045,127.0
401.00045,127.0 401.00045,127.0 401.00045,127.0
;
409.15988,120.78004 409.15988,120.78004 412.09801,116.23445
426.40187,99.445851 414.0,107.4 415.94751,111.34186
404.83703,119.827 409.15988,120.78004 409.15988,120.78004
409.15988,120.78004 409.15988,120.78004 409.15988,120.78004
;
404.75,109.982 404.75,109.982 408.35965,107.99937
425.90892,88.266641 414.71154,95.827389 411.77284,99.529784
403.1866,106.10407 404.75,109.982 404.75,109.982
404.75,109.982 404.75,109.982 404.75,109.982
;
425.75,105.30689 425.75,105.30689 443.01581,100.46359
411.82829,104.69335 425.75,105.30689 425.75,105.30689
425.75,105.30689 425.75,105.30689 425.75,105.30689
;
426.14511,89.360976 426.14511,89.360976 437.59378,74.128029
412.64497,98.493991 426.14511,89.360976 426.14511,89.360976
426.14511,89.360976 426.14511,89.360976 426.14511,89.360976
;
495.59571,56.0 495.59571,56.0 509.64195,50.520307
496.73327,44.279686 495.59571,56.0 495.59571,56.0
495.59571,56.0 495.59571,56.0 495.59571,56.0
;
705.26342,479.99853 705.26342,479.99853 697.80019,470.45961
708.77568,472.86315 705.26342,479.99853 705.26342,479.99853
705.26342,479.99853 705.26342,479.99853 705.26342,479.99853
;
258.25,377.74038 258.25,377.74038 246.97739,374.90169
262.20365,366.70069 261.31524,369.91524 256.61,371.66127
261.41294,376.67786 258.25,377.74038 258.25,377.74038
258.25,377.74038 258.25,377.74038 258.25,377.74038
;
273.51125,236.82208 273.51125,236.82208 268.46772,231.13208
277.52774,218.52391 273.51125,236.82208 273.51125,236.82208
273.51125,236.82208 273.51125,236.82208 273.51125,236.82208
;
593.85976,225.67477 593.85976,225.67477 590.91135,228.4114
591.70741,200.80232 593.88206,219.63582 593.89396,221.64182
595.4054,223.83503 593.85976,225.67477 593.85976,225.67477
593.85976,225.67477 593.85976,225.67477 593.85976,225.67477
;
592.48841,208.55375 592.48841,208.55375 588.70736,208.13975
592.32812,191.79807 592.80187,208.15205 592.80187,208.15205
592.48834,208.55375 592.48834,208.55375 592.48834,208.55375
592.48841,208.55375 592.48841,208.55375 592.48841,208.55375
;
586.10147,172.7118 586.10147,172.7118 581.25907,173.18072
587.56233,157.27563 586.15657,172.617 586.15657,172.617
586.10147,172.7118 586.10147,172.7118 586.10147,172.7118
;
584.37244,162.99975 584.37244,162.99975 582.15903,157.4468
582.1242,146.3724 581.73028,147.99996 590.64089,152.24637
582.57776,154.89819 584.37244,162.99975 584.37244,162.99975
584.37244,162.99975 584.37244,162.99975 584.37244,162.99975
;
571.82054,131.17355 571.82054,131.17355 572.00968,130.38493
570.79624,126.67979 568.90066,122.69934 569.02027,110.02184
578.83597,133.37705 571.8206,131.17355 571.8206,131.17355
571.82054,131.17355 571.82054,131.17355 571.82054,131.17355
;
524.63528,41.0 524.63528,41.0 513.09765,36.901144
520.07373,29.317295 527.0,38.93723 521.11735,36.043049
524.76936,38.361872 524.63528,41.0 524.63528,41.0
524.63528,41.0 524.63528,41.0 524.63528,41.0
;
