90.443,480.0 90.443,480.0 60.295333,480.0
30.147667,480.0 0.0,480.0 0.0,320.0
0.0,160.0 0.0,0.0 284.66667,0.0
569.33333,0.0 854.0,0.0 854.0,160.0
854.0,320.0 854.0,480.0 801.1353,480.0
748.2706,480.0 695.4059,480.0 691.31754,476.29707
676.19511,454.85198 685.1062,464.11638 698.4459,478.70289
691.26804,463.36666 683.5,456.70205 674.94928,448.68349
670.93796,440.28683 660.30157,435.64611 644.93007,427.03138
629.38219,420.11879 612.73749,414.50912 602.49273,411.14483
596.06044,403.32921 591.27155,395.37586 590.58253,393.18034
602.40185,391.64512 587.07985,383.79688 581.605,376.42821
577.66792,368.96613 579.99998,362.0 571.94779,348.633
591.05956,372.46809 584.03466,360.78389 589.33196,347.35405
569.76467,357.36947 579.99998,348.0 574.72232,339.0825
578.14787,323.61776 576.88311,311.86757 575.77775,294.98715
578.31589,277.50872 574.8692,261.01258 580.21421,262.62015
571.50872,242.72427 573.78233,234.62861 571.13948,227.20832
577.91994,206.85834 566.35175,209.60199 559.57623,204.35593
577.9803,200.23007 572.99995,206.0407 572.21752,200.00533
565.07554,194.26465 567.13473,188.0 556.79867,174.45756
572.34271,187.14491 565.79518,172.78525 562.85145,168.14571
562.82386,156.46417 558.81395,149.0 554.74959,142.10055
546.42268,132.2038 555.51389,136.82426 553.92252,126.80281
546.21174,129.73914 544.007,117.0 541.61053,108.69811
536.75557,99.757994 534.0,93.0 538.26105,92.291269
528.00667,81.562755 524.75847,73.738242 519.8365,72.50558
523.47912,82.486769 513.0496,68.953459 502.72149,63.751673
514.30995,60.348869 503.91876,55.78671 494.09616,53.151642
477.44452,49.317664 480.44266,48.95241 479.1208,43.125074
470.27062,46.578939 469.30998,38.0 466.32487,47.676652
453.79441,42.121878 445.57711,37.647528 441.72139,31.833533
413.77747,34.748503 430.30964,32.500067 421.45552,23.821425
420.8973,34.815165 410.22849,33.483646 403.02477,33.100176
388.7265,41.078376 392.39048,37.217194 408.87443,33.185583
384.22115,33.8895 378.78547,37.837573 365.37689,43.352705
374.46814,43.081612 363.8238,48.812816 355.7331,50.809301
370.15158,38.924915 356.64124,48.566102 353.52261,55.788633
348.461,53.564911 342.72224,54.011431 343.94669,63.138173
323.70114,66.995413 329.0,71.0 324.5378,73.378061
319.93844,79.59357 317.20667,84.040677 315.77948,87.549958
311.39604,82.94356 306.67534,92.342009 307.79401,83.243733
299.22518,103.60118 295.0,107.8757 311.13803,106.11728
288.87977,109.63067 301.0,112.37756 296.18834,117.20072
289.74743,121.15547 281.06309,127.18926 278.17317,129.0936
269.43763,137.53223 284.12398,129.89028 292.99637,131.5484
283.52462,140.76247 281.89451,149.03449 283.71825,160.55656
280.69865,160.8536 278.5677,156.89191 278.32303,167.27397
274.48878,166.5331 271.85501,173.5 267.01123,185.51352
260.53145,200.91431 257.96867,211.0 256.97389,220.48176
262.30892,211.41905 266.00012,206.83333 264.28798,215.88785
258.56279,224.34219 259.09308,233.26936 252.21914,235.06261
258.55986,239.61581 252.21695,244.53687 242.64422,248.01377
257.19274,254.57869 248.69237,264.10452 246.40668,275.37745
244.33379,279.11081 241.00032,285.94098 247.32757,291.23277
242.67406,288.62783 243.15422,300.62362 243.79982,311.71419
238.56128,321.41874 239.50873,332.74859 232.11224,335.00849
238.10004,344.17259 233.3115,350.17402 243.88164,348.01447
233.2778,355.2174 228.6802,358.03715 219.3342,361.54821
223.28018,372.2288 228.0,363.0 236.89721,353.52884
240.38023,358.47171 234.1747,370.2616 236.96103,377.77915
220.35071,377.48288 225.16801,384.70802 219.47263,397.77562
231.79554,387.67859 229.0,387.99999 231.83603,395.17757
230.7001,398.73417 227.2514,408.01049 225.31827,415.64221
227.70897,422.10881 222.0,424.99999 224.12527,432.47842
208.67724,436.45613 220.0,439.95929 214.36838,456.77959
217.0452,436.45713 210.24478,441.49999 211.83651,447.70999
206.82528,449.64524 202.69485,458.2888 197.57361,464.39386
192.16307,464.46521 189.92844,471.6282 183.03845,482.86172
170.56795,479.85337 159.33368,480.0 136.37012,480.0
113.40656,480.0 90.443,480.0 90.443,480.0
90.443,480.0 90.443,480.0 90.443,480.0
;
178.64301,477.98469 178.64301,477.98469 188.78177,468.04114
165.94636,475.71151 178.64301,477.98469 178.64301,477.98469
178.64301,477.98469 178.64301,477.98469 178.64301,477.98469
;
185.375,466.75 185.375,466.75 198.28909,460.87906
175.42017,462.85785 185.375,466.75 185.375,466.75
185.375,466.75 185.375,466.75 185.375,466.75
;
192.75,461.91667 192.75,461.91667 198.51678,458.02074
179.65582,453.01808 192.75,461.91667 192.75,461.91667
192.75,461.91667 192.75,461.91667 192.75,461.91667
;
190.19098,454.92105 190.19098,454.92105 198.38878,449.55387
176.83106,448.44634 190.19098,454.92105 190.19098,454.92105
190.19098,454.92105 190.19098,454.92105 190.19098,454.92105
;
196.93905,449.72046 196.93905,449.72046 206.55898,450.02355
188.67779,439.74473 196.93905,449.72046 196.93905,449.72046
196.93905,449.72046 196.93905,449.72046 196.93905,449.72046
;
212.91667,419.9922 212.91667,419.9922 224.50388,411.77208
203.91893,416.30384 212.91667,419.9922 212.91667,419.9922
212.91667,419.9922 212.91667,419.9922 212.91667,419.9922
;
579.5,271.0 579.5,271.0 593.05491,265.46401
566.44364,265.31741 579.5,271.0 579.5,271.0
579.5,271.0 579.5,271.0 579.5,271.0
;
579.6165,254.0 579.6165,254.0 585.14567,252.68319
580.61912,231.0349 576.48195,242.45517 577.97739,245.53529
574.46317,255.02726 579.6165,254.0 579.6165,254.0
579.6165,254.0 579.6165,254.0 579.6165,254.0
;
253.83333,227.0 253.83333,227.0 269.38569,222.89576
247.10849,223.23625 253.83333,227.0 253.83333,227.0
253.83333,227.0 253.83333,227.0 253.83333,227.0
;
250.5,173.0 250.5,173.0 260.06376,167.32925
241.53921,164.06344 249.83258,173.0 249.83258,173.0
250.5,173.0 250.5,173.0 250.5,173.0
;
252.03138,155.0 252.03138,155.0 253.04383,149.0048
269.32263,149.99096 263.79147,142.27558 260.18657,145.14553
248.70777,150.43593 252.03138,155.0 252.03138,155.0
252.03138,155.0 252.03138,155.0 252.03138,155.0
;
275.19098,144.9682 275.19098,144.9682 288.68487,139.09739
273.83872,138.86667 276.6,140.0 270.24465,138.81059
269.06228,142.87258 275.19098,144.9682 275.19098,144.9682
275.19098,144.9682 275.19098,144.9682 275.19098,144.9682
;
289.35765,119.0 289.35765,119.0 314.67664,120.08458
278.41137,111.84448 289.35765,119.0 289.35765,119.0
289.35765,119.0 289.35765,119.0 289.35765,119.0
;
319.82869,76.64499 319.82869,76.64499 333.60309,65.397478
307.81697,76.745769 313.9593,77.0 318.79976,75.170894
310.63155,86.163427 319.82869,76.64499 319.82869,76.64499
319.82869,76.64499 319.82869,76.64499 319.82869,76.64499
;
443.64833,32.823907 443.64833,32.823907 452.51667,25.481956
435.02205,29.042932 443.64833,32.823907 443.64833,32.823907
443.64833,32.823907 443.64833,32.823907 443.64833,32.823907
;
438.5,29.0 438.5,29.0 447.83851,25.75478
426.41854,18.601149 438.5,29.0 438.5,29.0
438.5,29.0 438.5,29.0 438.5,29.0
;
327.6621,479.99341 327.6621,479.99341 281.27473,479.99141
234.88737,479.98941 188.5,479.98641 205.3557,471.10626
224.93147,462.79164 237.00513,447.44639 243.75897,430.77524
245.51075,412.38535 249.27329,395.2246 252.37377,384.25535
253.96441,367.7727 253.49991,354.25767 260.18252,354.65247
254.50187,331.44812 253.87743,333.99877 251.89038,330.14452
249.23249,319.18654 253.99987,314.99877 251.85637,310.39153
255.25234,306.18093 254.68979,294.56664 258.79736,285.76223
256.46309,275.55699 261.0816,266.94003 255.39501,253.34385
270.76252,261.7498 262.79762,255.62377 262.86582,250.53066
266.84689,243.4601 267.86318,235.49877 270.93717,224.69317
270.53108,214.98928 273.55039,206.75513 279.40873,191.57012
280.63191,174.50889 290.18014,161.1421 288.88085,154.24552
294.01565,144.82369 295.28701,135.71435 298.28095,129.98537
304.17501,124.10323 305.0905,114.99877 311.98124,112.06079
313.61399,96.18269 322.21883,89.97253 346.04421,58.992265
385.98034,38.431653 425.35635,41.664873 437.32884,43.850107
451.86938,44.24814 459.63027,53.234897 476.64616,59.444435
496.55828,66.014462 506.17275,82.600308 510.19875,88.949805
513.59433,96.573977 519.61423,104.5766 522.52219,111.38373
528.10811,119.51675 529.90004,129.05683 533.11322,139.77188
538.57293,150.94051 540.01617,161.50885 537.90814,168.26896
549.63906,182.35268 545.64576,184.6168 550.38375,195.34478
553.24603,208.4746 553.92331,221.39163 556.8488,240.93015
562.18226,261.35716 565.04145,280.07649 569.22305,309.90311
567.02156,341.74228 572.85208,371.37604 576.78882,391.97682
590.77963,410.00118 609.29639,419.99877 618.46102,422.24157
628.03526,426.04624 632.49904,432.08246 639.7005,438.89637
652.28136,436.44099 658.49986,445.75384 676.81538,443.92039
656.36424,461.07191 668.84073,465.08925 673.6207,468.11809
692.43371,478.86216 684.58126,479.92228 613.3875,479.94807
542.19375,479.97387 471.0,480.0 470.75751,461.32312
468.56849,486.60199 457.02769,479.99951 413.90596,479.99751
370.78314,479.99451 327.6621,479.99351 327.6621,479.99351
327.6621,479.99341 327.6621,479.99341 327.6621,479.99341
;
387.66052,455.0 387.66052,455.0 394.0253,449.90958
376.28598,444.28641 387.66052,455.0 387.66052,455.0
387.66052,455.0 387.66052,455.0 387.66052,455.0
;
468.382,453.0 468.382,453.0 474.82153,447.5074
472.66214,429.87802 468.23095,446.5 468.77233,448.03839
464.78878,454.10398 468.382,453.0 468.382,453.0
468.382,453.0 468.382,453.0 468.382,453.0
;
390.25,445.99368 390.25,445.99368 394.13882,438.05018
379.2255,433.86886 390.25,445.99368 390.25,445.99368
390.25,445.99368 390.25,445.99368 390.25,445.99368
;
464.60409,438.84121 464.60409,438.84121 474.38943,430.27606
457.55315,434.7013 464.60409,438.84121 464.60409,438.84121
464.60409,438.84121 464.60409,438.84121 464.60409,438.84121
;
466.5,431.0 466.5,431.0 467.60994,425.54894
473.59561,413.80438 474.88197,410.0 468.64576,411.70442
465.77658,423.45209 465.0,429.9593 465.0,429.9593
465.0,431.0 465.0,431.0 465.0,431.0
466.5,431.0 466.5,431.0 466.5,431.0
;
373.18983,420.0 373.18983,420.0 374.02755,418.03555
364.926,399.38406 365.60982,406.75 367.06476,411.19756
369.30279,417.69484 373.18983,420.0 373.18983,420.0
373.18983,420.0 373.18983,420.0 373.18983,420.0
;
478.89931,415.0 478.89931,415.0 484.81969,403.91139
476.85563,399.18519 477.83752,414.5 478.01165,414.91411
477.96305,415.63475 478.89931,415.0 478.89931,415.0
478.89931,415.0 478.89931,415.0 478.89931,415.0
;
410.0,410.75049 410.0,410.75049 430.40403,409.92656
410.0997,405.80748 400.93737,405.07382 389.16931,402.09665
377.597,396.15092 368.82563,388.99995 365.91132,383.72503
353.04435,379.39993 348.00514,370.1012 340.88784,361.69377
337.71093,356.42577 332.99994,348.5468 327.16248,341.04477
330.05754,334.52817 323.40006,326.78357 320.48431,317.24059
316.39758,307.29605 316.8254,296.04693 317.31791,285.63225
311.54116,276.38663 314.69139,267.2056 317.36549,258.38586
315.52393,255.55602 316.80191,245.64743 319.72001,234.69386
325.60206,235.70099 329.79882,227.97896 334.67752,214.17948
350.43341,226.60479 360.95897,224.14376 370.57037,221.67019
380.64742,221.36667 390.5,222.49996 392.27308,205.58761
371.71049,197.62011 357.36931,197.9937 351.55691,197.82443
335.2283,206.39787 346.83191,196.11572 355.19025,188.07924
360.07573,180.54992 363.89395,186.31539 375.67619,184.38976
390.33762,191.97856 400.0,190.02085 406.13429,198.52339
411.29325,180.54202 398.5,178.9888 389.98648,176.37778
385.67795,170.1136 376.09036,169.99996 376.01706,163.54071
391.05539,157.65092 395.67378,149.32074 403.47307,143.13434
414.77074,132.22732 398.00996,140.42576 385.43351,152.5911
387.64814,145.70648 399.08399,135.79891 416.03303,120.30268
430.06523,100.63883 450.51549,89.976455 443.1551,87.821682
430.53758,98.466878 424.04158,105.48494 413.45004,115.46496
402.45958,125.65845 393.8513,135.21775 383.85903,145.24664
373.86677,155.27552 363.87451,165.30441 360.51926,173.19935
381.15571,176.75746 373.54279,177.1033 369.20103,181.00805
354.62112,175.51996 350.0,183.88194 349.10272,176.98428
338.97569,189.84746 333.00795,196.29944 324.93365,203.80977
325.2166,213.14616 333.127,201.49959 337.0943,195.36512
354.14237,178.42057 341.45439,193.12637 335.96278,202.27554
344.53831,207.08127 334.0306,208.49997 347.9936,212.55277
343.76169,210.506 330.58776,215.4744 324.00683,223.35425
315.31938,226.85158 312.99997,236.75508 306.50992,244.19283
306.76069,253.79548 304.99997,261.99591 304.44164,272.91857
309.14228,278.76138 309.12068,290.5 311.34294,304.595
311.99466,318.40824 317.41253,330.0 326.00812,353.76119
341.08596,374.20639 360.83659,390.0 367.15451,394.58489
375.3067,400.43163 383.63571,404.47603 392.48907,407.74576
400.01552,411.63614 410.0,410.75049 410.0,410.75049
410.0,410.75049 410.0,410.75049 410.0,410.75049
;
364.90499,217.98469 364.90499,217.98469 353.86739,217.50317
365.69836,205.95013 368.9593,211.99999 376.44992,202.53714
372.65087,218.29872 364.90502,217.98466 364.90502,217.98466
364.90499,217.98469 364.90499,217.98469 364.90499,217.98469
;
403.25,188.93956 403.25,188.93956 396.7178,184.01604
383.13437,179.95766 399.20383,184.06042 400.0623,185.08723
406.40971,188.0486 403.25,188.93956 403.25,188.93956
403.25,188.93956 403.25,188.93956 403.25,188.93956
;
448.08029,404.0 448.08029,404.0 459.60892,399.63434
471.71334,391.23225 480.2048,384.25 487.2172,379.78669
489.08029,374.02945 495.62834,365.863 511.41245,343.01915
519.00116,316.07852 522.0574,288.88095 527.51182,278.29013
528.53845,264.21924 531.14246,254.0 533.35432,243.63028
531.89881,229.92052 529.32601,218.711 529.30181,196.27057
519.64015,176.19866 515.83227,154.5 508.7457,145.3008
510.8006,135.53943 508.10444,130.73756 506.55962,131.74487
503.08041,108.63213 502.0,121.72266 491.34421,118.67143
507.17519,132.92868 502.43597,141.86149 507.72922,153.78347
506.31299,166.75306 515.49993,175.96937 508.76319,176.43026
523.81026,185.44863 519.91913,196.53803 519.77265,207.30755
523.42613,217.47936 522.46739,227.76845 527.27524,235.84395
526.50487,243.79531 522.0,249.06445 527.91035,249.97248
520.28821,254.22274 521.88342,260.0 525.54717,260.27361
520.30122,271.58864 518.82901,280.18491 511.99921,296.99614
512.12185,316.92287 503.99948,333.6153 499.21463,342.74511
497.35074,354.13202 491.11388,362.0 486.5618,372.15112
476.58089,380.37421 468.76062,388.97815 461.37749,386.88357
454.12307,399.17173 446.99948,403.18554 446.99948,403.18554
446.99948,404.0 446.99948,404.0 446.99948,404.0
448.07977,404.0 448.07977,404.0 448.07977,404.0
448.08029,404.0 448.08029,404.0 448.08029,404.0
;
478.05902,403.0 478.05902,403.0 484.26387,395.32782
481.36498,391.0099 475.93225,401.08135 476.68679,401.63908
476.61491,403.67909 478.05902,403.0 478.05902,403.0
478.05902,403.0 478.05902,403.0 478.05902,403.0
;
554.23323,351.0 554.23323,351.0 561.62503,339.18036
551.88066,333.54114 552.72814,351.0 552.72814,351.0
554.23322,351.0 554.23322,351.0 554.23322,351.0
554.23323,351.0 554.23323,351.0 554.23323,351.0
;
387.75,349.96196 387.75,349.96196 388.923,342.7532
378.44218,333.89436 394.28736,341.19557 405.89412,342.39371
411.44756,346.86999 422.33024,345.33906 430.52508,343.95515
453.3036,339.75801 449.56763,339.35449 453.65956,346.50498
460.14126,328.4757 460.99943,330.80335 454.02219,323.96483
444.10045,320.96748 436.97027,311.13193 426.58528,304.60739
414.61858,313.96586 419.21648,302.14475 404.91043,299.83657
427.98512,308.77383 410.8814,305.99993 410.50087,309.96772
392.43099,302.12113 388.20928,312.91219 384.51416,323.41226
371.11238,322.47674 372.29693,334.49993 378.41684,337.33158
382.60154,344.15323 387.75,349.96196 387.75,349.96196
387.75,349.96196 387.75,349.96196 387.75,349.96196
;
420.125,341.625 420.125,341.625 404.25292,337.7396
440.37191,336.76717 420.125,341.625 420.125,341.625
420.125,341.625 420.125,341.625 420.125,341.625
;
407.62756,340.884 407.62756,340.884 400.85059,338.27493
415.75075,332.55662 408.79715,340.9274 408.79715,340.9274
407.62756,340.884 407.62756,340.884 407.62756,340.884
;
401.81955,337.75 401.81955,337.75 391.20433,339.8024
389.223,333.04605 386.12228,331.30898 376.16263,330.03749
396.15618,322.49597 400.3504,332.56986 406.75886,334.91265
403.2189,334.68678 401.81955,337.75 401.81955,337.75
401.81955,337.75 401.81955,337.75 401.81955,337.75
;
432.98588,339.54001 432.98588,339.54001 420.96487,335.90641
448.23497,326.09064 439.46316,335.88393 442.31678,339.62236
434.39508,337.96288 432.98588,339.54001 432.98588,339.54001
432.98588,339.54001 432.98588,339.54001 432.98588,339.54001
;
417.0,332.75139 417.0,332.75139 392.82796,331.99228
440.17401,331.86915 417.66281,332.75039 417.66281,332.75039
417.0,332.75136 417.0,332.75136 417.0,332.75136
417.0,332.75139 417.0,332.75139 417.0,332.75139
;
423.53138,329.0 423.53138,329.0 407.4286,323.70611
436.15536,320.87155 424.61774,329.0 424.61774,329.0
423.53138,329.0 423.53138,329.0 423.53138,329.0
;
410.25,327.50453 410.25,327.50453 400.19737,325.43957
407.42562,317.59862 412.81776,325.19883 413.45335,327.92345
412.02355,327.37574 410.25,327.50453 410.25,327.50453
410.25,327.50453 410.25,327.50453 410.25,327.50453
;
435.01831,325.0 435.01831,325.0 427.6235,317.21807
415.28665,320.35686 405.35716,316.43502 393.21161,309.79193
395.43484,321.3505 390.60092,318.3229 386.39003,317.50933
400.8727,302.63771 404.79815,311.29143 413.48937,310.75865
420.86029,314.22213 429.67648,311.20933 435.24604,310.98224
454.05312,329.60922 439.87782,322.75778 434.69707,319.53618
438.01524,325.37272 435.01831,325.00002 435.01831,325.00002
435.01831,325.0 435.01831,325.0 435.01831,325.0
;
439.40403,291.0 439.40403,291.0 452.27122,287.13499
442.94491,279.77648 449.729,277.25811 452.8868,266.83022
449.12776,261.18438 445.33771,268.25 439.45842,261.92314
446.66663,289.80599 437.18188,279.5 431.77353,270.56784
413.26927,284.84586 429.20753,285.01128 439.8822,281.94361
436.30823,287.48184 439.40403,291.0 439.40403,291.0
439.40403,291.0 439.40403,291.0 439.40403,291.0
;
393.18146,287.0 393.18146,287.0 388.97955,281.24784
415.21723,289.56601 406.1828,278.06284 399.11615,269.59475
388.77917,288.33367 390.66018,273.58363 395.37782,261.17242
386.87847,249.71074 381.46136,266.64039 376.18695,285.9969
386.83939,263.84838 386.0762,278.79019 391.14573,281.11762
388.67814,287.02673 393.18146,287.0 393.18146,287.0
393.18146,287.0 393.18146,287.0 393.18146,287.0
;
422.62244,274.0 422.62244,274.0 430.62105,264.41185
412.12994,269.67511 422.62244,274.0 422.62244,274.0
422.62244,274.0 422.62244,274.0 422.62244,274.0
;
321.38337,246.0 321.38337,246.0 330.76657,238.42342
314.55045,240.76084 321.38337,246.0 321.38337,246.0
321.38337,246.0 321.38337,246.0 321.38337,246.0
;
553.06598,246.0 553.06598,246.0 558.06115,240.71905
545.80373,228.87375 553.06598,246.0 553.06598,246.0
553.06598,246.0 553.06598,246.0 553.06598,246.0
;
521.92924,245.0 521.92924,245.0 531.38605,232.96929
517.66688,230.78094 521.92924,245.0 521.92924,245.0
521.92924,245.0 521.92924,245.0 521.92924,245.0
;
547.27049,241.12951 547.27049,241.12951 545.3713,226.48928
541.54254,231.69548 546.22574,242.17426 546.22574,242.17426
547.27049,241.12951 547.27049,241.12951 547.27049,241.12951
;
471.22251,236.0 471.22251,236.0 481.90103,233.39632
451.81579,229.38997 471.22251,236.0 471.22251,236.0
471.22251,236.0 471.22251,236.0 471.22251,236.0
;
372.40898,235.0 372.40898,235.0 386.88508,230.14309
382.16305,223.85078 370.69098,232.97216 366.64615,231.39819
370.75128,237.01199 372.40898,235.0 372.40898,235.0
372.40898,235.0 372.40898,235.0 372.40898,235.0
;
358.5,233.3362 358.5,233.3362 375.02096,231.14025
344.18261,226.55825 355.5,233.84547 355.5,233.84547
357.43167,233.51756 357.43167,233.51756 357.43167,233.51756
358.5,233.3362 358.5,233.3362 358.5,233.3362
;
480.5,230.0 480.5,230.0 484.80899,225.17793
498.83378,227.18462 503.0,221.0 518.84061,223.10908
507.56378,210.15824 500.52365,205.44851 483.65303,199.65116
460.15214,198.82004 449.41286,215.71745 442.62824,230.58527
456.66475,219.8278 464.16468,222.98422 469.34052,226.39453
477.57151,226.52898 480.5,230.0 480.5,230.0
480.5,230.0 480.5,230.0 480.5,230.0
;
473.62236,219.55225 473.62236,219.55225 465.39868,220.22795
465.88304,204.21043 473.0,214.0 478.16592,213.4977
483.72904,205.1992 476.76098,219.44323 476.76098,219.44323
474.80286,219.51123 474.80286,219.51123 474.80286,219.51123
473.62236,219.55223 473.62236,219.55223 473.62236,219.55223
473.62236,219.55225 473.62236,219.55225 473.62236,219.55225
;
543.96386,228.0 543.96386,228.0 547.03213,216.64246
537.35215,214.98156 543.11803,228.0 543.11803,228.0
543.96386,228.0 543.96386,228.0 543.96386,228.0
;
536.7808,227.0 536.7808,227.0 546.23452,222.7929
536.7294,215.88979 536.0,210.41821 530.48907,200.84119
535.07144,223.89511 536.7808,227.0 536.7808,227.0
536.7808,227.0 536.7808,227.0 536.7808,227.0
;
516.75,195.90981 516.75,195.90981 515.54235,191.6967
513.68065,180.61744 503.19445,177.36993 495.55355,168.2641
483.5011,171.31165 472.58227,171.54817 461.68064,174.03918
451.75173,174.05593 443.06103,180.5 434.38908,173.94881
437.36727,191.76 444.26482,184.0323 446.82916,180.27249
451.5045,197.62851 464.49997,189.18313 477.982,188.29372
486.94367,193.44514 486.03877,190.68909 494.78661,186.98796
502.5358,194.64698 511.99997,194.86676 513.5961,195.13946
515.09104,196.00552 516.75,195.90981 516.75,195.90981
516.75,195.90981 516.75,195.90981 516.75,195.90981
;
509.87408,188.57143 509.87408,188.57143 503.27809,187.00104
483.95479,177.82461 494.46862,182.0 497.96444,178.078
500.14072,181.11969 510.21106,186.67221 510.42695,187.64741
514.29233,189.64038 509.87408,188.57143 509.87408,188.57143
509.87408,188.57143 509.87408,188.57143 509.87408,188.57143
;
452.39301,186.0 452.39301,186.0 451.26782,180.49822
467.4509,180.21366 453.78602,185.99995 453.78602,185.99995
452.39301,185.99995 452.39301,185.99995 452.39301,185.99995
452.39301,186.0 452.39301,186.0 452.39301,186.0
;
489.28674,183.32279 489.28674,183.32279 486.12228,179.18527
465.6135,186.57725 473.85714,179.0 478.81999,178.30531
488.32851,179.45139 489.28674,183.32279 489.28674,183.32279
489.28674,183.32279 489.28674,183.32279 489.28674,183.32279
;
346.16249,170.60648 346.16249,170.60648 356.52705,166.69633
362.90075,153.89271 372.10108,146.83809 375.87741,141.02185
392.38217,129.52948 387.74924,126.24111 381.21993,129.80627
376.42493,131.06479 371.98322,139.51564 369.79072,148.345
358.7391,148.87481 352.24476,159.08573 351.08865,161.90039
336.90895,171.37137 346.16249,170.60648 346.16249,170.60648
346.16249,170.60648 346.16249,170.60648 346.16249,170.60648
;
478.73095,124.97776 478.73095,124.97776 480.62079,118.45988
500.96643,117.68782 491.0,114.00003 488.512,116.34459
479.02697,113.56968 478.1483,124.25732 478.1483,124.25732
477.9619,125.0 477.9619,125.0 477.9619,125.0
478.73095,124.9778 478.73095,124.9778 478.73095,124.9778
478.73095,124.97776 478.73095,124.97776 478.73095,124.97776
;
500.51636,115.0 500.51636,115.0 504.59615,108.88799
490.05662,100.99588 498.89795,115.0 498.89795,115.0
500.51636,115.0 500.51636,115.0 500.51636,115.0
;
477.65499,107.0 477.65499,107.0 482.45476,103.21019
467.39995,99.784126 476.30998,107.0 476.30998,107.0
477.65499,107.0 477.65499,107.0 477.65499,107.0
;
494.11606,105.42827 494.11606,105.42827 499.0105,95.464805
484.74533,98.352609 494.11606,105.42827 494.11606,105.42827
494.11606,105.42827 494.11606,105.42827 494.11606,105.42827
;
466.0,103.0 466.0,103.0 485.53028,100.51099
446.94208,99.404131 466.0,103.0 466.0,103.0
466.0,103.0 466.0,103.0 466.0,103.0
;
468.75,93.0 468.75,93.0 476.99201,90.292153
457.42723,89.227002 468.29263,93.0 468.29263,93.0
468.75,93.0 468.75,93.0 468.75,93.0
;
489.25,83.893643 489.25,83.893643 489.2603,75.189135
471.74396,76.937619 488.00247,83.511996 488.00247,83.511996
488.5,83.787285 488.5,83.787285 488.5,83.787285
489.25,83.893643 489.25,83.893643 489.25,83.893643
;
224.37756,443.0 224.37756,443.0 220.79603,433.91221
226.94933,434.7963 226.99822,429.78644 233.45534,428.04854
227.71216,443.48617 224.37756,443.0 224.37756,443.0
224.37756,443.0 224.37756,443.0 224.37756,443.0
;
237.0,404.0 237.0,404.0 236.9282,392.65478
246.59425,396.3799 237.0,404.0 237.0,404.0
237.0,404.0 237.0,404.0 237.0,404.0
;
230.71322,387.0 230.71322,387.0 226.20137,385.71492
240.31025,373.75188 239.00009,383.21398 235.95626,384.6786
232.68791,381.01535 230.71322,387.0 230.71322,387.0
230.71322,387.0 230.71322,387.0 230.71322,387.0
;
241.82244,380.0 241.82244,380.0 241.85654,374.71197
233.53439,366.41084 241.5,362.46937 247.9132,358.29955
239.00398,379.45146 241.82244,380.0 241.82244,380.0
241.82244,380.0 241.82244,380.0 241.82244,380.0
;
569.25,239.99878 569.25,239.99878 564.73419,229.42348
571.1577,228.80355 571.0,239.99978 571.0,239.99978
569.25,239.99878 569.25,239.99878 569.25,239.99878
569.25,239.99878 569.25,239.99878 569.25,239.99878
;
266.24006,204.75331 266.24006,204.75331 265.50018,196.84076
273.35959,188.38565 267.45606,204.34798 267.45606,204.34798
266.24006,204.75331 266.24006,204.75331 266.24006,204.75331
;
558.55424,192.0 558.55424,192.0 553.72371,185.44111
555.33298,179.06256 558.09063,171.0 564.26183,173.83146
555.9112,180.67912 558.20626,188.68569 558.14656,189.54575
559.74649,192.14885 558.55424,192.0 558.55424,192.0
558.55424,192.0 558.55424,192.0 558.55424,192.0
;
537.65925,115.9682 537.65925,115.9682 529.27566,109.96233
530.4437,100.89362 536.84594,114.01029 532.27881,110.93371
538.95036,116.51969 537.65925,115.9682 537.65925,115.9682
537.65925,115.9682 537.65925,115.9682 537.65925,115.9682
;
473.21862,50.954813 473.21862,50.954813 457.85379,46.586946
469.9628,43.352016 473.21862,50.954813 473.21862,50.954813
473.21862,50.954813 473.21862,50.954813 473.21862,50.954813
;
