427.0,480.0 427.0,480.0 284.66667,480.0
142.33333,480.0 0.0,480.0 0.0,320.0
0.0,160.0 0.0,0.0 284.66667,0.0
569.33333,0.0 854.0,0.0 854.0,160.0
854.0,320.0 854.0,480.0 711.66667,480.0
569.33333,480.0 427.0,480.0 427.0,480.0
427.0,480.0 427.0,480.0 427.0,480.0
;
171.98895,479.0 171.98895,479.0 179.02756,472.18466
176.27736,483.63553 187.23879,466.54024 195.93022,457.01817
208.88568,452.13155 218.7883,443.27969 229.48455,435.43373
241.78995,430.11695 252.38583,422.2003 249.83301,409.83705
265.60922,410.30745 264.30927,397.80193 270.11786,374.53418
275.10155,350.59234 277.49489,327.00821 282.45259,311.27043
276.54569,323.30914 275.87764,318.82178 283.11518,292.6163
284.86798,265.27597 290.92168,238.77705 294.07693,227.30302
296.35564,215.15029 297.41651,202.99994 297.77246,201.50414
302.31869,193.89035 303.14586,182.75097 314.95835,148.47706
322.90325,111.0309 347.23811,83.08672 365.0534,63.29952
390.03321,49.875243 415.7862,43.830038 436.88773,41.766275
461.95153,37.908063 478.71005,53.499941 486.8825,59.114914
491.88516,67.154561 502.48877,70.163346 512.08812,72.533511
514.13449,76.894405 521.90181,83.689484 531.76703,93.954628
537.74341,108.74287 542.44503,121.28269 544.61079,132.78907
549.15139,136.7371 548.68727,143.58399 549.37131,162.21935
555.52804,142.40591 552.62607,155.91838 549.34008,168.77141
557.18125,182.36817 556.74488,195.83677 560.87154,205.23296
560.35963,215.8792 560.52699,226.5761 559.65863,246.85276
564.93984,267.87542 561.94881,287.59489 565.61067,291.59826
564.14697,301.13171 562.16314,310.37725 563.27249,333.63577
557.86313,359.06649 569.49998,380.27424 581.22163,386.8909
594.55821,391.0987 605.54579,398.37034 619.08188,399.30233
636.08337,406.09537 636.06733,421.7633 642.75919,431.44722
655.55489,436.71397 662.8248,446.79695 671.61309,456.05624
679.75372,467.11152 684.2168,478.99994 695.38401,478.24292
677.32676,461.8707 674.76979,455.29438 666.70164,442.39463
653.52725,433.84597 643.89563,422.18247 653.64233,418.89507
637.1039,423.55823 637.38807,412.8652 627.70627,400.32339
645.20495,414.51787 639.99998,413.88188 645.23072,420.67009
646.64971,411.06496 652.51991,422.91116 663.05183,430.98562
644.38919,409.68978 640.49998,406.55965 632.44022,400.7451
622.68684,394.83923 614.7918,392.85758 607.50263,389.83062
605.88158,386.73421 592.776,386.00743 580.9801,382.11324
575.84032,377.36728 570.47598,373.0775 567.6175,363.53484
567.84482,357.13873 565.4869,347.5 567.30006,336.48951
569.19797,362.51941 571.61457,367.3043 577.97034,381.85679
571.07979,357.32729 571.17846,352.56182 571.04835,342.59848
567.4346,332.85355 569.23523,323.54167 569.44134,304.81955
572.07563,286.25364 573.06384,267.69147 578.2557,245.41216
569.08551,273.46434 570.9752,262.58903 572.68553,256.57109
568.36566,235.09515 572.8595,239.3907 569.01952,249.93634
579.42508,261.953 574.67165,244.55217 572.68311,217.9299
568.91626,191.41082 564.25948,165.39305 563.04008,158.99679
562.76273,133.83689 559.23656,141.76666 561.91276,148.51195
562.16594,174.44487 559.70974,154.32515 559.42836,148.05706
554.81536,139.72317 557.12346,134.64374 555.78711,128.2615
542.58902,119.69994 548.94211,115.60878 547.04935,116.26596
554.8385,128.77864 552.5909,117.25757 556.31301,125.07929
558.0068,133.4 557.93226,131.5 562.0455,137.73755
559.04244,124.40868 556.29114,115.64453 555.59777,102.1855
542.37843,95.358327 537.00003,84.881966 543.01549,88.216283
525.02199,78.839616 530.45273,79.004727 541.64892,79.913377
522.17433,78.812989 525.31105,70.5 509.19248,68.49578
524.80904,61.532924 512.63717,59.24717 498.28721,54.551335
501.33823,55.418822 498.04317,57.976895 492.45318,49.946434
495.60368,60.447582 490.37586,53.858399 485.81383,48.738486
470.18882,43.095675 480.5,42.842105 472.5706,41.731737
456.49432,32.221999 458.58523,36.741227 446.26323,33.617433
433.87799,39.684804 421.5,36.964085 424.4916,42.457343
418.68058,38.14876 413.58997,37.536071 415.58606,38.53642
408.70115,44.039821 400.77639,42.743769 392.01986,50.379012
386.8411,46.202329 381.11971,49.472337 375.76279,50.598355
366.35409,59.36809 358.40798,64.92731 349.46034,71.569625
349.2967,73.071656 343.13261,80.761758 341.00361,82.585629
329.25993,96.493673 337.0,88.617741 333.05001,97.699825
322.79526,96.307553 330.98467,96.615141 326.5215,105.907
320.9079,112.4019 316.41095,120.49812 315.74705,128.73956
287.83095,127.34444 300.01527,130.54614 305.64751,130.50824
310.42482,123.11448 308.11933,135.33321 304.698,142.02035
296.9375,164.06932 305.29949,145.69738 311.50267,138.24454
309.96095,129.4158 317.49999,124.84774 312.36467,131.14568
311.52037,139.41728 307.75712,145.48223 301.59741,165.3957
294.81021,186.8037 290.59941,206.2661 287.46018,223.90454
279.17131,241.8828 278.62422,260.5 276.4439,251.55908
277.71932,274.42814 276.00003,253.66667 273.43935,264.62728
269.11827,276.05009 267.28365,287.25446 270.78513,274.2728
271.81967,290.79632 270.99269,277.12257 276.38377,273.9546
272.41951,259.92505 277.12503,266.8566 281.34062,263.94114
280.69552,246.22626 284.66569,238.00098 288.83982,238.07828
281.01693,254.54675 281.03675,260.81808 278.00226,268.93173
278.72142,280.6591 276.43797,287.0 276.24539,272.60738
268.89211,280.08182 275.60317,287.95129 279.02858,295.904
269.5683,310.89528 273.99949,312.31531 272.78077,322.23892
264.57033,335.69416 261.80932,342.0 272.25528,333.50274
260.13906,344.74841 264.99952,344.88197 259.57348,358.94934
264.5937,359.58556 267.57825,344.94727 269.79036,328.47551
272.69582,352.82917 266.46268,354.91348 262.21163,366.39747
259.94327,367.25078 258.98165,378.98703 261.41432,386.04348
244.1245,396.26078 254.72287,388.71413 262.91047,386.43412
260.85091,387.2827 256.52802,394.08014 259.9906,399.53494
237.19883,404.29826 250.16992,401.83796 247.51646,406.7959
243.53248,408.76549 234.80763,416.45401 228.56043,423.41859
220.31967,429.57784 213.99866,436.37612 221.06139,436.22195
219.01991,435.87681 223.85861,428.81179 230.91327,425.20816
225.74443,432.52025 235.0,423.92963 232.64229,434.53216
220.1895,437.06391 212.80929,443.36701 195.33758,450.03738
182.03298,464.1441 170.88197,479.0 170.88197,479.0
171.98895,479.0 171.98895,479.0 171.98895,479.0
;
239.74503,425.04722 239.74503,425.04722 240.46752,422.17803
233.4755,426.74839 240.63414,417.79376 234.92141,417.61528
251.33206,407.78361 245.48328,415.91672 238.53415,422.94894
257.95154,410.17743 245.92963,422.0 251.31555,407.95635
241.81232,432.16599 242.11345,423.5 242.38321,420.5895
240.42031,424.90086 239.74503,425.04722 239.74503,425.04722
239.74503,425.04722 239.74503,425.04722 239.74503,425.04722
;
609.31609,396.16786 609.31609,396.16786 600.06255,396.27079
598.89084,389.10293 611.13217,395.73217 611.13217,395.73217
609.31609,396.16786 609.31609,396.16786 609.31609,396.16786
;
262.45306,385.88027 262.45306,385.88027 261.13318,378.08376
260.89077,371.47768 262.22637,373.85036 265.14095,371.64287
265.14461,358.26958 265.95415,371.53379 264.6293,376.21275
264.42272,381.56695 262.45306,385.88027 262.45306,385.88027
262.45306,385.88027 262.45306,385.88027 262.45306,385.88027
;
269.59849,360.48705 269.59849,360.48705 263.20159,378.56697
272.58983,339.21988 269.59849,360.48705 269.59849,360.48705
269.59849,360.48705 269.59849,360.48705 269.59849,360.48705
;
567.62027,278.0 567.62027,278.0 564.46666,268.01875
567.48129,259.64912 568.05922,275.84794 566.27405,275.05875
569.53029,278.90397 567.62027,278.0 567.62027,278.0
567.62027,278.0 567.62027,278.0 567.62027,278.0
;
565.68312,204.18749 565.68312,204.18749 568.6126,196.1224
555.49476,203.18075 561.24489,196.0 562.44493,189.11674
567.53553,197.88587 565.68312,204.18749 565.68312,204.18749
565.68312,204.18749 565.68312,204.18749 565.68312,204.18749
;
560.17057,190.0 560.17057,190.0 556.18017,183.25681
562.9456,177.92158 557.36314,173.13056 554.66788,168.16394
553.85929,149.16711 557.43654,159.16584 559.22995,164.85169
559.13001,172.9687 561.87505,177.04078 560.5496,180.1929
564.38113,189.92972 560.17062,190.0 560.17062,190.0
560.17057,190.0 560.17057,190.0 560.17057,190.0
;
552.46048,115.66667 552.46048,115.66667 546.32158,111.22134
555.62816,115.80094 546.6966,107.34133 546.14086,100.21879
536.25775,92.652972 544.779,97.300611 549.03685,101.60442
555.68715,111.86277 552.46048,115.66667 552.46048,115.66667
552.46048,115.66667 552.46048,115.66667 552.46048,115.66667
;
510.54647,65.921053 510.54647,65.921053 499.63572,60.172065
509.5995,55.193334 510.59297,66.000003 510.59297,66.000003
510.54647,65.921053 510.54647,65.921053 510.54647,65.921053
510.54647,65.921053 510.54647,65.921053 510.54647,65.921053
;
501.23087,62.822692 501.23087,62.822692 487.19979,61.120446
515.58003,60.352187 501.23087,62.822692 501.23087,62.822692
501.23087,62.822692 501.23087,62.822692 501.23087,62.822692
;
369.0,478.0 369.0,478.0 382.06617,483.39662
360.98131,467.51934 368.01527,477.32332 368.40473,477.33862
367.33317,482.37122 369.0,478.0 369.0,478.0
369.0,478.0 369.0,478.0 369.0,478.0
;
392.63884,475.6945 392.63884,475.6945 400.00928,463.6717
389.31548,452.58866 387.1262,440.5 385.98907,452.31117
395.61503,463.0009 391.61383,474.43604 391.61383,474.43604
392.24708,476.08626 392.24708,476.08626 392.24708,476.08626
392.63884,475.6945 392.63884,475.6945 392.63884,475.6945
;
408.77806,448.55527 408.77806,448.55527 405.6656,435.69895
408.54955,433.95074 403.66488,436.75 400.92858,430.67476
406.79656,448.5281 408.77806,448.55527 408.77806,448.55527
408.77806,448.55527 408.77806,448.55527 408.77806,448.55527
;
396.61823,434.7151 396.61823,434.7151 394.63619,423.16971
385.79271,419.73243 395.03143,433.24254 395.83763,431.65612
395.74255,436.82272 396.61823,434.7151 396.61823,434.7151
396.61823,434.7151 396.61823,434.7151 396.61823,434.7151
;
406.65406,426.0 406.65406,426.0 404.52738,416.26469
394.64116,406.02382 393.65497,396.55498 388.73371,390.40451
385.761,378.2168 379.87399,374.79268 386.85778,389.05105
392.96272,401.43335 398.9667,415.73643 389.23818,409.94084
403.93169,416.98798 402.50046,424.40909 404.59685,423.96924
405.24417,425.07086 406.65406,426.0 406.65406,426.0
406.65406,426.0 406.65406,426.0 406.65406,426.0
;
486.88951,406.56829 486.88951,406.56829 491.7629,394.1407
488.93917,389.27383 486.0,405.09758 486.28151,405.6147
485.2814,408.43054 486.88951,406.56829 486.88951,406.56829
486.88951,406.56829 486.88951,406.56829 486.88951,406.56829
;
482.75214,395.0 482.75214,395.0 492.1361,387.43707
486.16398,388.50852 490.92038,376.42258 526.09496,345.54126
534.55999,297.67862 549.41613,255.58936 557.46078,226.35017
545.40165,196.79737 542.51634,167.60641 535.44529,139.89455
526.40952,110.55813 505.68939,90.0 504.45497,94.669547
513.99718,99.509742 514.48824,106.43133 504.00483,109.65249
518.90428,106.50053 517.97548,112.45211 521.09863,120.8794
524.24244,126.68481 528.40485,136.42437 528.57338,142.58582
542.26305,167.73393 532.16493,156.70602 519.26141,151.11341
502.08837,153.59583 488.99997,159.07037 490.40252,161.84516
496.01718,160.0927 502.49066,160.01506 505.25931,158.31422
517.30836,158.20132 527.61531,159.40959 530.58066,157.13653
546.3081,173.53109 536.62543,166.75497 527.59237,165.57898
516.63773,160.85162 508.53038,164.74494 506.47155,162.19047
517.01055,156.95583 502.0,165.21458 484.11474,166.24924
502.22812,170.9749 513.01979,168.64613 524.72262,169.02447
534.62682,165.33876 540.12472,173.63761 525.1182,170.837
540.56556,172.88721 541.34025,182.26546 543.92907,208.38043
554.52051,235.44426 543.5818,261.21576 529.64904,300.74079
521.05258,346.44578 486.75468,374.06002 477.72335,379.77818
466.73351,379.95575 456.5,381.90515 467.27882,381.55693
478.24384,382.18444 488.11292,377.06881 488.32969,383.63672
481.96448,390.61163 482.75214,395.0 482.75214,395.0
482.75214,395.0 482.75214,395.0 482.75214,395.0
;
243.12237,387.89562 243.12237,387.89562 248.64997,375.92225
248.10264,369.95285 250.50715,375.18984 251.55188,370.12621
257.59102,376.14894 255.0,367.5 250.08599,368.78302
258.58847,347.31622 252.93577,354.48795 248.32403,367.2467
247.41017,366.89341 244.41505,378.64609 243.50814,381.31734
236.59981,396.54502 243.12237,387.89562 243.12237,387.89562
243.12237,387.89562 243.12237,387.89562 243.12237,387.89562
;
412.44617,374.88879 412.44617,374.88879 409.45572,368.59146
397.04996,363.66242 390.40541,356.746 374.13859,343.46935
361.53013,326.78753 354.1213,307.04345 353.71054,301.26313
353.77609,288.27288 349.7991,282.0 346.29497,293.77109
349.52281,271.04111 347.21232,265.41858 348.00086,248.52539
351.33442,281.41183 352.30923,266.329 352.30623,252.43857
348.41676,259.91784 348.80616,245.58489 350.45618,236.66131
353.75747,253.93313 350.69098,236.69098 352.173,232.88333
354.5026,231.34825 355.49999,222.5 358.85739,231.3859
362.80864,216.48059 358.99999,217.77046 363.41516,208.77937
364.64122,201.39942 372.33059,194.0 382.1286,194.0135
389.06141,196.99086 399.47135,198.58667 411.58589,203.09392
424.67074,193.50687 436.18471,199.31915 441.78523,186.91694
424.12363,176.91503 413.30319,175.54394 406.5733,172.31459
382.03017,180.75808 399.90003,178.17595 410.68185,181.2785
386.28684,182.26138 381.95455,184.26451 380.68366,191.85871
395.16596,183.72075 403.37788,185.01612 413.10703,185.92967
417.47314,184.48092 414.67896,194.00008 404.32147,199.98961
395.92967,177.07628 395.3147,190.79525 398.76307,195.30644
381.25761,185.44959 379.08243,192.62186 370.0616,186.99197
362.22073,205.72974 360.72684,202.14232 361.35667,197.18604
374.0004,180.65487 365.05106,189.26377 361.70091,197.63183
355.89533,205.93522 355.0,214.78602 347.62673,221.9281
346.65921,235.95217 344.6986,246.45929 343.82892,272.26047
343.45739,298.89795 355.80425,322.42244 367.30485,345.75106
389.95085,363.07107 412.44617,374.88879 412.44617,374.88879
412.44617,374.88879 412.44617,374.88879 412.44617,374.88879
;
430.75,194.85017 430.75,194.85017 430.0485,198.16783
428.43427,185.64147 427.0,187.0 431.55187,185.73016
412.54507,178.61486 406.69804,179.08463 396.45271,175.14823
416.28043,177.5369 420.38832,179.65947 424.41389,179.97996
442.0432,197.32889 430.75,194.85017 430.75,194.85017
430.75,194.85017 430.75,194.85017 430.75,194.85017
;
258.71095,331.62238 258.71095,331.62238 264.01977,324.62221
263.29503,312.36221 268.0,308.55902 265.068,300.73161
263.56558,319.86645 259.82773,324.33691 259.34321,325.19751
257.06319,333.81828 258.71095,331.62238 258.71095,331.62238
258.71095,331.62238 258.71095,331.62238 258.71095,331.62238
;
474.80699,319.0 474.80699,319.0 471.79923,311.79634
502.41093,312.84298 494.0,314.75511 499.43987,305.56502
492.44942,298.77134 484.65081,294.33939 478.1375,299.91071
478.8543,292.00091 468.50003,290.16186 457.88205,287.15655
446.7015,287.17849 439.00003,296.30998 436.47763,288.72036
444.31068,283.93013 430.83582,295.30272 417.97321,298.13703
422.96449,310.51817 429.65151,315.05759 433.51436,313.45981
428.63013,307.64064 443.72924,313.98531 453.3573,318.67177
466.40748,313.62819 474.80699,319.0 474.80699,319.0
474.80699,319.0 474.80699,319.0 474.80699,319.0
;
466.5,313.91436 466.5,313.91436 449.94556,316.32507
480.72426,305.71187 461.5,311.20527 450.4595,312.63595
438.39484,311.12777 428.0,306.83456 433.57962,297.05687
437.88258,298.25791 448.66835,300.18115 458.94055,300.78028
471.00308,303.74526 481.0,299.62473 498.76189,302.45902
482.21091,311.02201 480.63127,311.72262 475.97384,313.54972
471.52883,314.49057 466.5,313.91436 466.5,313.91436
466.5,313.91436 466.5,313.91436 466.5,313.91436
;
469.83937,298.80043 469.83937,298.80043 455.40137,297.4456
485.53409,289.27614 469.83937,298.80043 469.83937,298.80043
469.83937,298.80043 469.83937,298.80043 469.83937,298.80043
;
457.89301,298.0 457.89301,298.0 448.74573,298.82155
450.37109,286.40977 460.76635,293.24301 463.3774,294.83327
461.00668,299.55807 457.89301,298.0 457.89301,298.0
457.89301,298.0 457.89301,298.0 457.89301,298.0
;
496.27743,300.0 496.27743,300.0 493.7261,295.89986
490.1906,281.51405 481.99424,280.0 491.71499,283.77852
488.85657,295.75406 496.27743,300.0 496.27743,300.0
496.27743,300.0 496.27743,300.0 496.27743,300.0
;
438.65004,258.0 438.65004,258.0 436.95536,255.92465
425.72141,247.05319 434.68859,238.8936 438.16898,237.04661
443.74284,228.01437 433.01123,236.16833 426.93659,244.7773
426.89671,255.22443 438.65004,258.0 438.65004,258.0
438.65004,258.0 438.65004,258.0 438.65004,258.0
;
445.77173,255.52456 445.77173,255.52456 450.85352,255.87491
469.45775,254.24045 459.53212,248.44897 450.21017,241.36759
443.04476,263.26526 440.15,246.5 433.87359,240.19092
440.93696,259.32956 445.77173,255.52456 445.77173,255.52456
445.77173,255.52456 445.77173,255.52456 445.77173,255.52456
;
479.625,255.96959 479.625,255.96959 497.52803,255.96059
477.45139,239.6301 475.0,253.90061 476.60067,254.38062
477.77421,256.36927 479.625,255.96959 479.625,255.96959
479.625,255.96959 479.625,255.96959 479.625,255.96959
;
521.5,206.42904 521.5,206.42904 527.53304,205.14659
545.81237,206.93953 539.51918,197.027 536.30454,190.39249
516.42702,189.11356 525.97753,186.7044 544.33502,197.7668
531.33246,183.52625 519.6777,184.0 508.09024,182.5399
491.54501,188.3107 490.0,200.75511 498.75387,202.83528
508.996,203.69904 518.44042,206.58743 519.46294,206.9393
520.48079,206.58143 521.5,206.42904 521.5,206.42904
521.5,206.42904 521.5,206.42904 521.5,206.42904
;
527.0,201.57895 527.0,201.57895 534.03627,202.19807
514.37926,185.96908 527.62288,194.15552 536.53065,198.024
536.81634,200.08509 527.0,201.57895 527.0,201.57895
527.0,201.57895 527.0,201.57895 527.0,201.57895
;
509.12756,199.90032 509.12756,199.90032 495.66666,197.16646
500.65751,193.33876 506.0,195.17978 501.35213,188.81565
518.86471,196.40968 515.44265,194.49439 515.33039,198.01678
512.96816,201.20137 509.12756,199.90032 509.12756,199.90032
509.12756,199.90032 509.12756,199.90032 509.12756,199.90032
;
503.75,189.46609 503.75,189.46609 496.55345,187.70876
520.45143,184.79641 521.83336,187.49997 515.89669,188.42409
509.42648,187.52287 503.75,189.46609 503.75,189.46609
503.75,189.46609 503.75,189.46609 503.75,189.46609
;
408.38278,189.94222 408.38278,189.94222 410.15961,178.44991
398.92303,192.33567 408.38278,189.94222 408.38278,189.94222
408.38278,189.94222 408.38278,189.94222 408.38278,189.94222
;
377.03229,184.47078 377.03229,184.47078 384.65562,177.7487
384.18472,170.28289 390.25766,168.56643 392.636,164.26222
397.47648,156.97055 406.0,159.9505 411.69476,156.6872
423.362,162.7099 431.43989,163.15537 441.37614,163.37077
448.54421,171.40394 440.5,160.80125 433.81035,161.30459
421.12055,149.77744 421.60672,156.93556 422.57419,158.49237
404.59287,151.19143 397.97997,154.52371 389.43365,158.11079
381.79771,166.79024 376.8055,175.05077 380.69242,177.30745
370.61984,189.11164 377.03229,184.47078 377.03229,184.47078
377.03229,184.47078 377.03229,184.47078 377.03229,184.47078
;
450.82172,161.58018 450.82172,161.58018 448.72804,151.98493
434.49276,152.90279 428.22212,145.93945 408.28442,148.70461
419.32287,136.32206 428.80049,129.10012 440.33576,122.25815
430.58358,123.84458 441.0,119.59818 445.37318,112.38099
454.82136,105.9626 461.62003,99.499849 469.05004,95.469208
483.22441,84.67979 467.29713,94.032219 455.80796,98.469306
487.02403,79.650329 476.41775,82.961575 454.39749,97.400541
434.9499,115.29525 417.02148,134.5 420.2427,124.08413
409.16009,139.8971 406.34823,144.24231 406.86964,148.3965
417.03606,138.31111 413.31274,148.31499 401.13971,147.94161
425.46582,149.2224 428.85846,152.1506 436.95787,154.75807
447.0922,160.36028 450.82172,161.58018 450.82172,161.58018
450.82172,161.58018 450.82172,161.58018 450.82172,161.58018
;
402.5,41.323972 402.5,41.323972 417.95383,40.637756
407.94254,37.04217 398.5,42.025862 399.83333,41.791899
401.16667,41.557935 402.5,41.323972 402.5,41.323972
402.5,41.323972 402.5,41.323972 402.5,41.323972
;
