427.0,480.0 427.0,480.0 284.66667,480.0
142.33333,480.0 0.0,480.0 0.0,320.0
0.0,160.0 0.0,0.0 284.66667,0.0
569.33333,0.0 854.0,0.0 854.0,160.0
854.0,320.0 854.0,480.0 711.66667,480.0
569.33333,480.0 427.0,480.0 427.0,480.0
427.0,480.0 427.0,480.0 427.0,480.0
;
181.13901,478.74007 181.13901,478.74007 194.28046,476.96996
204.70885,465.0364 216.8354,459.33939 233.26105,451.40549
241.0834,434.23695 242.12329,416.73347 250.0284,381.64212
260.21266,345.91011 254.99384,309.59344 258.5676,323.53432
260.89748,299.76182 256.0004,302.10699 260.33829,298.0333
261.43606,290.32403 256.88197,292.0 262.79014,291.75118
264.05533,269.3215 260.706,274.97104 263.37205,256.60355
266.48513,237.07645 271.1382,218.96738 272.10237,217.0061
273.97179,208.41972 277.56493,199.64049 282.78367,179.52625
284.96771,158.95704 292.41326,139.60329 293.98089,131.91531
304.08628,114.66201 301.15771,115.28105 294.12217,126.37467
303.74655,105.84119 303.88793,110.5 318.79033,79.127366
343.47713,47.606945 377.55116,34.098161 390.17174,29.644467
404.00679,24.725911 417.50082,26.141709 415.33483,22.257212
439.00634,25.309148 446.92408,26.984755 458.43594,28.581745
464.15953,37.699993 473.81385,43.070368 481.60496,51.599173
498.37116,49.903871 506.11839,60.529498 524.8425,74.374338
533.82749,97.083048 541.57027,117.78181 544.84263,128.01273
547.58303,138.66324 549.48619,148.55287 556.08928,157.91968
552.22121,167.65194 557.06861,173.21074 554.65641,188.23371
561.05068,182.15021 560.38732,185.5 560.02552,191.81518
556.21129,192.82053 561.48054,206.5 563.25567,216.52037
568.83857,229.40815 566.11594,238.0 565.40479,242.79745
570.06135,253.75329 568.77612,263.57802 570.07226,274.48684
569.49866,283.74634 568.57209,293.87118 570.49832,302.62592
571.22236,311.72957 573.0,319.0 568.73314,327.26198
572.04558,323.08735 570.38297,334.29362 571.73693,350.78723
568.53024,370.72166 579.5,384.20161 589.95428,388.80678
600.94481,393.23502 609.90662,399.58135 623.37103,403.29774
632.70207,415.92232 647.5,416.07784 658.19522,421.68171
665.55067,423.66155 663.85947,437.62921 679.18397,449.71938
696.76277,462.24424 708.41097,479.0 717.16743,475.96946
696.20406,463.68395 692.49146,457.21347 689.40544,451.40252
671.8079,440.33725 678.4,442.0 683.03937,436.53691
666.72839,442.23691 677.6455,436.19358 690.58573,454.99253
677.46219,432.40254 684.90615,440.94725 696.80523,451.36021
683.5622,446.04695 692.70117,451.63265 693.2173,449.72624
708.43225,465.66338 704.02291,467.10388 707.21279,469.1977
714.34977,478.47188 704.9884,462.03425 696.65886,451.36673
688.54628,442.37578 680.84415,432.0 673.07961,428.81949
665.52167,416.46412 655.0,416.0 660.86144,412.83139
645.40951,404.98983 639.09542,402.87839 624.28404,396.66979
608.30082,389.12548 593.88197,385.0 586.45114,384.89659
588.0459,380.47018 583.91417,381.23423 572.60876,376.42622
583.53927,368.83495 579.99997,363.39301 582.78446,356.14314
580.82449,361.25037 586.99991,362.11803 586.31008,357.0874
581.20608,335.63834 578.61034,345.48772 577.83488,334.30846
588.53373,349.95324 579.85353,332.87307 578.96151,325.93066
574.58901,314.28414 576.65027,303.86692 575.75448,284.9057
578.4174,266.71776 578.48402,248.08393 584.47082,251.86978
575.00052,230.61485 577.02104,224.20525 580.01046,210.46167
574.0526,216.43267 572.99058,205.20467 568.27963,187.54258
565.59846,170.18083 561.24244,152.53179 559.5916,145.77055
559.3127,133.5915 563.07143,144.0 562.37178,151.30221
567.90568,142.68253 560.25,134.99443 556.90234,119.71348
552.67971,134.54771 557.03108,121.61218 550.16352,116.04424
560.09788,109.72582 560.93723,115.0 562.14742,132.51123
568.0986,117.97553 558.81284,108.84166 556.45465,104.27087
544.09856,79.440575 548.97358,92.819155 541.62488,89.636846
537.61727,76.013013 532.01145,72.492921 535.43905,74.757645
518.80206,57.870126 529.20998,66.5 534.12028,71.637743
544.30259,85.153627 533.67947,68.310323 536.9096,68.140514
523.63554,52.587774 528.285,65.048332 519.76053,57.985149
520.76314,59.343056 522.98369,57.489919 515.79519,52.749852
518.32137,50.103016 508.93865,48.141243 490.01259,40.621925
517.98617,47.073337 505.07177,40.484899 490.22833,36.827275
491.53466,37.601256 489.23663,32.5 491.06388,43.233338
475.14407,29.436222 468.78906,28.090405 459.1766,22.846492
449.333,19.145447 443.46408,19.733531 442.43561,18.060679
425.30427,17.934322 416.54463,19.725631 404.98224,22.287303
393.01912,22.746371 381.6564,26.169612 388.17453,26.268892
352.6281,31.777775 371.5,29.632116 369.0869,32.461031
364.80067,32.639273 356.54447,37.98253 344.40706,40.848631
351.05199,42.537734 338.30116,47.975613 324.23801,52.508705
332.18818,46.026964 330.86001,55.869395 316.07701,71.514205
334.99897,43.950182 326.81665,54.567072 322.0591,63.775432
309.76635,71.681583 309.0463,80.721249 307.71117,81.888353
298.37639,87.559248 304.9853,88.86989 306.00503,90.009822
301.94399,93.592489 298.67957,102.091015 296.36435,102.114215
303.6678,107.041145 295.06149,105.369085 284.9731,104.035175
283.86639,124.257085 274.50002,121.811335 283.43508,122.810175
275.03565,132.164425 278.28717,133.624295 281.38167,121.453195
278.51849,120.171205 282.57143,128.999995 284.18699,121.755815
282.11329,115.488545 283.12756,120.964595 292.88178,117.262715
284.78806,117.308055 291.13376,109.799295 290.62676,118.692285
293.89135,111.338815 297.00706,106.495625 300.97194,110.091025
290.99446,123.251045 291.54552,120.962225 284.82281,130.216905
286.92799,143.679825 282.85039,154.324325 277.85719,153.062525
281.59134,177.296765 275.97252,172.963545 266.0024,168.594375
283.16483,172.036245 274.97993,165.512385 275.45346,154.298585
268.19361,178.263955 272.89963,177.943975 276.86761,185.221535
269.12069,194.281225 269.31913,202.919085 265.82526,207.753895
267.93472,223.223665 263.99998,218.666665 265.52116,226.410005
261.25321,238.520695 257.73958,247.694235 256.46107,265.610615
250.22498,240.785185 251.35359,262.515045 254.46574,261.572435
253.71656,283.728395 251.83327,268.396945 248.80653,278.011905
254.71875,279.573665 245.9059,284.614465 241.65367,296.224465
248.67823,281.512155 248.99994,282.999995 254.69119,279.790775
244.44571,297.876185 246.23115,303.897905 241.12351,320.960545
252.76279,292.425515 249.51512,306.363725 251.59495,322.557525
239.93086,309.821065 248.99991,322.142855 247.36612,325.669785
241.49181,333.737925 240.05504,341.044405 233.98652,352.973635
239.22534,353.642215 234.58592,365.070685 222.51026,382.909135
240.77177,362.136935 234.68998,376.613135 223.82136,383.309455
235.88498,380.742325 231.32094,383.999995 229.50217,396.179515
231.4924,385.837535 234.3507,388.580975 236.10665,384.678475
234.23873,379.827235 239.99991,387.184115 237.00192,399.001085
235.09518,390.092035 236.77211,401.871865 233.98219,403.006405
228.60229,387.663915 228.38523,391.747665 227.31909,399.292695
218.35214,418.670085 221.09107,407.000005 215.56761,415.062625
212.45166,424.759565 218.75484,417.778605 217.19781,412.074165
227.16456,405.619265 221.96805,419.241545 213.27346,431.244975
221.23373,428.136665 223.99998,421.019575 223.2855,414.007405
229.22843,418.417165 232.12632,408.000005 237.31524,397.546665
232.93302,411.306855 229.23914,417.800585 233.13902,426.280345
218.2683,425.197355 216.26374,435.451225 218.04436,440.029555
222.82673,443.136855 211.63734,452.078125 207.05086,437.177965
200.41389,472.279505 203.89145,451.748675 197.7422,452.013555
194.33252,468.631675 185.37987,471.967765 184.23394,474.158995
170.41708,480.369995 181.13901,478.740065 181.13901,478.740065
181.13901,478.74007 181.13901,478.74007 181.13901,478.74007
;
672.54884,440.99503 672.54884,440.99503 665.22865,437.64669
669.10154,431.38179 669.25004,429.46251 673.34334,431.20182
672.10067,437.5041 672.54884,440.99503 672.54884,440.99503
672.54884,440.99503 672.54884,440.99503 672.54884,440.99503
;
224.15289,437.77799 224.15289,437.77799 223.2293,431.76857
219.59942,438.36737 226.0,428.11803 231.25118,422.89023
224.07769,438.558 224.15289,437.77799 224.15289,437.77799
224.15289,437.77799 224.15289,437.77799 224.15289,437.77799
;
233.66083,423.44917 233.66083,423.44917 228.27355,416.53501
232.65543,422.30712 233.98697,415.0 232.91057,419.14432
238.50926,420.98272 235.0,421.61774 235.0,421.61774
233.84352,423.19933 233.84352,423.19933 233.84352,423.19933
233.66083,423.44917 233.66083,423.44917 233.66083,423.44917
;
237.14507,415.41034 237.14507,415.41034 237.39493,410.65888
235.93711,404.20046 240.78938,398.0 238.84653,404.38606
240.25566,410.54375 237.14507,415.41034 237.14507,415.41034
237.14507,415.41034 237.14507,415.41034 237.14507,415.41034
;
236.54551,379.96223 236.54551,379.96223 233.80562,383.58267
240.28939,358.74905 239.69631,376.7012 242.40139,385.72206
237.30574,370.41925 236.54551,379.96223 236.54551,379.96223
236.54551,379.96223 236.54551,379.96223 236.54551,379.96223
;
578.4915,369.65136 578.4915,369.65136 575.22653,370.74833
575.03304,352.31983 575.0,351.11803 572.36851,337.39155
581.62754,334.06434 576.08645,342.45911 577.48632,351.01706
581.11993,361.84353 578.4915,369.65136 578.4915,369.65136
578.4915,369.65136 578.4915,369.65136 578.4915,369.65136
;
244.60207,369.32246 244.60207,369.32246 235.66522,368.57536
245.98878,359.80101 243.11803,360.99999 244.06185,360.00287
237.7013,353.35138 240.07899,349.24999 233.43137,362.06943
245.46503,332.10952 242.50692,354.5 239.61092,356.42232
254.78895,358.73014 244.78712,360.15038 239.00527,363.24933
247.30809,367.74935 244.60207,369.32246 244.60207,369.32246
244.60207,369.32246 244.60207,369.32246 244.60207,369.32246
;
245.0,345.0 245.0,345.0 243.59734,337.56788
251.33317,325.4967 246.85119,340.28275 244.64592,340.91213
247.59713,345.93001 245.0,345.0 245.0,345.0
245.0,345.0 245.0,345.0 245.0,345.0
;
555.25,113.32433 555.25,113.32433 552.94263,113.22713
545.69152,88.449215 548.79249,96.983141 558.51326,104.78911
554.31491,108.49986 558.15875,110.43201 560.4365,114.14618
556.04864,111.29805 555.25,113.32433 555.25,113.32433
555.25,113.32433 555.25,113.32433 555.25,113.32433
;
313.6107,83.586632 313.6107,83.586632 305.20054,77.372527
315.07016,80.135555 317.0,74.0 326.70938,68.153279
316.2635,72.964052 324.85202,63.305886 333.11206,52.990989
345.07827,48.746595 329.05224,60.232337 330.74214,60.710962
334.3262,60.459987 327.85676,63.788253 327.62417,70.392508
316.27566,74.882394 315.24404,83.346919 315.24404,83.346919
313.61077,83.586632 313.61077,83.586632 313.61077,83.586632
313.6107,83.586632 313.6107,83.586632 313.6107,83.586632
;
187.38337,469.0 187.38337,469.0 195.95406,461.08806
181.7359,463.02462 187.38337,469.0 187.38337,469.0
187.38337,469.0 187.38337,469.0 187.38337,469.0
;
385.79732,452.3106 385.79732,452.3106 384.85924,433.81856
382.23154,460.68842 385.79732,452.3106 385.79732,452.3106
385.79732,452.3106 385.79732,452.3106 385.79732,452.3106
;
192.43343,452.0 192.43343,452.0 200.52275,443.59812
187.09899,444.44678 192.43343,452.0 192.43343,452.0
192.43343,452.0 192.43343,452.0 192.43343,452.0
;
211.10969,444.85676 211.10969,444.85676 214.7685,441.85264
213.40515,433.49608 210.5,442.5 207.26407,442.5356
210.32911,448.55025 211.10969,444.85676 211.10969,444.85676
211.10969,444.85676 211.10969,444.85676 211.10969,444.85676
;
387.70608,445.62725 387.70608,445.62725 380.10628,431.10122
384.69379,433.315 382.02817,427.8108 374.96021,418.26273
372.24821,406.81691 366.27388,396.71096 359.64445,386.56293
369.82994,409.90549 372.56223,414.06401 376.99146,422.20872
380.97411,434.67048 383.61844,440.55194 383.83232,439.93627
384.68681,444.84952 387.70608,445.62725 387.70608,445.62725
387.70608,445.62725 387.70608,445.62725 387.70608,445.62725
;
466.1655,436.0 466.1655,436.0 475.72121,432.20035
473.95869,418.90542 479.98243,411.19007 479.18808,405.44405
488.78299,380.79741 484.01397,388.55904 480.36031,389.98193
481.88044,402.72523 477.696,405.96896 479.63431,409.46103
471.8514,421.32004 470.1724,428.80502 469.80551,430.94259
459.07528,441.88481 466.1655,436.0 466.1655,436.0
466.1655,436.0 466.1655,436.0 466.1655,436.0
;
213.75,431.74307 213.75,431.74307 222.96809,421.6853
206.5252,426.18998 213.75,431.74307 213.75,431.74307
213.75,431.74307 213.75,431.74307 213.75,431.74307
;
403.14764,395.74966 403.14764,395.74966 418.05718,399.24494
404.32111,392.20962 396.79517,388.66235 358.15097,371.29421
325.56809,333.6126 324.32825,289.91308 329.08889,295.68478
319.08506,266.56863 326.05654,278.0 324.30543,270.90968
319.90013,257.4754 321.64891,247.5 324.53516,241.39686
321.50408,215.55859 327.76707,228.40935 331.2405,233.71803
323.47832,212.77275 333.4564,209.65938 335.86418,201.94457
341.58988,194.59132 349.8318,190.89464 352.56454,199.28243
366.44021,196.27061 374.01424,197.99994 384.33344,199.99551
397.61131,189.54439 405.86259,197.39563 413.02719,184.87632
395.63645,175.3169 385.89869,171.1678 380.19055,168.83079
355.04113,171.64234 363.83643,174.0 367.53301,174.0993
378.47827,173.73725 370.45887,172.24248 383.45399,172.36101
378.85201,173.09381 390.8914,175.92584 403.79801,180.42941
398.92855,189.09222 395.25,182.37527 397.48364,180.27899
380.4494,173.14962 374.25,175.18621 367.38296,176.4683
352.85988,177.45165 350.20217,182.71757 351.44063,189.17167
373.9673,175.97008 366.5,181.60793 358.73953,187.66713
348.28448,187.04115 341.0,192.33862 335.77179,201.06594
326.86235,207.23975 324.53396,210.74058 320.10668,220.71295
317.38288,230.91282 314.50397,241.16084 314.64729,258.81773
318.97626,277.33648 319.092,295.50003 326.05946,335.3061
352.8441,369.62781 388.3128,388.34101 392.89755,390.1481
399.27622,396.83014 403.14764,395.74966 403.14764,395.74966
403.14764,395.74966 403.14764,395.74966 403.14764,395.74966
;
381.0,192.27461 381.0,192.27461 366.77142,189.53442
371.70136,187.22538 377.0,184.0407 367.67125,184.85308
370.19469,174.72841 378.65593,182.51307 391.71767,189.97719
377.93573,178.40853 386.63142,181.05904 389.98248,182.40023
387.1538,194.21126 381.0,192.27461 381.0,192.27461
381.0,192.27461 381.0,192.27461 381.0,192.27461
;
474.60623,393.92431 474.60623,393.92431 485.19654,381.54593
482.59961,382.43069 474.65583,390.68123 472.60816,393.05919
470.19769,399.01351 474.60623,393.92431 474.60623,393.92431
474.60623,393.92431 474.60623,393.92431 474.60623,393.92431
;
223.0,394.0 223.0,394.0 227.91078,397.03594
225.71598,378.88453 222.01539,394.71788 222.01539,394.71788
222.03069,395.5 222.03069,395.5 222.03069,395.5
223.0,394.0 223.0,394.0 223.0,394.0
;
462.10078,391.99062 462.10078,391.99062 470.6956,390.64573
487.15235,379.8548 484.99997,380.06585 514.43307,351.5882
526.69747,310.96261 535.38853,272.45269 542.57044,254.90976
544.78237,236.51691 543.48417,217.70313 542.15555,192.62992
534.67227,168.11937 529.76878,143.49962 524.87287,129.43563
520.02532,110.66924 511.31344,96.181661 507.56615,86.950471
511.64426,85.28699 506.0,90.0 501.7247,92.533889
502.38796,92.344345 506.0,99.0 509.93686,105.09611
513.48101,109.15159 512.30024,111.75 514.78961,115.90983
520.96226,130.06943 521.41487,138.86163 524.07191,143.33408
529.69633,155.63061 531.88961,163.71332 528.84761,165.20812
512.17988,150.13722 513.11803,155.0 504.29443,151.25719
489.93557,156.88247 485.5,151.87854 502.44562,150.6681
474.90639,149.1883 485.4176,148.25178 492.54668,147.87576
517.1623,149.81307 513.26367,148.85451 512.83312,144.28973
519.67888,157.19348 524.50398,156.0037 530.14033,157.46694
521.87961,149.1942 516.39525,146.82458 507.34269,139.84893
493.05501,142.49589 482.38508,143.78377 475.07405,147.84162
460.54329,144.81182 462.08844,157.5 469.40234,144.68579
464.40115,153.79802 476.13522,151.21871 494.01462,145.45914
474.40466,161.41075 474.11808,157.0 468.52259,151.50368
466.33774,154.97058 474.02138,160.27717 483.05232,158.90833
491.03923,159.89938 501.39029,158.72209 509.27482,156.57373
526.55154,157.6769 518.90931,160.92276 531.13798,167.93719
509.88714,160.73242 510.79007,158.99997 516.3915,166.87874
527.25894,165.87086 528.59375,165.15175 526.05347,169.94934
533.90338,181.26113 535.77271,190.30076 543.4875,218.71993
541.80899,249.10677 530.62402,276.39034 522.21993,306.8308
514.29137,338.93812 494.47872,364.16576 485.2943,374.68724
473.31374,385.04681 462.10077,391.99062 462.10077,391.99062
462.10078,391.99062 462.10078,391.99062 462.10078,391.99062
;
595.44599,383.66667 595.44599,383.66667 602.31853,379.88592
583.97827,372.52363 595.44599,383.66667 595.44599,383.66667
595.44599,383.66667 595.44599,383.66667 595.44599,383.66667
;
591.75451,373.47809 591.75451,373.47809 591.23271,359.37584
580.25865,368.43692 591.5,373.63186 591.5,373.63186
591.75451,373.47809 591.75451,373.47809 591.75451,373.47809
;
404.96862,329.0 404.96862,329.0 399.83423,318.39632
405.05362,321.21766 416.40497,324.12619 433.208,326.30435
451.37123,326.78878 466.90622,320.58487 465.92529,330.14098
478.46921,321.37067 471.15636,310.35302 463.44324,306.08925
458.60202,296.98597 448.5,298.27236 465.13389,301.74676
437.75774,299.96456 442.75,297.01533 436.79479,300.00217
428.23121,296.79285 418.59154,300.38923 408.78802,302.32591
401.86395,311.92018 411.55258,297.11988 417.90922,286.76966
396.28226,311.6009 401.04984,309.18329 393.12929,316.5682
399.32999,326.62837 404.96862,329.0 404.96862,329.0
404.96862,329.0 404.96862,329.0 404.96862,329.0
;
440.0,322.44509 440.0,322.44509 428.25164,322.71893
415.34271,321.14817 404.43635,317.89489 399.2677,312.43871
418.79419,299.02287 423.17595,308.17595 432.2689,304.81782
444.24671,309.8236 451.60565,306.58527 456.72514,300.18366
476.27852,317.71102 462.5,319.78679 455.01358,320.83086
447.58105,322.32453 440.0,322.44509 440.0,322.44509
440.0,322.44509 440.0,322.44509 440.0,322.44509
;
445.16821,305.86382 445.16821,305.86382 430.68952,305.76722
447.42439,296.11761 450.0,304.78604 448.38875,305.14079
446.93808,306.61509 445.16821,305.86382 445.16821,305.86382
445.16821,305.86382 445.16821,305.86382 445.16821,305.86382
;
430.36805,304.80131 430.36805,304.80131 414.18096,302.90547
445.5198,299.25105 430.57461,304.78621 430.57461,304.78621
430.36805,304.80131 430.36805,304.80131 430.36805,304.80131
;
243.25,325.99998 243.25,325.99998 246.8397,317.18307
241.2761,304.33238 242.0,321.4 242.75352,322.5436
240.46492,326.91854 243.25,325.99998 243.25,325.99998
243.25,325.99998 243.25,325.99998 243.25,325.99998
;
471.27783,304.92105 471.27783,304.92105 470.36434,301.91527
465.2031,288.45684 457.49886,285.41507 453.31232,284.87522
469.80567,296.75336 469.81505,304.51521 469.81505,304.51521
470.05566,305.00004 470.05566,305.00004 470.05566,305.00004
471.27783,304.92104 471.27783,304.92104 471.27783,304.92104
471.27783,304.92105 471.27783,304.92105 471.27783,304.92105
;
557.5,292.0 557.5,292.0 564.45232,282.80169
551.40181,277.679 557.5,292.0 557.5,292.0
557.5,292.0 557.5,292.0 557.5,292.0
;
406.25,259.94467 406.25,259.94467 405.16783,255.36446
400.53918,242.36258 409.33748,238.30831 414.10243,223.35314
398.86544,242.81933 401.0,249.69134 399.92931,253.92468
403.11461,257.91923 406.25,259.94467 406.25,259.94467
406.25,259.94467 406.25,259.94467 406.25,259.94467
;
425.07579,258.95944 425.07579,258.95944 438.72102,256.94194
428.73643,246.02742 419.54949,251.24175 415.25067,266.84637
405.72255,248.06027 411.53092,239.58596 409.75612,235.71071
402.43319,259.38257 414.06664,258.96359 418.01718,258.05692
422.1621,259.80043 425.07579,258.95959 425.07579,258.95959
425.07579,258.95944 425.07579,258.95944 425.07579,258.95944
;
461.07943,260.0 461.07943,260.0 470.29052,256.96147
469.27839,243.56085 463.70564,237.5 469.10118,242.88692
464.095,265.3756 459.44206,253.75 457.7006,241.44708
434.69059,258.0987 453.52101,259.0 457.94708,257.64621
456.53706,256.191 461.07943,260.0 461.07943,260.0
461.07943,260.0 461.07943,260.0 461.07943,260.0
;
256.40538,230.66667 256.40538,230.66667 262.42012,223.66004
257.56093,216.43716 261.72505,219.0 256.71634,206.44691
265.2358,222.43017 262.66582,211.45972 262.85364,200.82499
270.64285,208.10016 264.75514,203.0 270.15747,193.02245
268.10658,195.76403 271.89199,184.285 268.20475,187.9146
267.74717,180.07133 264.51081,194.81947 260.83373,203.75694
258.76429,214.08366 257.13654,221.45673 257.13254,223.76515
252.2148,227.85975 256.40538,230.66667 256.40538,230.66667
256.40538,230.66667 256.40538,230.66667 256.40538,230.66667
;
579.39047,203.82326 579.39047,203.82326 582.65481,193.97018
579.79289,182.41003 578.17041,173.0153 574.30631,176.42096
578.37615,182.78299 577.83783,193.49997 575.6615,206.75827
575.85937,211.1489 578.56119,209.56082 578.83762,207.6483
579.11402,205.73568 579.39047,203.82326 579.39047,203.82326
579.39047,203.82326 579.39047,203.82326 579.39047,203.82326
;
505.0,200.73914 505.0,200.73914 512.02826,198.01175
528.57196,201.08953 528.0,190.91637 522.72634,186.36051
504.9883,180.19541 506.19268,179.95241 511.13328,176.94982
523.55583,188.45106 520.64484,183.33299 508.88285,172.71902
487.82224,173.32558 475.55287,182.83967 465.32154,189.7002
466.14244,200.59092 478.59255,196.64832 487.22192,198.42415
496.09146,202.87501 505.0,200.73914 505.0,200.73914
505.0,200.73914 505.0,200.73914 505.0,200.73914
;
504.73927,196.92392 504.73927,196.92392 510.93682,194.83095
518.6659,189.8162 504.26609,185.17078 496.30904,184.53661
496.82716,202.45339 483.20375,193.99073 487.59271,188.89977
483.03343,190.43352 480.99999,186.23324 487.12677,182.4905
501.73266,193.68483 490.99999,184.95321 500.63534,180.71048
513.24674,185.98522 521.394,192.99998 515.29476,191.83934
510.47003,196.43132 504.73927,196.92392 504.73927,196.92392
504.73927,196.92392 504.73927,196.92392 504.73927,196.92392
;
496.25,179.98469 496.25,179.98469 473.78909,179.60488
514.87688,176.47606 501.5407,179.97349 499.77714,179.97749
498.01353,179.98049 496.25,179.98469 496.25,179.98469
496.25,179.98469 496.25,179.98469 496.25,179.98469
;
328.75,197.59246 328.75,197.59246 333.37544,188.99275
342.54294,178.92641 343.72619,170.5 340.09006,180.47934
330.27617,188.08596 328.0,198.33333 328.0,198.33333
328.75,197.59246 328.75,197.59246 328.75,197.59246
;
350.12974,177.61738 350.12974,177.61738 356.13635,167.37311
356.65335,168.74795 363.90087,160.0 365.31136,160.0489
368.37079,148.87061 377.16717,151.8622 385.82161,151.9544
397.61487,157.02346 403.0,156.34609 418.8344,161.43869
408.46516,159.4276 413.19144,153.58977 405.25605,153.47997
395.28974,148.18228 386.81037,146.37971 392.13759,152.86853
377.25163,145.97065 367.89625,146.88483 361.48571,149.328
355.50362,159.22519 351.98418,167.40724 348.34544,169.53058
342.39876,190.23584 350.12974,177.61738 350.12974,177.61738
350.12974,177.61738 350.12974,177.61738 350.12974,177.61738
;
573.10458,163.42689 573.10458,163.42689 573.14398,161.91423
571.30515,154.40665 575.59127,157.74203 576.03031,146.40498
564.67719,161.45063 570.98467,159.66821 570.41835,160.73352
572.65192,169.00056 573.10458,163.42689 573.10458,163.42689
573.10458,163.42689 573.10458,163.42689 573.10458,163.42689
;
419.89035,157.0 419.89035,157.0 423.53292,146.48733
407.02578,145.67614 400.87237,140.9625 395.89923,133.14167
373.86897,141.46309 384.12557,133.5478 388.00855,132.26858
384.12625,138.20915 396.48471,125.41763 402.37184,120.92465
405.30625,108.75672 416.10059,109.55916 428.24407,106.93786
396.71672,110.36969 406.32836,107.20323 413.09148,97.519395
415.37339,106.27984 419.46202,95.93854 425.93437,92.252934
434.87935,80.627292 443.83625,75.038113 454.0863,68.490269
463.0917,59.043754 446.74052,70.248818 427.586,83.419403
410.77052,99.707118 394.5,116.22458 403.49211,113.35409
388.96521,121.21806 385.39446,128.03358 381.55832,133.62265
380.43822,127.72208 379.19508,139.82705 390.86695,138.50281
397.76011,150.42111 399.44318,145.04099 408.611,151.75974
400.15633,146.41645 410.10968,148.96343 415.97302,151.36855
420.81735,154.48558 419.89035,157.0 419.89035,157.0
419.89035,157.0 419.89035,157.0 419.89035,157.0
;
573.72157,150.61176 573.72157,150.61176 573.27743,140.19447
565.25085,149.85149 570.0,140.66667 564.86704,147.10885
570.82359,148.77486 573.72157,150.61176 573.72157,150.61176
573.72157,150.61176 573.72157,150.61176 573.72157,150.61176
;
354.40058,139.0 354.40058,139.0 359.58114,133.64196
373.55202,115.89048 360.25606,130.6807 358.20098,132.7204
354.03117,136.67472 354.40058,139.0 354.40058,139.0
354.40058,139.0 354.40058,139.0 354.40058,139.0
;
387.91535,102.86599 387.91535,102.86599 393.77614,95.995416
399.78547,89.347992 407.3578,86.033173 417.63478,74.108298
405.37406,82.041984 398.0002,90.307112 395.19678,92.537544
376.56565,111.90596 387.91535,102.86599 387.91535,102.86599
387.91535,102.86599 387.91535,102.86599 387.91535,102.86599
;
432.5538,92.0 432.5538,92.0 443.11743,84.877951
444.84518,76.735138 434.07569,89.316388 434.60728,89.749405
429.65796,92.617292 432.5538,92.0 432.5538,92.0
432.5538,92.0 432.5538,92.0 432.5538,92.0
;
503.0,87.0 503.0,87.0 507.50332,83.149886
488.65786,72.020688 495.84037,79.363445 498.6781,81.61584
501.80079,85.007553 503.0,87.0 503.0,87.0
503.0,87.0 503.0,87.0 503.0,87.0
;
493.81739,85.921053 493.81739,85.921053 496.31986,81.898038
479.30592,72.611952 491.52932,84.092379 492.4282,84.506362
491.36439,87.738806 493.81739,85.921053 493.81739,85.921053
493.81739,85.921053 493.81739,85.921053 493.81739,85.921053
;
512.85014,80.483198 512.85014,80.483198 516.67724,76.454818
526.18282,84.070574 515.78258,70.75178 502.39375,58.913061
516.81587,81.212623 512.85014,80.483198 512.85014,80.483198
512.85014,80.483198 512.85014,80.483198 512.85014,80.483198
;
376.0,21.447916 376.0,21.447916 395.77609,16.507781
373.07978,15.278001 374.86315,21.186558 371.55079,22.994902
374.90325,21.695521 376.0,21.447916 376.0,21.447916
376.0,21.447916 376.0,21.447916 376.0,21.447916
;
