427.0,480.0 427.0,480.0 284.66667,480.0
142.33333,480.0 0.0,480.0 0.0,320.0
0.0,160.0 0.0,0.0 284.66667,0.0
569.33333,0.0 854.0,0.0 854.0,160.0
854.0,320.0 854.0,480.0 711.66667,480.0
569.33333,480.0 427.0,480.0 427.0,480.0
427.0,480.0 427.0,480.0 427.0,480.0
;
188.42585,479.0 188.42585,479.0 203.19842,468.74267
220.49105,459.38624 234.54749,446.96107 241.77587,438.53137
257.60758,436.69421 258.96937,424.5 251.27153,431.56737
270.48384,406.64096 261.27703,415.98692 263.89889,407.55935
267.91112,393.31451 268.73273,382.25271 268.19347,371.63752
273.19594,359.71716 268.22452,350.20408 272.49935,343.90601
268.783,331.94409 270.43397,322.54076 271.13139,312.85824
270.75785,307.2776 271.14385,296.96025 270.93967,285.62969
262.05451,275.7019 264.78286,263.57669 263.28329,255.9338
265.74585,238.33472 267.30004,239.86315 264.05091,236.525
271.94406,218.16855 276.95199,211.69285 275.90089,207.47958
283.46587,194.06244 286.63331,184.78359 286.12473,179.37638
295.03265,173.93182 295.15062,164.82403 302.39832,148.95389
296.71079,155.23003 297.92152,150.75 303.138,133.84317
300.05147,158.85651 302.72657,139.5 313.02654,117.23006
324.95418,96.744219 337.4708,75.632834 364.76679,37.915187
415.01736,14.91822 461.18329,25.430448 477.67663,28.166989
489.98282,38.652736 501.22871,50.0 509.25541,51.084779
516.59315,54.905483 524.72813,58.443906 537.08054,69.737729
550.15864,82.703219 554.72831,99.010117 557.96304,108.46257
563.50472,115.79334 565.04411,124.20099 566.89745,131.40821
573.72472,148.21488 569.0008,149.78602 569.75307,158.34158
575.95945,153.00811 576.79358,169.26703 574.38271,177.07308
581.46075,182.12597 581.40519,192.41288 582.35214,210.06288
587.59442,227.38365 587.0008,245.23326 597.64724,249.20275
585.93007,248.71059 588.88036,257.33864 593.58318,294.07767
590.64008,331.26196 587.73483,368.04636 586.15441,373.49675
590.08083,385.53868 591.06989,393.98523 604.28686,411.63601
627.10273,415.26282 645.68056,424.93698 654.87356,430.57564
663.02819,437.72433 674.50082,438.13185 683.61821,443.53639
694.60451,442.69668 691.51685,457.08335 690.20028,467.45818
700.69649,478.55297 710.50082,478.998 702.60161,471.68904
692.63825,465.40192 694.82756,453.09872 697.43754,439.8011
685.63106,440.31413 677.34345,435.77599 666.1897,433.77365
657.33021,428.86529 648.18512,422.36176 636.95,418.17074
627.46753,411.39821 617.59596,406.5007 611.81972,401.21389
599.92422,400.94476 598.82982,392.5007 597.29824,381.35473
597.81138,372.93488 603.52556,385.80929 599.62581,373.58209
602.18152,372.01509 600.37503,370.51023 590.6523,375.17181
599.3242,347.01514 597.13308,366.21137 597.16458,361.54201
610.19991,381.70379 602.2505,368.5007 598.26762,360.10377
595.68616,346.86002 595.53202,341.88733 594.55501,324.76412
599.25285,330.50234 598.68198,321.66266 600.83129,310.76609
594.70187,295.70358 602.67767,287.73893 602.32417,278.13099
599.2595,273.74167 598.23032,270.5007 595.17526,261.17099
597.1083,253.70475 600.00078,267.45319 603.7902,267.41259
599.80588,255.70522 595.2513,251.42117 591.76314,237.30769
592.13247,222.30092 593.04165,208.40826 590.20002,209.90288
590.13716,190.43435 590.9779,200.45751 592.48221,197.06408
597.46869,218.38522 594.6862,198.24717 593.99511,193.35765
590.51188,184.07712 588.27427,183.55975 589.98271,170.73456
584.24594,168.29635 583.60893,156.82359 577.98422,136.75169
589.82468,156.75339 583.61903,143.99274 578.75596,133.24317
577.88253,121.29623 572.9999,110.76276 568.23241,94.867305
567.53418,97.871656 567.50003,106.35674 564.39352,96.99886
562.45547,96.296998 559.76599,85.644845 564.5833,80.935437
548.4986,67.345936 552.44656,74.896592 557.11206,82.531916
561.35494,91.482623 553.63882,80.308539 544.93031,71.886017
552.88535,69.733157 552.95718,65.46122 547.49695,64.412403
547.90289,78.023729 539.07808,63.621642 540.18798,63.549892
540.50513,54.542642 533.00003,56.786022 542.05611,67.295443
531.70612,54.833281 524.09657,53.08193 529.3177,52.87327
519.22943,44.891415 515.03066,47.5 522.75339,38.777743
516.83215,52.560171 530.22276,47.209895 537.23349,50.982348
548.40144,52.631027 530.98162,45.84389 520.43725,42.75808
510.37148,43.116537 502.19083,38.133047 497.34098,29.173239
501.01586,45.44176 490.06332,32.55196 482.11301,26.580966
470.97794,24.744522 460.49494,21.840705 444.84215,16.918363
424.33132,19.733589 407.09354,23.606818 396.44995,23.17171
402.25065,25.889167 387.96936,29.512888 374.72527,36.079389
362.91712,44.664404 351.61899,53.818064 342.0372,67.530343
325.7345,77.777706 320.5997,93.399225 319.30326,101.496
310.47609,111.4999 309.0,116.52852 301.4511,136.2962
291.22936,155.95076 283.52442,176.07009 273.39364,174.60826
284.0554,184.93113 276.95598,193.30292 272.02318,206.98584
271.5446,195.04905 268.4823,212.49626 261.6385,232.95287
255.16005,254.76017 257.85758,276.43827 261.04737,287.25305
259.9684,293.42485 264.23895,294.36938 269.99056,302.81662
266.41338,311.57959 265.72125,322.5 267.10916,333.16138
265.96359,341.19158 264.90647,351.53715 263.25594,362.60543
261.39117,373.76269 259.15793,384.5 267.36125,364.5737
261.5475,404.75922 261.0748,388.66809 252.96205,380.93679
258.75587,398.18133 254.99574,397.6623 262.90027,393.54956
256.12096,401.48111 262.0001,401.12364 258.50543,401.12864
252.13771,409.05855 259.19783,406.59101 255.35513,417.27302
259.69449,410.45126 254.21702,425.23572 247.21172,436.0444
243.48993,435.49094 236.32446,439.86894 229.85513,449.0702
226.60046,445.17857 230.1887,442.61662 226.92151,436.86601
223.44053,453.39722 225.43293,449.5 218.07622,454.64121
213.41634,460.8998 204.61774,464.0 224.09246,447.72679
194.91333,466.78558 203.63983,463.9638 202.19988,467.11826
185.13243,475.90849 188.42585,479.00003 188.42585,479.00003
188.42585,479.0 188.42585,479.0 188.42585,479.0
;
594.60887,394.66824 594.60887,394.66824 587.97632,392.18672
595.38337,386.31816 596.00292,378.66375 595.49602,383.98252
595.27176,389.40408 594.60887,394.66824 594.60887,394.66824
594.60887,394.66824 594.60887,394.66824 594.60887,394.66824
;
591.02507,374.84832 591.02507,374.84832 586.44354,375.01984
592.74481,360.28648 591.02507,374.84832 591.02507,374.84832
591.02507,374.84832 591.02507,374.84832 591.02507,374.84832
;
597.03699,302.5 597.03699,302.5 595.00563,310.73931
597.35324,282.50678 594.3169,285.0125 593.83143,268.60431
596.29813,287.86313 597.7145,281.45925 597.40844,288.45683
598.66036,295.6341 597.03699,302.5 597.03699,302.5
597.03699,302.5 597.03699,302.5 597.03699,302.5
;
578.15183,160.40617 578.15183,160.40617 573.77036,155.37441
569.47931,134.79199 575.85234,153.32678 575.43759,155.44183
580.48691,159.19507 578.15183,160.40617 578.15183,160.40617
578.15183,160.40617 578.15183,160.40617 578.15183,160.40617
;
569.70706,114.0 569.70706,114.0 564.15293,109.75621
558.782,103.73561 566.5,107.73 567.11255,109.42134
570.3437,113.08533 569.70706,114.0 569.70706,114.0
569.70706,114.0 569.70706,114.0 569.70706,114.0
;
478.88621,427.52119 478.88621,427.52119 488.85847,413.83875
482.69321,416.42122 476.95931,427.98551 470.1069,437.95356
471.96642,439.18137 478.88621,427.52119 478.88621,427.52119
478.88621,427.52119 478.88621,427.52119 478.88621,427.52119
;
247.05649,428.96977 247.05649,428.96977 254.19454,427.83872
255.42721,406.65327 251.0,421.42575 250.22249,425.66509
240.30659,429.1758 247.05649,428.96977 247.05649,428.96977
247.05649,428.96977 247.05649,428.96977 247.05649,428.96977
;
247.69868,415.83511 247.69868,415.83511 248.67547,404.78029
251.17643,418.28773 253.22899,410.35848 254.51613,399.65319
251.07021,409.01298 252.45578,401.40229 256.03692,388.17434
247.81036,410.81944 245.17821,414.57113 244.5014,415.36305
246.91992,419.2667 247.69868,415.83511 247.69868,415.83511
247.69868,415.83511 247.69868,415.83511 247.69868,415.83511
;
486.58191,411.82467 486.58191,411.82467 492.96827,393.77066
484.98307,407.22161 486.27902,412.12363 486.27902,412.12363
486.58191,411.82467 486.58191,411.82467 486.58191,411.82467
;
384.0,410.91219 384.0,410.91219 380.90629,407.36288
368.12339,396.75773 361.58503,390.10832 334.19107,362.85707
322.9084,323.24868 319.40174,285.71653 319.05501,268.15308
316.09752,251.1303 316.1033,233.54907 320.71301,235.832
318.71292,212.70412 325.14217,207.99997 322.11544,215.29056
327.43605,222.79287 327.50099,208.99888 331.31605,199.92791
335.58029,188.67918 344.92162,184.07134 358.29222,173.59836
339.92487,178.65144 354.24679,172.26935 363.91191,165.89824
363.13565,156.56245 370.87579,162.00395 363.0688,167.21798
382.6048,157.54079 388.43209,163.83075 395.36204,166.02197
404.91203,169.40283 410.36129,168.25812 418.24718,167.90761
412.64166,163.45442 402.95073,163.72948 403.9717,164.66997
384.38241,151.65173 390.20907,159.80838 402.43436,161.95467
377.16875,159.06737 372.5,156.03804 356.97257,153.40316
349.46645,169.32037 341.02913,179.38718 331.57212,196.24442
310.50004,207.54379 312.91645,229.41705 313.64444,275.63708
314.78517,324.12577 338.60652,365.28058 345.27691,379.49577
358.28659,389.62192 366.36348,402.25019 367.12996,403.91268
370.00178,400.07027 379.18344,409.31689 380.77158,409.89041
382.20875,411.18339 384.0,410.91219 384.0,410.91219
384.0,410.91219 384.0,410.91219 384.0,410.91219
;
485.75,395.04933 485.75,395.04933 507.87222,379.25434
518.8556,352.41792 529.06238,328.08939 528.39854,316.46322
544.58953,313.5758 537.00632,303.10235 544.0703,279.13539
554.94614,255.42631 552.94345,229.70023 553.62243,205.78895
550.06344,180.75234 543.73754,158.33759 543.49479,171.78574
540.94644,158.99347 542.73201,149.8161 540.17165,165.54408
541.42635,140.66584 539.00032,134.55343 534.13788,126.61107
531.97511,116.06332 537.00031,119.11803 532.09924,105.60504
531.31184,120.55137 532.10291,128.3106 532.26366,137.86022
538.40616,146.81184 537.84488,156.41776 538.33238,167.64687
547.99608,176.67826 546.23845,189.37101 546.63631,212.15253
553.35673,235.35029 546.0041,257.77431 544.39176,277.84786
533.32884,296.15739 528.87287,315.82623 519.39411,345.55324
504.59829,374.16565 483.00036,396.76351 482.71913,398.6264
485.31436,394.64481 485.75,395.04933 485.75,395.04933
485.75,395.04933 485.75,395.04933 485.75,395.04933
;
403.06989,348.93232 403.06989,348.93232 403.22984,344.79154
384.17332,332.90031 388.65499,340.17128 394.21353,342.16806
396.85955,346.95088 403.06989,348.93232 403.06989,348.93232
403.06989,348.93232 403.06989,348.93232 403.06989,348.93232
;
446.70295,348.99622 446.70295,348.99622 453.77949,351.75243
467.66866,335.66622 464.0,343.32266 468.67967,345.33905
474.66329,324.81056 464.35398,321.49137 456.88728,321.99169
447.99136,309.83243 443.0,313.45083 456.65568,313.66534
444.39618,328.59417 441.27112,316.0156 442.37315,303.55487
424.64548,313.7815 419.86735,306.72411 405.41295,303.3139
411.27126,304.96075 398.5,308.99602 383.32785,317.51055
402.19408,305.3989 390.76697,308.78102 392.46362,301.39401
377.40752,322.96456 377.91223,315.50023 373.06091,325.70898
375.93723,330.04505 379.80822,331.36927 378.10336,343.64851
391.73045,338.40596 383.0,330.75511 374.8322,321.48522
388.70969,312.75954 398.46029,317.26711 406.93323,321.12638
414.84989,324.81962 424.787,323.75033 433.89779,329.18663
442.0086,322.79691 451.31243,322.27131 459.34179,319.1289
469.55911,326.68078 464.41048,336.59528 458.48336,349.0719
448.65565,345.81627 452.75742,343.38545 453.0436,345.09963
439.55502,350.15791 446.70295,348.99622 446.70295,348.99622
446.70295,348.99622 446.70295,348.99622 446.70295,348.99622
;
433.77475,322.98465 433.77475,322.98465 420.02524,322.41981
430.65329,307.30291 437.75,313.083 442.88834,313.52557
438.99599,326.38697 433.77475,322.98465 433.77475,322.98465
433.77475,322.98465 433.77475,322.98465 433.77475,322.98465
;
418.75,320.81033 418.75,320.81033 412.63825,322.11638
404.95859,312.415 415.43585,308.55178 422.59591,307.46904
427.17219,321.54701 418.75,320.81033 418.75,320.81033
418.75,320.81033 418.75,320.81033 418.75,320.81033
;
404.04066,317.0 404.04066,317.0 388.39742,305.74088
423.22186,311.86066 404.04066,317.0 404.04066,317.0
404.04066,317.0 404.04066,317.0 404.04066,317.0
;
264.48298,337.5 264.48298,337.5 266.51541,325.66319
263.50685,334.81146 257.66666,338.5 260.42505,340.12273
265.54236,334.77482 263.56147,340.6209 263.56147,340.6209
264.11631,338.7418 264.11631,338.7418 264.11631,338.7418
264.48297,337.5 264.48297,337.5 264.48297,337.5
264.48298,337.5 264.48298,337.5 264.48298,337.5
;
259.1972,298.65213 259.1972,298.65213 264.39513,299.35004
255.41867,290.56802 258.33315,287.41729 257.04596,291.77614
255.60098,281.17673 255.03065,298.5 258.43762,288.82734
254.45894,302.36483 259.1972,298.65213 259.1972,298.65213
259.1972,298.65213 259.1972,298.65213 259.1972,298.65213
;
609.68571,273.0 609.68571,273.0 612.237,265.50312
603.56388,239.29764 605.25219,257.44317 606.3056,278.44871
608.64518,264.00463 609.14745,273.45555 609.24225,277.80382
609.45547,275.8541 609.68571,273.0 609.68571,273.0
609.68571,273.0 609.68571,273.0 609.68571,273.0
;
455.37244,274.99626 455.37244,274.99626 468.25842,277.84045
463.93806,249.22844 461.74757,259.09686 465.61832,272.26425
454.88152,275.042 448.12543,267.24459 433.92797,272.06753
438.91189,270.17051 445.05765,272.51805 449.82691,273.9719
451.59406,270.16198 455.37244,274.99626 455.37244,274.99626
455.37244,274.99626 455.37244,274.99626 455.37244,274.99626
;
410.88398,271.89362 410.88398,271.89362 425.24285,272.67046
417.62046,262.11983 407.6289,265.0 397.90092,275.72415
398.91226,251.00096 404.74709,247.41375 395.35545,250.8489
393.80613,269.28521 406.5,270.77672 407.97783,271.06795
409.3076,272.08653 410.88398,271.89362 410.88398,271.89362
410.88398,271.89362 410.88398,271.89362 410.88398,271.89362
;
393.38487,255.07569 393.38487,255.07569 401.62641,246.47039
404.31092,240.1605 394.996,248.64301 396.80164,250.34111
385.96698,262.49018 393.38487,255.07569 393.38487,255.07569
393.38487,255.07569 393.38487,255.07569 393.38487,255.07569
;
605.34497,248.42112 605.34497,248.42112 607.48732,238.95775
598.81751,227.34702 601.0,216.47375 598.50894,203.99734
593.01832,224.70636 597.9989,216.2907 602.7916,216.3837
594.23992,235.32875 599.56494,224.60557 605.65206,238.51667
595.6579,231.13496 599.41841,241.95345 601.25634,256.18857
603.04425,219.4971 602.55244,243.91842 601.93606,245.1407
603.31041,250.46712 605.34497,248.42112 605.34497,248.42112
605.34497,248.42112 605.34497,248.42112 605.34497,248.42112
;
508.7293,218.35447 508.7293,218.35447 514.20435,217.07569
539.39258,216.70767 528.0407,212.99918 538.41419,208.02333
525.11361,206.55297 518.25664,202.12473 508.00197,195.87441
491.01303,193.95507 482.50853,201.01204 471.36175,205.34534
492.67023,191.81879 499.78059,194.74866 508.77078,194.92788
527.51548,204.62591 526.99528,202.54558 511.456,189.48693
484.36665,189.32616 470.64386,205.73767 463.75688,217.23857
483.66339,209.8307 489.5,214.01828 495.66582,216.64223
501.63507,219.79483 508.7293,218.35447 508.7293,218.35447
508.7293,218.35447 508.7293,218.35447 508.7293,218.35447
;
508.5,213.89206 508.5,213.89206 507.82678,213.23434
526.27443,208.89683 511.34354,204.83518 501.92763,197.74938
501.70666,219.93274 487.1931,209.9456 494.04086,206.21738
479.33671,200.8797 495.43699,200.39487 507.28615,200.16403
517.12268,204.47386 527.5,210.458 520.98227,210.66892
514.83847,213.48184 508.5,213.89206 508.5,213.89206
508.5,213.89206 508.5,213.89206 508.5,213.89206
;
497.89301,206.0 497.89301,206.0 508.3763,200.35174
488.98798,201.43746 497.89301,206.0 497.89301,206.0
497.89301,206.0 497.89301,206.0 497.89301,206.0
;
405.73663,205.3455 405.73663,205.3455 409.09638,195.79522
396.44441,185.87778 388.19484,182.31594 377.0243,178.55999
363.92157,177.79347 353.5,183.88668 363.534,183.51129
370.17662,179.86089 382.12891,182.84018 391.7382,184.32728
402.92821,193.61424 403.15072,202.18261 397.8434,198.8601
396.85319,190.654 388.71445,187.10243 375.42401,180.36516
359.48195,185.24384 346.0,189.24264 344.75466,195.83753
368.58069,185.75406 361.05584,191.06604 370.60784,202.9458
368.10244,196.72377 355.59908,193.61307 342.86895,191.65535
336.08575,200.48305 353.09039,199.1768 363.1819,203.35277
373.68535,206.31429 384.9617,203.91488 391.85396,201.54335
401.8471,205.97888 405.73663,205.3455 405.73663,205.3455
405.73663,205.3455 405.73663,205.3455 405.73663,205.3455
;
384.62756,199.89291 384.62756,199.89291 372.0178,199.28964
371.11424,193.25978 373.24955,190.06778 366.37632,182.06194
384.77428,195.01326 383.1994,188.5 385.363,196.41342
395.32663,188.4055 384.79833,199.9015 384.79833,199.9015
384.6276,199.8925 384.6276,199.8925 384.6276,199.8925
384.62756,199.89291 384.62756,199.89291 384.62756,199.89291
;
594.75519,184.0 594.75519,184.0 598.06912,171.50955
589.03851,167.1589 591.16991,174.39497 594.06312,171.0837
594.25834,204.08918 594.75519,184.0 594.75519,184.0
594.75519,184.0 594.75519,184.0 594.75519,184.0
;
536.45,185.90329 536.45,185.90329 535.70752,182.35117
510.78054,178.15848 529.07237,184.12041 531.53925,184.64228
533.93945,185.63444 536.45,185.90329 536.45,185.90329
536.45,185.90329 536.45,185.90329 536.45,185.90329
;
539.75,184.95893 539.75,184.95893 539.04433,179.37926
517.26901,176.01285 533.5,182.35278 535.59505,183.16526
537.62498,184.25498 539.75,184.95893 539.75,184.95893
539.75,184.95893 539.75,184.95893 539.75,184.95893
;
539.8034,180.52994 539.8034,180.52994 535.99517,172.36366
526.33699,162.81443 516.88931,161.33762 519.72806,163.29081
517.60884,164.24241 508.53357,161.02786 496.47635,156.96747
484.0124,162.44546 471.60381,163.24232 460.88482,175.4633
469.32256,166.11225 473.43372,166.10709 475.7288,168.8188
485.62528,163.69712 495.31922,165.33168 501.45825,163.1136
521.24986,172.75207 509.0,164.88732 515.56169,169.01329
523.19452,161.04911 527.07051,170.2372 532.08767,172.65914
536.48962,177.89512 539.8034,180.52994 539.8034,180.52994
539.8034,180.52994 539.8034,180.52994 539.8034,180.52994
;
480.36573,176.44153 480.36573,176.44153 493.99754,174.48197
511.19356,179.22781 522.48983,174.98354 511.69425,171.57039
497.85949,171.63652 486.63898,173.82078 484.82298,172.20602
494.15974,165.53188 479.07221,174.91379 476.00875,170.52088
466.28412,173.94178 480.08967,176.46426 480.08967,176.46426
480.36573,176.44166 480.36573,176.44166 480.36573,176.44166
480.36573,176.44153 480.36573,176.44153 480.36573,176.44153
;
589.12966,169.0 589.12966,169.0 594.05262,168.28755
582.61209,150.62725 587.69692,165.73204 588.82661,165.99619
587.29438,169.62867 589.12966,169.0 589.12966,169.0
589.12966,169.0 589.12966,169.0 589.12966,169.0
;
422.8659,165.85293 422.8659,165.85293 421.8957,157.92551
405.0148,157.14927 405.11803,152.0 398.59709,150.42129
384.75262,142.80066 384.9508,148.25062 366.33073,152.09893
387.91698,149.3256 394.94201,154.33813 406.51142,157.77146
405.86977,162.10454 409.0,161.11083 410.69042,157.23788
420.6888,167.61683 422.8659,165.85293 422.8659,165.85293
422.8659,165.85293 422.8659,165.85293 422.8659,165.85293
;
375.75,144.49029 375.75,144.49029 388.23132,140.93459
386.21511,143.35648 396.44209,133.47145 404.58841,127.02494
416.32569,120.75397 421.47318,113.13956 413.44044,118.77975
400.50344,127.747 390.0,134.11775 398.76956,123.55402
415.37017,118.1772 424.13288,105.97875 432.62657,98.799853
439.72016,86.903509 449.605,83.271384 444.02937,91.121307
435.26967,98.199479 430.49307,105.17008 427.18705,108.13517
412.37562,130.37691 422.24966,118.41658 436.18964,102.27259
448.72858,83.926223 466.23538,71.57818 453.79197,74.484272
457.86986,75.319979 451.05159,81.463039 452.31512,76.062123
442.4637,85.908698 436.07588,90.999718 420.35073,114.09513
392.78059,125.44412 373.0,143.73711 372.41743,145.49287
374.84598,144.22654 375.75,144.49029 375.75,144.49029
375.75,144.49029 375.75,144.49029 375.75,144.49029
;
383.94428,138.44456 383.94428,138.44456 369.42166,148.81771
393.72203,127.05612 387.40877,135.95557 386.25394,136.78523
385.09911,137.6149 383.94428,138.44456 383.94428,138.44456
383.94428,138.44456 383.94428,138.44456 383.94428,138.44456
;
554.12244,106.0 554.12244,106.0 556.60274,101.21458
545.23935,87.473446 549.64995,100.09636 550.82376,101.88037
551.65324,105.85162 554.12244,106.0 554.12244,106.0
554.12244,106.0 554.12244,106.0 554.12244,106.0
;
571.87244,96.964037 571.87244,96.964037 568.62664,93.255344
560.30988,79.305895 564.0,93.118034 566.60191,90.175372
569.24954,96.642855 571.87244,96.964037 571.87244,96.964037
571.87244,96.964037 571.87244,96.964037 571.87244,96.964037
;
470.73226,45.686045 470.73226,45.686045 483.04831,43.228094
469.56372,37.830019 470.73226,45.686045 470.73226,45.686045
470.73226,45.686045 470.73226,45.686045 470.73226,45.686045
;
475.0,16.884611 475.0,16.884611 476.86967,15.831696
469.41973,9.6842613 467.5,14.162434 469.98746,14.910278
472.30932,17.205104 475.0,16.884611 475.0,16.884611
475.0,16.884611 475.0,16.884611 475.0,16.884611
;
