427.0,480.0 427.0,480.0 284.66667,480.0
142.33333,480.0 0.0,480.0 0.0,320.0
0.0,160.0 0.0,0.0 284.66667,0.0
569.33333,0.0 854.0,0.0 854.0,160.0
854.0,320.0 854.0,480.0 711.66667,480.0
569.33333,480.0 427.0,480.0 427.0,480.0
427.0,480.0 427.0,480.0 427.0,480.0
;
175.39142,479.0 175.39142,479.0 182.64161,467.56334
189.71258,452.09538 199.97817,441.13006 210.47611,429.04398
223.06161,415.30153 238.92157,411.76471 245.71444,402.59486
259.75758,395.80506 270.18019,388.82072 282.32695,385.67273
276.87003,369.95792 279.8437,360.5 278.88657,342.50053
280.86004,322.5755 277.60826,305.82482 271.25677,301.22803
274.00257,303.5576 270.8594,291.5 265.78032,297.6506
270.51021,276.01113 270.8554,289.68135 274.49194,275.71967
264.51633,281.36419 267.77088,272.67153 269.7493,260.69676
267.66148,261.43977 270.99251,251.01345 271.91173,237.89954
281.18283,226.34357 282.61015,212.65576 282.78497,208.74606
296.49597,204.05984 287.17844,199.86864 297.59054,169.84029
302.85741,138.05325 319.56236,110.58852 339.91917,74.918869
382.44852,50.847915 423.57197,56.041087 436.92486,56.432135
446.41136,66.268095 457.71971,71.156304 468.76802,72.249825
473.37657,76.158892 482.35747,82.993994 492.76877,92.220542
500.13834,103.01466 505.2761,115.97773 512.76199,126.04509
516.21492,140.59909 520.21613,151.0 521.7494,166.18067
531.23825,185.445 530.65246,203.05272 535.18369,202.2598
530.40635,183.37338 534.18309,204.59229 530.94465,202.74371
532.87836,225.87427 535.9153,225.36341 534.40897,209.13076
539.51477,239.87179 535.9997,234.88197 536.66455,249.22409
539.18589,263.18342 537.85504,277.85593 538.16378,297.40591
536.2262,317.07435 539.03063,336.5 532.88063,333.02195
539.83614,348.0329 539.84833,339.45764 537.04053,351.99366
540.10064,350.10493 544.41409,359.28141 556.96415,368.19009
568.56656,379.25712 583.17838,384.46113 593.04265,396.00841
600.00607,398.06448 585.9715,385.91383 586.98066,385.95853
604.77392,393.40155 610.08416,399.3219 617.94036,403.21231
632.29317,405.35153 634.51656,412.41857 631.08782,425.13905
640.71168,432.66557 648.73558,440.82875 658.11559,451.85396
666.63948,464.41441 669.03785,479.0 676.01545,474.27
664.42054,458.13838 660.22478,450.45677 653.97332,437.45254
635.01376,430.54315 637.99975,414.49408 640.67136,402.37097
625.05606,403.99413 618.02615,398.72037 606.73058,395.73406
598.52744,385.4149 586.73121,382.20267 577.9293,378.3646
565.73803,373.86605 576.04137,373.25832 568.23365,373.3782
562.51193,357.57107 566.95875,370.25 558.65918,363.26316
560.72309,366.03492 551.01243,358.5 546.62077,359.30876
546.70441,347.97162 554.1916,350.38806 546.56881,341.08817
555.40135,342.1851 547.42537,339.83846 541.40568,336.17692
542.40254,310.53918 543.99983,319.73362 546.02735,325.2999
553.28808,341.33829 546.99977,324.75575 546.25557,316.42845
541.46172,310.49936 543.99757,300.8825 544.02017,290.13431
545.16771,290.11767 552.11183,288.16381 539.51197,289.51695
549.69413,268.57095 547.35193,260.5407 546.8765,248.22263
547.43593,238.44921 550.01569,245.5 552.81615,250.50544
551.37124,237.54859 548.65435,226.94474 544.61597,215.24929
545.34088,202.25987 542.99974,190.66667 544.21167,196.71789
541.06613,217.35151 540.89482,200.70949 535.35189,191.81001
546.80518,188.84352 539.0303,187.5 537.52104,202.22134
535.73773,166.89289 534.24699,178.27306 534.34249,172.67149
528.45867,163.40651 534.12241,170.07414 538.7593,174.02141
531.44685,148.32605 530.01213,151.49233 528.49855,149.65954
527.24154,138.41235 523.73565,132.08802 514.46168,124.32548
531.57029,137.10503 522.93541,126.95676 521.31222,115.82563
509.2976,109.22069 513.00007,109.0 507.73981,106.74435
504.91758,93.347996 502.22921,95.593812 513.54634,98.47593
483.99984,75.351671 498.36363,89.906907 503.58268,97.506763
477.92422,70.688769 493.97296,84.117488 494.22222,77.323931
473.25464,72.794478 485.5,69.83756 471.83033,60.874993
483.85761,77.806232 474.08539,68.622059 469.44995,62.468342
466.62627,64.460215 454.3769,59.863972 449.64887,62.441316
441.3809,54.892052 432.67705,54.368725 417.94949,50.691404
403.21129,50.628558 388.62634,55.624997 376.86185,57.448083
382.22368,55.347218 368.22101,61.16667 357.13111,66.075088
346.44402,71.802826 337.5,80.118488 350.87094,74.139318
318.24142,99.038909 325.11518,93.191063 323.54777,91.821676
335.81046,85.231772 335.5,81.578137 326.26484,87.13115
320.81061,96.840602 313.88839,104.83941 320.61295,102.28958
317.76421,99.885612 323.5,96.164963 331.20638,91.290717
313.4249,109.94808 311.9873,116.76565 306.56876,126.97789
299.12315,139.16597 297.82132,152.01709 293.64527,166.24741
284.61979,181.42083 280.84146,194.0 288.7522,179.96566
288.9508,182.22179 282.28123,196.42537 283.11533,199.84731
283.25383,198.07963 277.37183,209.77748 277.2056,215.50397
272.19978,228.60353 272.04617,223.41747 270.9662,232.33038
266.20958,247.5432 263.75148,251.78784 264.13775,254.11893
260.16464,267.68151 258.99708,274.92962 258.43729,282.93456
259.18789,306.2099 261.5951,303.58899 262.25146,292.41245
264.26027,292.29682 266.40121,306.31346 269.30299,315.11736
266.6499,322.46353 273.56976,327.95757 269.9046,334.0326
276.72114,330.53744 274.81756,338.88368 276.22934,350.81375
269.54722,362.5095 269.55381,373.75461 272.03784,383.01451
272.11791,357.31577 274.9121,368.0 276.5937,369.98047
266.95445,390.21697 270.08215,377.5 264.72482,381.94842
269.73068,379.40737 260.0518,391.38724 266.3291,381.41228
256.40789,393.38612 246.25526,397.64493 237.19912,400.46059
226.9137,411.34859 229.25,412.38401 219.49278,411.80965
226.92183,410.07757 215.17635,421.33798 197.1103,436.57565
181.72196,456.87561 174.00023,479.0 174.00023,479.0
175.39165,479.0 175.39165,479.0 175.39165,479.0
175.39142,479.0 175.39142,479.0 175.39142,479.0
;
232.75,409.99341 232.75,409.99341 231.50662,403.23623
244.72251,406.28515 232.75,409.99382 232.75,409.99382
232.75,409.99341 232.75,409.99341 232.75,409.99341
;
546.86133,354.0 546.86133,354.0 544.55348,351.0517
542.59246,335.34567 549.17027,346.0 548.11209,361.1127
549.98691,336.19546 546.86133,354.0 546.86133,354.0
546.86133,354.0 546.86133,354.0 546.86133,354.0
;
543.46129,260.81653 543.46129,260.81653 538.86229,247.68165
547.98236,242.11204 543.72232,260.5 543.72232,260.5
543.46129,260.81653 543.46129,260.81653 543.46129,260.81653
;
543.13642,245.50114 543.13642,245.50114 538.5324,239.69071
553.83557,223.79887 540.5,230.5 542.37775,213.29582
542.46542,217.60166 538.90227,223.52458 539.56913,215.02033
537.43014,199.79461 541.30305,209.03027 545.78135,225.50341
541.81565,213.50433 546.90081,224.1511 548.06094,231.20797
545.88889,240.12512 543.13642,245.50114 543.13642,245.50114
543.13642,245.50114 543.13642,245.50114 543.13642,245.50114
;
379.02568,479.0 379.02568,479.0 380.5255,474.25914
370.68879,452.74788 374.54578,470.0 375.17018,472.80697
376.25275,478.1275 379.02568,479.0 379.02568,479.0
379.02568,479.0 379.02568,479.0 379.02568,479.0
;
385.66898,479.0 385.66898,479.0 386.62377,477.83254
382.79099,452.99498 382.67651,462.25 380.11035,472.87497
372.57757,448.63 371.85239,442.78104 369.26347,433.33131
378.87142,445.66228 384.18439,448.19529 398.13693,459.68581
414.06344,470.10645 429.17932,479.0 433.93577,477.09218
414.03837,466.89112 408.54951,462.67235 395.70667,453.89038
381.51432,444.9416 371.5176,434.32949 361.09988,429.17156
375.85697,450.61555 370.16397,456.01141 371.76813,458.85558
371.57627,449.86373 375.70545,461.63843 378.18665,467.56712
379.88025,473.6933 383.94286,478.2616 383.94286,478.2616
384.33804,479.0 384.33804,479.0 384.33804,479.0
385.66906,479.0 385.66906,479.0 385.66906,479.0
385.66898,479.0 385.66898,479.0 385.66898,479.0
;
454.81574,478.9323 454.81574,478.9323 460.86338,474.2681
471.99019,485.36413 472.3903,473.59988 471.98321,459.35332
458.82295,478.36628 451.5,478.86464 451.5,478.86464
453.45889,478.90464 453.45889,478.90464 453.45889,478.90464
454.81574,478.93234 454.81574,478.93234 454.81574,478.93234
454.81574,478.9323 454.81574,478.9323 454.81574,478.9323
;
368.7913,473.12609 368.7913,473.12609 366.77513,464.11023
364.26613,454.70918 362.90249,445.1492 357.48348,437.58714
364.07323,461.47064 366.00032,465.94831 365.82309,467.04335
368.34927,475.82644 368.7913,473.12609 368.7913,473.12609
368.7913,473.12609 368.7913,473.12609 368.7913,473.12609
;
372.79523,470.11428 372.79523,470.11428 369.34989,451.05296
366.39277,465.27783 372.79523,470.11428 372.79523,470.11428
372.79523,470.11428 372.79523,470.11428 372.79523,470.11428
;
462.85616,470.96194 462.85616,470.96194 460.94223,453.15559
461.269,433.1005 469.18346,415.85006 464.34254,420.17683
461.44898,434.012 459.91861,442.76929 458.03568,453.60612
459.47658,462.48143 460.21683,468.31647 461.37764,468.65693
461.47565,471.04472 462.85616,470.96194 462.85616,470.96194
462.85616,470.96194 462.85616,470.96194 462.85616,470.96194
;
379.31083,458.0 379.31083,458.0 381.03938,450.71279
369.68432,440.66779 379.31083,458.0 379.31083,458.0
379.31083,458.0 379.31083,458.0 379.31083,458.0
;
357.54785,446.78549 357.54785,446.78549 356.16388,430.35004
349.41807,444.41855 356.48198,444.94323 357.46845,442.96733
356.58458,448.66619 357.54785,446.78549 357.54785,446.78549
357.54785,446.78549 357.54785,446.78549 357.54785,446.78549
;
448.66436,387.24377 448.66436,387.24377 449.97352,382.70912
460.33031,378.17892 460.06066,371.28913 473.58543,356.48059
459.7967,366.58221 455.01033,375.81046 453.517,378.34217
445.64818,388.43953 448.66436,387.24377 448.66436,387.24377
448.66436,387.24377 448.66436,387.24377 448.66436,387.24377
;
459.30294,386.0 459.30294,386.0 463.54011,377.10229
467.89048,360.36533 460.42222,377.66339 459.63987,378.49586
455.67235,393.74357 459.30294,386.0 459.30294,386.0
459.30294,386.0 459.30294,386.0 459.30294,386.0
;
387.75,360.99062 387.75,360.99062 386.45755,357.98057
373.24998,349.09066 367.22961,344.90496 341.99874,330.34575
325.85831,301.10536 326.58054,271.97176 323.56394,263.44295
323.57083,253.65916 324.05582,247.35233 327.7484,238.74606
329.35733,230.26837 337.30168,223.4445 348.42809,215.85965
342.3378,210.27891 358.97545,212.59107 369.99095,214.10484
380.47846,208.06235 391.5,210.5 393.98176,200.08939
380.95007,191.65379 371.54071,190.54824 354.45918,193.00926
364.28057,186.59131 370.25608,179.29911 378.51718,174.82329
389.63287,180.74843 398.50033,181.93351 394.37824,175.94768
399.43833,176.52513 385.13586,174.78146 377.62432,167.98629
369.37169,172.04922 362.3725,177.50003 358.78352,183.12657
344.50049,201.2231 357.68364,198.28764 346.82095,197.01967
362.80464,212.48938 352.62894,206.4893 341.87175,207.78462
341.36198,210.52693 335.49003,214.92717 325.67354,226.60407
311.50647,239.13796 318.46251,256.00003 322.20769,282.16403
324.07936,311.1303 344.43548,330.57093 351.87087,340.61028
365.05054,345.12431 371.00044,356.44359 363.05805,340.57769
381.84342,361.96992 387.75,360.99062 387.75,360.99062
387.75,360.99062 387.75,360.99062 387.75,360.99062
;
320.84962,246.45 320.84962,246.45 317.05159,244.83254
329.49469,224.15799 323.58735,240.61465 322.59892,242.50905
322.48161,244.95585 320.84962,246.45 320.84962,246.45
320.84962,246.45 320.84962,246.45 320.84962,246.45
;
370.53254,208.0 370.53254,208.0 358.85613,207.20069
372.88295,198.51685 363.96054,200.23115 357.41867,194.89407
370.68664,196.9191 375.00249,203.1675 379.09618,189.50156
376.93562,212.47739 370.53254,208.0 370.53254,208.0
370.53254,208.0 370.53254,208.0 370.53254,208.0
;
387.0,202.95725 387.0,202.95725 378.77634,193.47909
363.79986,191.30626 353.34964,196.68297 357.18621,190.80437
365.04743,190.76071 376.29041,193.61835 380.48083,194.563
384.99978,201.16502 387.0,202.95725 387.0,202.95725
387.0,202.95725 387.0,202.95725 387.0,202.95725
;
444.98082,361.0 444.98082,361.0 454.70126,358.92848
461.14702,349.03028 470.07037,346.0 464.45011,360.29059
478.13903,335.66387 483.80491,333.15586 502.70494,314.46893
505.17326,287.32338 509.43296,262.61146 521.51516,226.70988
511.71279,187.76012 500.00303,153.08791 498.84521,144.09229
488.1211,135.14248 492.26435,128.41188 484.85053,114.31386
487.78264,135.83925 490.03014,142.17665 495.59021,149.47593
493.12819,159.06479 499.32171,167.21309 507.88862,183.68887
507.0368,204.25929 511.02108,222.45901 512.43292,249.19351
501.25117,274.24023 498.06064,300.5 491.53715,321.08754
477.67048,338.06455 459.41335,349.35123 456.67188,353.90936
443.85979,357.90405 444.98082,361.0 444.98082,361.0
444.98082,361.0 444.98082,361.0 444.98082,361.0
;
384.20089,313.0 384.20089,313.0 381.26529,304.05684
409.02062,315.54847 393.14354,308.5 377.83848,304.2647
392.51016,302.85128 399.85871,309.28697 408.74102,312.1707
416.5218,311.40334 426.0,309.7113 438.87819,309.40222
431.49029,300.04436 437.81017,308.00003 456.8253,301.23404
433.21504,310.32791 442.13148,309.99989 447.20573,313.18459
454.82384,306.96256 444.73072,300.99989 429.7768,294.34534
442.8315,300.75855 438.31177,302.54193 424.59975,298.91118
431.91674,308.17532 425.45585,295.20696 414.52281,292.94219
402.9816,294.47826 393.5,299.0304 387.96212,310.35425
396.6723,279.53688 388.77163,295.45084 383.74255,300.95232
371.27416,310.34854 385.49941,300.67727 380.32919,304.24247
380.11523,309.08106 384.20089,313.0 384.20089,313.0
384.20089,313.0 384.20089,313.0 384.20089,313.0
;
405.60841,309.0 405.60841,309.0 393.80827,302.52894
414.06741,302.71737 406.0407,309.0 406.0407,309.0
405.60841,309.0 405.60841,309.0 405.60841,309.0
;
412.5,309.0 412.5,309.0 411.61343,302.01382
399.20922,294.84808 414.0,297.227 408.17994,308.37487
418.94529,302.89694 416.0,307.16667 414.21186,302.52033
414.68913,310.07887 412.5,309.0 412.5,309.0
412.5,309.0 412.5,309.0 412.5,309.0
;
421.5669,307.94448 421.5669,307.94448 410.50605,306.97134
424.71084,289.43079 427.0,302.0 419.24574,299.89124
425.76029,305.81527 421.5669,307.94448 421.5669,307.94448
421.5669,307.94448 421.5669,307.94448 421.5669,307.94448
;
392.71862,264.96298 392.71862,264.96298 385.18692,261.18138
385.34543,250.3009 393.0,243.39248 391.9794,235.1512
378.46264,255.95241 386.69888,260.66062 388.7294,262.02672
390.61366,263.77844 392.71862,264.96298 392.71862,264.96298
392.71862,264.96298 392.71862,264.96298 392.71862,264.96298
;
397.15398,263.24602 397.15398,263.24602 410.69956,267.50105
411.30508,252.13214 398.82874,257.65499 390.90654,273.09864
394.3073,237.10625 392.03307,248.5 387.02397,253.68338
391.58886,264.0592 397.15398,263.24602 397.15398,263.24602
397.15398,263.24602 397.15398,263.24602 397.15398,263.24602
;
435.31144,264.0 435.31144,264.0 446.6724,264.68371
438.18897,239.08516 439.95917,255.33009 438.09816,270.05882
430.94408,248.60576 422.20997,258.42569 417.60489,263.10095
434.84206,261.49206 435.31144,264.0 435.31144,264.0
435.31144,264.0 435.31144,264.0 435.31144,264.0
;
469.86496,213.8645 469.86496,213.8645 476.24553,212.45996
498.67091,211.15846 492.0,203.95031 498.80775,201.04925
478.25795,197.33857 472.60362,195.31121 451.54422,194.23356
474.46889,192.95557 483.0,196.46131 499.60186,203.70268
482.85232,190.44251 474.5814,192.50283 462.16038,190.21598
447.53188,195.39093 443.0,207.43921 445.46582,213.16892
461.7814,209.90358 469.86496,213.86498 469.86496,213.86498
469.86496,213.8645 469.86496,213.8645 469.86496,213.8645
;
478.55887,208.99626 478.55887,208.99626 488.28232,207.82231
477.18018,195.15438 471.50454,201.25027 468.51437,213.95636
455.2481,206.23062 458.71169,201.63916 456.05049,197.4978
476.52135,196.69146 481.7554,201.2733 495.77524,206.32413
487.2656,202.9772 478.55887,208.99626 478.55887,208.99626
478.55887,208.99626 478.55887,208.99626 478.55887,208.99626
;
466.53138,204.0 466.53138,204.0 470.89172,197.45198
456.75702,199.23321 465.0,204.0 465.0,204.0
466.53138,204.0 466.53138,204.0 466.53138,204.0
;
500.30902,184.98469 500.30902,184.98469 501.00301,183.23077
491.29421,176.63049 482.60977,175.69937 475.8439,171.83677
451.21883,179.05333 457.02988,174.25723 465.91864,170.59104
443.42066,179.09738 443.76503,179.20902 450.49086,182.75004
464.27526,178.2535 473.5,178.03911 485.10854,176.68093
467.83495,184.60773 486.0,176.94817 500.97428,183.19137
471.93177,179.39604 491.23015,182.64788 494.95741,181.78465
496.97679,185.0796 500.30902,184.98469 500.30902,184.98469
500.30902,184.98469 500.30902,184.98469 500.30902,184.98469
;
404.06912,183.0 404.06912,183.0 408.71703,174.6438
394.40408,170.72139 388.22235,167.20003 373.53957,163.93408
395.16216,155.75671 397.6142,149.26309 403.90352,141.82521
390.63651,150.73112 403.97934,136.921 409.02538,131.65443
418.72231,108.31208 414.23948,126.05734 404.89565,139.97458
411.42659,136.57272 416.31513,124.5 428.23406,114.51095
410.94339,120.67235 421.62947,113.75 421.72717,113.94379
434.18686,97.891973 434.76979,95.0 423.68145,106.59895
410.13394,117.38719 404.01246,133.3288 397.89538,137.42036
394.55351,144.85895 386.28733,152.50702 373.11932,158.43273
392.65316,149.63135 377.65267,161.89085 373.63703,171.09488
392.77349,171.63103 399.24346,175.22383 404.83217,176.87227
403.47723,179.97134 404.06912,183.0 404.06912,183.0
404.06912,183.0 404.06912,183.0 404.06912,183.0
;
499.0038,180.0 499.0038,180.0 499.53344,173.15544
486.38461,169.60556 481.67199,163.77311 466.94352,165.42055
451.81637,164.91224 438.2388,171.97044 433.29077,177.74587
452.61958,171.86072 446.35942,174.22746 455.01971,170.07022
462.57319,168.29393 473.65424,171.5 483.4709,175.02925
461.37396,164.25258 481.0,169.25766 480.8691,165.70733
495.93171,177.29983 499.0038,180.0 499.0038,180.0
499.0038,180.0 499.0038,180.0 499.0038,180.0
;
537.35521,170.0 537.35521,170.0 546.11163,158.71796
533.27192,164.61688 538.59758,161.13405 541.25947,159.84572
532.01712,180.71984 537.35521,170.0 537.35521,170.0
537.35521,170.0 537.35521,170.0 537.35521,170.0
;
357.66356,163.0 357.66356,163.0 369.32134,147.68364
359.8854,168.3448 368.25,155.07562 378.05175,141.53425
362.90575,157.66914 358.21872,161.06318 357.89213,161.7973
355.57525,163.54545 357.66356,163.0 357.66356,163.0
357.66356,163.0 357.66356,163.0 357.66356,163.0
;
361.37526,153.0 361.37526,153.0 368.17059,148.40506
368.91806,153.76023 367.3923,146.0 366.65111,147.51717
359.65813,152.64928 361.37526,153.0 361.37526,153.0
361.37526,153.0 361.37526,153.0 361.37526,153.0
;
517.7507,110.0 517.7507,110.0 512.68698,97.43068
507.08014,103.97293 517.37712,110.0 517.37712,110.0
517.7507,110.0 517.7507,110.0 517.7507,110.0
;
