427.0,480.0 427.0,480.0 284.66667,480.0
142.33333,480.0 0.0,480.0 0.0,320.0
0.0,160.0 0.0,0.0 284.66667,0.0
569.33333,0.0 854.0,0.0 854.0,160.0
854.0,320.0 854.0,480.0 711.66667,480.0
569.33333,480.0 427.0,480.0 427.0,480.0
427.0,480.0 427.0,480.0 427.0,480.0
;
147.93261,479.0 147.93261,479.0 154.89313,472.26171
159.0777,458.09849 168.09901,450.84161 187.37513,425.90388
216.34874,412.117 240.5,393.06423 234.70505,383.81399
250.52183,376.18214 254.93892,368.98073 260.60334,359.36469
269.20026,353.28764 269.93893,340.5 276.26748,332.5876
262.56911,314.03437 268.8365,316.1905 266.93088,308.9088
258.96027,314.2966 261.92175,299.65532 259.20367,304.31917
259.96182,290.79558 257.90416,289.62363 253.25038,292.6856
260.81772,274.34371 257.39014,275.24997 257.35364,260.19461
266.50888,273.22621 262.5,262.0 256.191,266.61616
268.06264,246.91733 267.0,241.27914 263.55331,224.10808
267.70924,249.0055 262.90786,247.2893 258.70892,236.78202
257.13048,263.21649 256.99683,261.5 251.71219,250.60314
264.37887,240.79407 264.71251,229.6394 269.75486,222.14995
268.10139,204.58899 275.91984,203.06849 271.79175,191.30007
281.49229,179.26011 283.16754,167.25431 295.6336,131.75978
312.57038,94.315082 346.0,73.906641 369.62957,57.883678
401.10324,50.975246 428.5,60.426122 442.70588,69.320447
456.4587,78.323663 471.78112,85.048647 483.57093,95.662303
492.851,109.22596 497.90751,123.44283 506.99739,145.65102
513.33852,169.78248 518.90175,193.49824 517.12633,194.53679
512.11322,179.14785 515.91479,197.37492 518.91016,222.29708
523.43635,247.81294 523.65694,272.67645 516.03347,259.85985
518.25405,278.4939 518.00007,278.62287 525.00439,296.02449
522.59507,277.24857 523.68263,290.33713 523.63763,312.7412
524.1841,292.89055 521.12192,294.99999 520.84754,286.34854
516.87504,276.65018 517.06381,293.70853 521.47844,301.96364
520.05275,307.03051 521.79411,299.45702 526.17809,312.32511
516.64689,313.37135 519.8973,322.20895 514.59708,322.25765
522.57673,323.57668 519.8049,332.45504 518.82133,343.69319
512.26275,359.07082 523.50001,366.69855 538.34051,369.37525
528.23566,368.30741 543.21744,375.06454 555.6792,378.12469
572.28651,381.36303 574.85476,396.29821 582.69717,413.76961
599.86301,425.90833 604.00001,445.14028 604.00001,456.42683
604.00001,467.71337 604.00001,478.99992 613.31849,477.54123
605.39854,458.84412 608.00001,450.66842 608.54842,435.91385
597.97394,422.80167 589.03984,411.74811 582.50755,403.40618
579.82158,398.5663 576.00001,388.32782 569.74933,376.28389
555.04399,375.80351 544.00001,370.92955 541.36037,365.45834
526.78967,366.96772 524.66104,359.4204 522.84764,342.174
528.30064,370.15081 526.87622,351.99064 526.41823,339.03682
529.44424,349.34024 526.16668,333.54864 522.72156,320.21992
528.35175,318.72298 526.76108,311.5 528.78795,276.36424
533.31633,241.11521 528.44216,206.04355 527.82739,185.37471
521.87328,164.2194 518.79476,144.8419 514.05537,128.96059
506.89828,114.454 497.19223,101.13357 490.92687,93.014097
486.14044,89.501743 480.83518,82.336169 472.93004,78.346557
459.4532,73.066685 473.5,72.8421 460.89562,64.094049
470.98399,78.30597 457.89436,72.499995 467.76939,70.155438
457.20235,72.633497 454.0,67.122541 438.50889,64.925568
441.39937,58.924793 436.37294,60.391468 427.22454,54.066576
414.78859,54.326496 405.86802,52.17249 388.05148,53.12527
365.16326,57.5644 351.9039,63.940606 346.36076,69.287147
332.14403,74.709877 326.18357,83.989523 316.45262,93.632644
303.84849,103.76519 300.51139,117.16908 299.17927,122.73044
296.74897,115.84652 291.59721,132.7232 285.15724,145.69391
281.74541,159.28673 277.66272,173.07215 276.16795,174.9842
271.19656,193.4468 266.78023,201.3716 263.16744,213.64791
256.7701,224.73127 255.98871,237.5 258.69665,230.33953
260.59248,216.80189 264.36083,216.33225 260.42581,228.43725
256.62161,242.99282 251.4063,252.8483 248.65968,259.79251
245.35608,274.31393 242.78265,284.34355 242.83765,289.25773
237.2933,309.5993 243.30384,297.67738 244.63428,299.03815
246.66494,298.96675 245.97194,313.45914 245.21644,324.609
247.18463,331.48926 251.70075,340.5 254.10007,349.6028
262.64621,357.39799 253.27167,362.85414 249.85904,369.46038
242.1766,377.3357 234.29733,382.21058 228.77476,388.65186
209.77491,405.12689 213.50001,404.64296 212.31393,403.86154
198.39456,417.98118 191.88758,422.12303 174.78477,439.22067
154.29724,455.71455 145.99914,479.0 145.99914,479.0
147.93175,479.0 147.93175,479.0 147.93175,479.0
147.93261,479.0 147.93261,479.0 147.93261,479.0
;
224.49478,400.75 224.49478,400.75 221.13343,400.29167
246.24836,384.72867 227.56445,398.95835 226.17312,398.59406
225.50488,400.11866 224.49478,400.75 224.49478,400.75
224.49478,400.75 224.49478,400.75 224.49478,400.75
;
524.01576,350.32544 524.01576,350.32544 521.21082,351.41604
522.85741,322.78195 524.49436,341.30123 523.83572,343.90609
527.02896,348.71647 524.01576,350.32544 524.01576,350.32544
524.01576,350.32544 524.01576,350.32544 524.01576,350.32544
;
263.52999,344.5 263.52999,344.5 259.58786,350.29225
259.93814,327.7554 258.0,331.11803 260.48976,330.62427
264.4561,342.40767 259.85377,328.11888 256.67487,320.03595
256.5773,323.69903 255.41122,328.58555 252.37597,320.8704
250.98967,316.3749 256.0,315.21398 260.03993,317.92078
260.50524,322.39258 263.36719,328.67694 265.02437,328.24758
267.43044,324.68151 266.21205,338.25089 261.24257,340.14292
266.84274,340.96222 263.52999,344.5 263.52999,344.5
263.52999,344.5 263.52999,344.5 263.52999,344.5
;
255.5,293.0 255.5,293.0 250.25077,287.35305
253.95557,281.12707 255.99991,293.0 255.99991,293.0
255.49991,293.0 255.49991,293.0 255.49991,293.0
255.5,293.0 255.5,293.0 255.5,293.0
;
254.76838,282.5 254.76838,282.5 250.85477,292.25135
259.53601,265.40583 250.0,269.0 259.69024,259.24059
247.52174,268.52548 253.94707,258.53271 258.91991,264.05625
255.4948,274.77593 254.76838,282.5 254.76838,282.5
254.76838,282.5 254.76838,282.5 254.76838,282.5
;
247.83324,279.42161 247.83324,279.42161 243.21858,285.45166
253.46762,259.55347 251.06642,276.0 248.48292,286.40278
248.94648,270.51543 247.83324,279.42161 247.83324,279.42161
247.83324,279.42161 247.83324,279.42161 247.83324,279.42161
;
521.09384,219.0 521.09384,219.0 516.11144,205.20176
522.41768,202.42092 521.09384,219.0 521.09384,219.0
521.09384,219.0 521.09384,219.0 521.09384,219.0
;
265.4082,213.0 265.4082,213.0 266.1904,201.83352
273.4513,193.96519 266.65449,210.51844 265.24256,209.95731
266.77219,213.49435 265.4082,213.0 265.4082,213.0
265.4082,213.0 265.4082,213.0 265.4082,213.0
;
515.05902,151.0 515.05902,151.0 508.10321,142.78449
515.13022,141.34564 515.91179,142.91933 520.09407,148.24684
517.10425,149.49363 515.05902,151.0 515.05902,151.0
515.05902,151.0 515.05902,151.0 515.05902,151.0
;
358.18791,478.85939 358.18791,478.85939 357.78729,476.24153
345.73927,456.34676 347.1461,462.74387 354.04038,468.105
343.52365,476.54865 358.18791,478.85939 358.18791,478.85939
358.18791,478.85939 358.18791,478.85939 358.18791,478.85939
;
365.14217,479.0 365.14217,479.0 366.002,472.60517
361.67831,462.11506 355.0,456.87836 358.36001,448.62396
353.37306,448.22229 349.08655,435.19554 345.13661,440.40261
357.9948,453.78923 353.89486,460.0 347.41694,441.31701
344.63509,451.65605 354.23893,462.0 363.26251,464.11354
360.20377,475.16708 365.14217,479.0 365.14217,479.0
365.14217,479.0 365.14217,479.0 365.14217,479.0
;
374.10257,479.0 374.10257,479.0 376.32515,478.52523
367.81583,455.50472 373.84371,471.20911 376.66185,480.86049
385.30366,477.79512 375.99493,470.0 375.25519,464.10096
379.56084,472.30337 380.41173,467.76261 373.31613,462.86229
372.63445,453.01783 367.90115,446.89059 365.13333,442.43262
383.86964,456.6863 389.91535,457.87755 405.82708,462.6495
419.25953,478.00655 436.68074,474.39554 445.37962,467.82228
452.19279,458.61418 448.8553,475.33959 448.58121,491.29347
454.37328,457.42535 454.39065,473.57953 457.95024,484.13993
464.27246,477.4398 456.45726,466.29746 450.63685,452.442
463.21688,455.59222 458.03055,467.5001 460.7905,474.2297
463.05266,445.90503 458.94098,452.0 452.55757,455.68624
451.88677,449.20139 453.49275,436.58462 454.80683,416.03189
449.65154,439.16454 450.96471,447.36551 452.37228,457.41395
447.77004,459.9877 436.5,470.18127 425.88305,475.58545
415.54028,467.64676 431.34526,463.98357 440.87905,465.27922
447.26314,446.4694 442.73377,453.38762 440.03732,459.3454
429.93589,460.70348 421.4834,467.02101 409.56006,467.60173
398.83538,456.92588 387.22269,453.2788 379.80113,447.29283
365.4733,445.51989 362.76311,436.60347 362.50266,422.59836
356.81572,410.08114 353.93258,396.87404 350.69003,393.9472
356.01135,412.88257 358.26706,417.39902 361.83374,427.44607
358.82829,435.11246 361.68177,445.87757 355.29766,445.73033
361.66297,448.36784 362.34597,456.06213 359.82498,463.76987
370.60973,479.6929 371.45806,476.86788 372.3399,477.59439
371.38266,480.78518 374.10257,479.0 374.10257,479.0
374.10257,479.0 374.10257,479.0 374.10257,479.0
;
369.82185,473.46376 369.82185,473.46376 364.57045,471.01159
361.78895,446.98446 366.49033,461.89014 367.13893,465.73717
369.71794,469.92159 369.82185,473.46376 369.82185,473.46376
369.82185,473.46376 369.82185,473.46376 369.82185,473.46376
;
463.87396,476.0 463.87396,476.0 468.36043,468.10824
462.6305,458.70825 463.39301,474.41821 463.39301,474.41821
462.78602,476.0 462.78602,476.0 462.78602,476.0
463.87396,476.0 463.87396,476.0 463.87396,476.0
;
374.62646,402.70688 374.62646,402.70688 370.7081,395.19997
367.04573,383.29428 361.5,377.67476 363.03589,385.963
368.33313,394.41401 373.75961,402.5127 373.75961,402.5127
374.15981,403.17353 374.15981,403.17353 374.15981,403.17353
374.62646,402.70688 374.62646,402.70688 374.62646,402.70688
;
443.83246,383.53641 443.83246,383.53641 452.30315,364.53666
434.0804,398.86018 443.45166,384.27524 443.45166,384.27524
443.83246,383.53641 443.83246,383.53641 443.83246,383.53641
;
360.72245,380.61088 360.72245,380.61088 361.18435,376.81936
345.77532,356.52006 352.5,368.24373 355.27903,371.79427
357.77936,379.07669 360.72245,380.61088 360.72245,380.61088
360.72245,380.61088 360.72245,380.61088 360.72245,380.61088
;
442.28136,375.5 442.28136,375.5 446.28722,365.22377
452.0556,351.07049 452.55773,362.55517 455.39543,349.98603
470.91653,344.27431 476.5919,332.4277 495.99644,307.2594
499.81268,274.85035 508.36062,245.16886 512.26171,221.53421
503.13238,198.26747 500.1541,175.20451 495.51334,150.46704
485.74959,125.96937 470.68707,105.75507 454.11437,95.602554
470.38628,106.52274 465.62862,111.84757 472.43299,122.95502
465.68742,97.629385 472.00002,112.10216 474.53667,120.50085
479.63941,129.06217 480.00002,132.80057 480.17717,137.10407
487.75009,140.59626 489.55736,153.20826 491.87423,164.25214
498.45453,173.57067 485.06256,163.47899 473.8266,164.67241
458.07638,163.22778 451.00002,172.63092 456.27204,173.3298
468.74778,166.77945 477.12064,169.37028 485.07717,173.96008
483.84699,162.92355 488.87814,171.09653 495.00254,171.48346
501.45424,178.66694 486.55161,173.74524 473.63762,175.30734
469.82915,170.25577 463.04421,174.46727 446.33207,179.86506
464.62419,178.81149 473.32398,177.77248 488.14308,176.57367
482.59696,177.50894 495.89139,182.06231 502.52733,195.17071
502.49847,213.34725 506.13257,228.50012 504.63081,253.95164
495.98835,278.60315 488.56751,302.81551 480.87642,321.21858
469.43522,339.898 453.1243,351.36425 446.70844,354.53397
426.3298,359.66972 439.74999,359.44698 455.44948,349.90279
435.70113,379.95367 442.28136,375.5 442.28136,375.5
442.28136,375.5 442.28136,375.5 442.28136,375.5
;
367.0,341.93416 367.0,341.93416 356.11954,330.78123
340.07319,319.0203 331.9338,303.76057 336.37531,304.43675
325.02318,286.96328 326.86149,280.58556 333.45688,296.75085
328.66289,266.20769 326.12677,279.49995 323.27204,273.14284
327.11166,253.94494 323.00006,255.84122 317.42588,263.09103
322.72318,275.34885 322.70793,285.24878 325.37789,310.63738
344.93958,331.21505 367.0,341.93416 367.0,341.93416
367.0,341.93416 367.0,341.93416 367.0,341.93416
;
406.98978,307.9682 406.98978,307.9682 393.52468,297.15433
416.03838,303.31061 424.15646,303.13473 432.30139,301.6263
447.24095,307.50108 444.72356,302.77071 452.97708,297.97621
459.66626,309.86434 462.75922,298.5 463.93262,291.5962
440.67079,282.77757 448.78918,290.42453 442.61639,286.32353
429.49825,286.48633 420.2274,285.82304 408.30002,297.87389
411.80202,280.53824 403.35816,291.79569 392.93865,289.86907
391.39716,304.0475 401.26729,305.95284 403.59696,303.39797
404.65977,307.98597 406.98978,307.9682 406.98978,307.9682
406.98978,307.9682 406.98978,307.9682 406.98978,307.9682
;
425.0,299.81658 425.0,299.81658 419.54441,299.34526
396.61659,299.97187 403.2117,296.2127 411.80516,292.17258
419.6585,299.32523 428.32001,297.90638 441.94529,296.40334
434.55876,301.20441 425.0,299.81658 425.0,299.81658
425.0,299.81658 425.0,299.81658 425.0,299.81658
;
444.22948,298.79857 444.22948,298.79857 428.72163,302.00132
448.21184,292.35365 452.9631,295.45554 466.72541,299.68842
447.82532,297.83287 444.22948,298.79857 444.22948,298.79857
444.22948,298.79857 444.22948,298.79857 444.22948,298.79857
;
427.64301,294.90195 427.64301,294.90195 404.75504,288.49406
443.2089,285.91307 427.64301,294.90195 427.64301,294.90195
427.64301,294.90195 427.64301,294.90195 427.64301,294.90195
;
437.5,295.0 437.5,295.0 428.19486,293.35423
444.79504,285.17129 439.0407,295.0 439.0407,295.0
437.5,295.0 437.5,295.0 437.5,295.0
;
261.0,291.0 261.0,291.0 263.23937,281.69312
252.35084,277.34437 260.0,288.96806 261.23612,288.74369
258.7144,292.27438 261.0,291.0 261.0,291.0
261.0,291.0 261.0,291.0 261.0,291.0
;
459.56587,290.76746 459.56587,290.76746 458.40124,281.91315
445.5913,274.75313 456.73381,286.47822 457.61592,287.19975
458.44207,291.89796 459.56587,290.76746 459.56587,290.76746
459.56587,290.76746 459.56587,290.76746 459.56587,290.76746
;
435.0,274.0 435.0,274.0 450.42388,272.27574
420.43013,270.78171 435.0,274.0 435.0,274.0
435.0,274.0 435.0,274.0 435.0,274.0
;
412.5,260.95589 412.5,260.95589 414.65467,255.5015
391.36297,253.63371 412.5,260.95589 412.5,260.95589
412.5,260.95589 412.5,260.95589 412.5,260.95589
;
419.02901,257.76852 419.02901,257.76852 430.33607,259.35907
435.22226,251.21627 420.54261,251.0 413.82136,266.00959
405.81299,239.47468 409.00691,255.28457 411.79189,258.51376
415.16646,257.67636 419.02901,257.76852 419.02901,257.76852
419.02901,257.76852 419.02901,257.76852 419.02901,257.76852
;
402.95,256.96959 402.95,256.96959 399.48706,255.72812
401.44156,241.23354 409.42094,240.08346 413.55688,230.46012
394.57078,245.60562 399.00089,253.77955 398.93099,255.18473
401.33763,257.73357 402.95,256.96959 402.95,256.96959
402.95,256.96959 402.95,256.96959 402.95,256.96959
;
447.37212,256.69496 447.37212,256.69496 463.50906,248.92788
430.56746,250.82767 447.146,256.71596 447.146,256.71596
447.37212,256.69496 447.37212,256.69496 447.37212,256.69496
447.37212,256.69496 447.37212,256.69496 447.37212,256.69496
;
520.5756,256.0 520.5756,256.0 525.04838,248.77782
516.06748,241.9431 520.5756,256.0 520.5756,256.0
520.5756,256.0 520.5756,256.0 520.5756,256.0
;
322.10453,247.14664 322.10453,247.14664 324.39711,227.37213
328.05803,261.76749 326.07642,243.0708 329.43773,227.04921
330.82458,248.6568 334.80699,234.88941 342.65342,216.74867
333.95911,254.06589 340.64611,235.99358 342.24603,227.36462
351.9251,221.11589 357.77972,217.44734 342.93205,223.09103
361.79446,208.16933 367.01541,208.49397 379.03816,210.16872
391.64514,205.6194 402.92301,206.72036 413.21843,206.62956
401.16567,191.35395 394.6685,190.11819 378.30971,191.63095
382.99696,176.15074 390.5,176.5 398.48653,173.04817
411.10473,183.47009 413.60699,175.58179 413.43726,176.49719
401.13746,173.20689 393.93241,168.159 382.41722,169.86029
376.11903,182.19942 371.0,191.0 383.28824,182.18359
367.04653,197.08065 381.09793,195.24078 393.65749,199.51086
378.89322,209.32614 374.16729,199.65239 360.92038,192.64503
381.6696,210.16883 364.59456,202.40721 355.05835,204.39367
348.20553,216.15947 340.32833,222.59614 333.10003,231.62131
316.09482,238.76811 321.40235,252.5 321.63641,250.71555
321.87047,248.93109 322.10453,247.14664 322.10453,247.14664
322.10453,247.14664 322.10453,247.14664 322.10453,247.14664
;
396.96616,196.33713 396.96616,196.33713 401.4771,193.37208
373.23798,189.42661 382.21249,189.07026 385.20584,189.13346
400.80538,191.65876 396.96616,196.33713 396.96616,196.33713
396.96616,196.33713 396.96616,196.33713 396.96616,196.33713
;
477.50037,209.92954 477.50037,209.92954 484.91522,209.90224
505.61308,207.95781 495.52426,197.50004 490.09967,187.92251
473.79966,188.17236 464.8006,192.75326 456.25997,193.89848
446.18625,211.74007 461.45676,207.09431 467.23173,205.52235
471.72038,211.05426 477.50037,209.92954 477.50037,209.92954
477.50037,209.92954 477.50037,209.92954 477.50037,209.92954
;
471.5,204.22146 471.5,204.22146 455.02729,204.74097
471.79714,199.39649 464.45753,197.11616 467.3269,196.39542
480.10308,203.10248 471.5,204.22146 471.5,204.22146
471.5,204.22146 471.5,204.22146 471.5,204.22146
;
493.37244,197.91715 493.37244,197.91715 482.458,192.70736
470.58028,189.84451 489.11451,194.20486 490.07906,193.18077
496.36454,198.98707 493.37244,197.91715 493.37244,197.91715
493.37244,197.91715 493.37244,197.91715 493.37244,197.91715
;
353.05703,186.43794 353.05703,186.43794 363.99314,177.79451
364.12293,171.29671 354.00297,184.43493 353.79994,185.007
349.14396,189.37068 353.05703,186.43794 353.05703,186.43794
353.05703,186.43794 353.05703,186.43794 353.05703,186.43794
;
416.88337,175.0 416.88337,175.0 422.19232,168.61832
404.42785,166.85829 399.82721,163.49948 410.36826,153.50965
410.4063,152.51897 407.33182,151.85447 419.72559,140.71334
427.28721,125.6649 435.98457,112.1079 436.02127,117.56306
450.50621,91.568391 442.05197,101.33248 439.38258,105.10405
437.2402,102.50255 430.28777,115.00647 419.51606,129.83466
410.69532,147.02591 396.70042,159.12618 392.78319,161.22445
414.10338,138.50934 398.45663,152.40224 390.52815,159.39234
395.00607,168.91596 405.01774,169.16066 401.47164,172.51495
413.86206,169.6004 416.88337,175.0 416.88337,175.0
416.88337,175.0 416.88337,175.0 416.88337,175.0
;
375.0147,161.0 375.0147,161.0 386.6148,149.82815
375.37856,151.91832 375.0147,161.0 375.0147,161.0
375.0147,161.0 375.0147,161.0 375.0147,161.0
;
373.46846,158.0 373.46846,158.0 382.3021,149.08177
385.07234,139.68057 374.52426,154.25127 373.65687,154.32567
371.97383,158.00101 373.46846,158.0 373.46846,158.0
373.46846,158.0 373.46846,158.0 373.46846,158.0
;
432.36655,125.49421 432.36655,125.49421 441.45592,108.73204
432.56646,120.22214 429.06098,130.5 428.25097,134.14723
431.97537,125.58299 432.36655,125.49421 432.36655,125.49421
432.36655,125.49421 432.36655,125.49421 432.36655,125.49421
;
