427.0,480.0 427.0,480.0 284.66667,480.0
142.33333,480.0 0.0,480.0 0.0,320.0
0.0,160.0 0.0,0.0 284.66667,0.0
569.33333,0.0 854.0,0.0 854.0,160.0
854.0,320.0 854.0,480.0 711.66667,480.0
569.33333,480.0 427.0,480.0 427.0,480.0
427.0,480.0 427.0,480.0 427.0,480.0
;
181.84171,479.0 181.84171,479.0 187.30144,472.29426
190.41927,459.35072 195.77041,450.50379 209.63939,421.378
234.97127,400.13715 262.35451,384.12337 270.12701,376.75442
284.64349,373.91737 287.87962,363.5 289.26072,347.97047
291.82915,333.19154 292.75821,317.52636 297.4627,302.67043
296.59321,287.46567 289.71525,273.5 287.37186,264.5728
288.19535,255.76377 289.82504,244.57966 289.88034,224.3227
295.91714,245.98081 294.36308,231.36998 298.38184,218.14219
296.72516,218.40469 300.32061,211.53661 307.06342,200.59986
309.22064,186.93564 311.38079,174.0 314.73472,171.89457
313.12833,157.71644 318.35259,149.81388 330.23647,102.93194
363.82269,56.688419 413.81539,47.46148 429.82129,43.37092
447.75276,45.432663 460.78732,55.136471 473.15796,60.503771
488.95012,62.449585 497.6823,74.747545 514.8748,90.377894
522.59439,113.56365 529.95433,135.08979 524.05881,137.79346
536.99338,144.68176 533.27958,151.0192 541.94076,182.55097
544.03627,215.60476 544.65548,248.33187 544.60258,276.97443
536.68409,306.85243 544.18684,334.51522 541.97387,350.5028
562.11423,352.7907 571.62164,361.07022 577.43984,360.63405
596.74073,380.64489 583.53583,367.5 572.38965,356.74793
592.34625,374.59303 599.11619,372.49611 609.12546,375.34674
619.21652,381.66486 620.96423,392.48432 628.83255,409.95024
641.82537,423.94437 648.63415,442.0235 656.17337,453.23167
653.65141,466.35421 653.13389,479.0 660.47619,475.63513
657.41695,455.7358 654.56255,446.901 647.7121,427.38309
634.58479,411.62156 625.1878,393.5 622.41114,378.14655
607.24354,369.62912 592.69904,367.99469 580.24257,358.27854
563.39419,356.23641 552.52047,344.0 552.12137,342.17468
546.71243,325.88899 548.86483,316.28083 548.85113,306.85171
550.23253,304.70265 548.46056,293.16282 549.2605,278.06037
548.41596,280.22115 549.25692,265.56929 555.04433,254.14571
548.53055,262.69461 551.47429,249.0 552.8595,232.90712
553.32477,216.53933 550.53187,200.99702 551.45331,179.56484
551.83005,208.96877 553.85958,199.5 556.25617,206.76046
550.20413,180.13789 548.44405,174.10063 544.71091,168.11096
550.25344,143.6784 543.00018,150.4 539.81618,148.05649
541.46891,144.29323 541.76553,138.60984 537.26781,121.54196
528.72514,105.83495 521.07492,90.0 522.44709,87.556969
509.26083,74.754339 504.3213,71.97724 496.76419,67.344247
487.98211,60.187006 482.0,54.857143 472.98178,47.836522
476.87858,54.72289 467.59294,51.808101 485.70877,48.091345
463.07503,49.236755 455.47201,47.055893 442.15547,40.826022
425.54613,42.235288 411.7366,44.230497 406.3669,48.830161
381.1852,46.348969 398.39763,48.156651 390.04599,50.691006
386.68763,52.336826 379.89393,54.99994 372.91568,61.837714
371.02485,54.694122 366.69096,64.36787 357.66299,69.936635
353.81076,80.348131 344.42248,82.12962 335.52461,88.468921
332.44178,99.112398 338.72201,89.733912 343.73854,82.750639
353.32667,76.783068 344.43841,87.450069 338.88149,88.256828
343.04902,93.240411 334.75034,100.3457 333.04072,103.94238
326.49624,117.08215 322.05442,124.9438 310.98448,140.99392
310.16988,160.42136 307.18457,178.85154 304.20771,188.93232
301.33797,197.45369 297.70234,207.56443 294.28814,211.33631
292.37781,221.53126 288.36299,229.60681 284.79485,243.30406
282.47383,257.79689 282.45665,271.854 283.02274,278.6631
287.99557,297.20038 289.09362,289.17275 287.1727,278.24104
294.72482,295.51959 291.96367,302.42924 288.81951,321.95855
285.13619,341.70809 277.96289,359.99965 273.94587,360.79671
254.61668,376.02956 262.32696,372.66015 268.02526,368.1288
283.62589,355.3677 271.90277,369.47823 263.17244,374.69363
266.95855,378.97659 256.3879,385.03529 249.73265,387.11066
244.65081,393.75273 235.28668,397.82276 213.18884,415.34218
196.12713,438.42651 185.6006,464.67924 185.88655,467.85871
176.52874,479.01542 181.84171,479.0 181.84171,479.0
181.84171,479.0 181.84171,479.0 181.84171,479.0
;
543.4146,310.0 543.4146,310.0 540.08658,294.89532
546.06,294.64584 543.4146,310.0 543.4146,310.0
543.4146,310.0 543.4146,310.0 543.4146,310.0
;
550.03465,192.61847 550.03465,192.61847 547.02516,199.40297
549.56323,171.50591 550.03465,192.61847 550.03465,192.61847
550.03465,192.61847 550.03465,192.61847 550.03465,192.61847
;
543.63755,188.0 543.63755,188.0 542.05156,182.82739
537.594,164.9172 542.73677,175.5 542.75527,179.25023
544.47259,185.07196 543.63755,188.0 543.63755,188.0
543.63755,188.0 543.63755,188.0 543.63755,188.0
;
545.65179,164.68155 545.65179,164.68155 540.05448,155.90979
546.49241,148.60804 546.16495,164.16838 546.16495,164.16838
545.65179,164.68155 545.65179,164.68155 545.65179,164.68155
;
532.26884,125.31514 532.26884,125.31514 527.70749,129.16646
534.72062,117.95178 531.08712,118.00844 536.70214,124.98396
535.1609,127.13595 532.26884,125.31514 532.26884,125.31514
532.26884,125.31514 532.26884,125.31514 532.26884,125.31514
;
406.44503,478.66703 406.44503,478.66703 417.17621,476.30086
407.28952,468.21079 407.94966,476.61492 399.69884,470.11183
398.01813,462.68438 396.13921,455.5 394.9093,450.1406
400.29667,458.80883 398.68198,451.3467 401.93278,453.04925
395.16206,444.19241 397.82214,437.78123 394.03698,430.83652
383.95744,422.98056 388.2801,435.25 386.36304,431.71798
393.23233,436.76293 394.41265,441.27301 391.32312,447.45639
386.22767,435.86748 385.24132,436.50233 387.71231,434.06543
378.84753,418.21471 382.96958,421.19098 388.42479,428.31373
379.5025,407.85594 378.99913,410.09972 371.39807,402.54658
375.69493,423.46884 377.02971,415.5 379.06765,422.29528
384.63847,434.94256 380.77577,432.22887 384.55951,441.96705
384.4806,442.00698 389.02686,452.81973 390.85878,462.15447
399.70331,470.337 400.38506,477.81556 401.19669,479.87029
404.76532,478.01504 406.44503,478.66703 406.44503,478.66703
406.44503,478.66703 406.44503,478.66703 406.44503,478.66703
;
422.83254,478.96004 422.83254,478.96004 430.49755,474.63154
408.77114,462.42588 411.27388,452.74132 418.95743,463.74964
418.30714,463.09133 411.83684,447.71649 410.71201,432.67796
406.312,438.90217 408.89426,449.34647 406.4564,459.89036
414.36344,468.7928 419.5,478.92011 419.5,478.92011
421.45916,478.94361 421.45916,478.94361 421.45916,478.94361
422.83254,478.96011 422.83254,478.96011 422.83254,478.96011
422.83254,478.96004 422.83254,478.96004 422.83254,478.96004
;
474.79188,472.91721 474.79188,472.91721 473.84906,461.49738
489.73246,451.31714 485.72511,469.20418 477.67717,484.2914
487.04134,472.60341 490.06889,479.0 488.4467,466.62025
487.2084,454.04155 483.86522,442.0 479.8992,445.80549
454.36093,451.1429 463.96714,444.91184 473.65127,442.84845
479.51117,422.61388 470.12198,436.0406 467.01539,447.24643
452.282,445.33723 444.97688,439.08554 429.76269,431.9628
415.04158,424.02485 400.98764,414.82905 403.25383,413.20681
382.54564,398.99396 389.45532,414.07233 395.70183,417.50462
393.59785,426.79294 387.05947,416.60713 395.57084,422.27371
388.81667,435.60634 395.31658,427.49987 402.45764,434.09185
401.68215,442.43578 404.23703,445.49987 404.29933,451.93105
411.01541,454.19331 404.95037,440.68931 403.04325,433.09745
408.85098,437.22482 402.86533,422.23702 403.43267,414.91716
418.0331,431.80742 424.76044,432.40338 435.7833,438.48601
450.31372,443.99731 459.24627,450.42041 463.77168,456.46048
484.64743,440.98394 480.2523,450.50001 480.2503,464.75656
467.20674,460.01001 472.82485,473.66651 474.20622,481.76441
474.87037,480.75397 474.79188,472.91722 474.79188,472.91722
474.79188,472.91721 474.79188,472.91721 474.79188,472.91721
;
403.31739,433.99368 403.31739,433.99368 398.33978,430.04179
389.55517,404.89173 398.07488,420.25881 396.55076,409.48885
403.16807,421.67516 402.63345,429.02279 402.10414,430.02233
405.70524,434.64234 403.31739,433.99368 403.31739,433.99368
403.31739,433.99368 403.31739,433.99368 403.31739,433.99368
;
394.7345,474.0 394.7345,474.0 388.61893,461.47466
382.26185,461.79543 394.35592,474.0 394.35592,474.0
394.7345,474.0 394.7345,474.0 394.7345,474.0
;
489.5,463.0 489.5,463.0 493.23807,450.40849
484.26501,448.38425 489.0,457.80057 489.46436,459.07232
488.08831,462.72887 489.5,463.0 489.5,463.0
489.5,463.0 489.5,463.0 489.5,463.0
;
389.87048,462.0 389.87048,462.0 383.53224,455.53205
385.37257,449.33308 382.14353,446.5 379.14135,426.59674
378.82564,445.77962 382.73515,454.96803 384.99756,457.14738
387.20118,460.5132 389.87048,462.0 389.87048,462.0
389.87048,462.0 389.87048,462.0 389.87048,462.0
;
475.40511,419.0 475.40511,419.0 476.86493,406.96626
473.64174,397.73635 474.00006,415.83643 475.07825,416.00287
474.09416,419.17247 475.40511,419.0 475.40511,419.0
475.40511,419.0 475.40511,419.0 475.40511,419.0
;
382.86663,413.98469 382.86663,413.98469 383.47868,407.61236
382.32588,400.73727 385.40619,404.202 384.76628,399.6537
376.25105,392.10023 380.37815,403.45911 381.26569,406.80316
378.3827,412.83102 382.86663,413.98469 382.86663,413.98469
382.86663,413.98469 382.86663,413.98469 382.86663,413.98469
;
455.01118,393.49309 455.01118,393.49309 460.81583,384.01573
466.95782,373.18695 466.94893,361.5 465.08413,372.27656
459.38443,382.30706 454.54674,392.64541 454.54674,392.64541
453.89739,394.18149 453.89739,394.18149 453.89739,394.18149
455.01124,393.49309 455.01124,393.49309 455.01124,393.49309
455.01118,393.49309 455.01118,393.49309 455.01118,393.49309
;
402.80559,386.52774 402.80559,386.52774 397.63591,379.9895
395.4709,369.37325 391.88197,367.0 395.44925,364.07176
384.13194,351.68496 390.55109,354.12966 385.45945,344.61007
382.9347,333.52306 378.96985,323.5 381.97381,340.05653
385.29947,357.19172 393.50001,372.06103 388.64908,373.58897
401.21329,384.32622 402.80559,386.52774 402.80559,386.52774
402.80559,386.52774 402.80559,386.52774 402.80559,386.52774
;
383.01475,358.0 383.01475,358.0 382.92605,355.49668
375.98679,328.50297 377.83674,342.43824 379.21509,347.28826
380.01025,354.86749 383.01475,358.0 383.01475,358.0
383.01475,358.0 383.01475,358.0 383.01475,358.0
;
470.25,338.51837 470.25,338.51837 487.65287,335.55491
498.79207,318.89168 508.92942,305.77821 524.92194,279.7735
524.18435,248.29623 531.00968,219.42361 532.97866,193.16765
523.59662,167.32192 516.17921,142.43372 512.89692,130.25448
505.86566,117.98998 502.59792,106.84157 500.24161,103.61266
490.74219,94.264656 497.57308,109.07874 505.30919,125.45628
510.94027,144.00016 518.99988,160.71083 512.52481,160.28959
500.78581,153.97665 491.64657,156.87397 477.94904,162.06191
483.32221,153.95186 477.48094,158.44665 461.88478,164.9532
474.00224,164.93683 484.38313,161.62563 498.88599,158.60134
496.29047,161.67903 509.30763,162.74615 519.94803,162.39609
518.37283,171.73176 521.9853,176.76758 529.35102,199.19846
528.76434,223.00853 522.7744,245.67467 518.26993,272.6761
513.67152,302.95775 490.92668,321.10051 484.59839,330.00832
470.6188,336.19667 468.91147,338.8197 468.91147,338.8197
470.25,338.51837 470.25,338.51837 470.25,338.51837
;
296.35109,337.41877 296.35109,337.41877 295.29029,332.24497
302.19192,321.93814 297.23326,319.0 296.20267,323.89598
293.02146,336.58753 296.35109,337.41877 296.35109,337.41877
296.35109,337.41877 296.35109,337.41877 296.35109,337.41877
;
558.16304,329.67315 558.16304,329.67315 558.66725,314.07083
551.734,333.46921 558.16304,329.67315 558.16304,329.67315
558.16304,329.67315 558.16304,329.67315 558.16304,329.67315
;
385.71469,324.61865 385.71469,324.61865 380.58011,315.90123
373.9297,303.36489 388.31849,317.16371 403.59747,328.66248
382.43894,308.55478 378.12012,304.32386 373.44565,301.80512
360.14389,279.51661 371.32065,291.01269 369.35276,284.859
366.37668,279.16339 363.02931,270.07163 357.3077,258.49209
363.83861,256.75225 357.87744,245.01243 352.28277,238.28379
355.40391,221.08212 350.618,222.19093 346.60795,212.5322
365.86343,205.79232 357.06334,212.72682 352.35507,212.72582
357.922,243.91329 357.28566,232.84201 359.08282,223.12632
354.41484,216.48606 362.48698,209.60929 378.14204,200.44859
364.89508,207.43934 363.39005,203.68056 374.55575,187.75559
356.19052,202.88548 352.23223,210.51743 341.55117,224.71605
354.12757,242.93845 353.95731,258.81004 357.66003,274.93724
361.8064,292.20462 373.74992,304.92447 376.90854,311.53432
380.51253,320.6304 385.71469,324.61865 385.71469,324.61865
385.71469,324.61865 385.71469,324.61865 385.71469,324.61865
;
423.56739,292.0 423.56739,292.0 420.22047,283.17138
437.30832,292.86745 432.78768,286.9041 421.71683,277.23825
433.86899,276.02646 436.45347,279.93819 445.46986,278.55128
449.57303,282.20567 454.11803,278.99999 463.71395,276.43147
472.36495,275.31781 462.35009,283.88299 457.67049,280.4943
446.12675,284.59631 439.70298,284.47906 428.78423,287.59393
450.43054,289.80788 455.37902,287.78684 465.29958,286.17612
469.18554,279.02955 473.5,281.99506 459.20243,293.37918
483.85361,275.5649 478.39344,285.87405 482.56109,281.05709
484.04644,275.72077 486.99372,280.71479 485.48558,271.01196
475.52922,272.44884 470.57971,263.57031 460.60647,256.75184
486.17713,279.01302 471.1312,270.99997 466.40078,274.11615
459.30227,269.43274 449.74513,270.35683 442.79175,265.47467
428.07844,280.88103 429.48983,272.37472 432.27093,268.82778
415.15912,279.19461 417.0,285.42412 420.88542,285.99624
420.65664,291.511 423.56739,292.0 423.56739,292.0
423.56739,292.0 423.56739,292.0 423.56739,292.0
;
474.3067,279.92971 474.3067,279.92971 460.16213,270.9738
486.65821,277.77853 474.3067,279.92971 474.3067,279.92971
474.3067,279.92971 474.3067,279.92971 474.3067,279.92971
;
442.33873,275.5 442.33873,275.5 437.47755,270.40348
458.01508,278.98882 443.85716,273.5 443.85716,273.5
442.6724,275.06051 442.6724,275.06051 442.6724,275.06051
442.33873,275.5 442.33873,275.5 442.33873,275.5
;
457.05968,277.0 457.05968,277.0 444.14579,274.0835
468.42975,269.911 457.82672,277.0 457.82672,277.0
457.05968,277.0 457.05968,277.0 457.05968,277.0
;
433.34563,266.9682 433.34563,266.9682 436.5421,259.88048
462.68302,267.2056 448.0488,261.85181 443.39073,261.65247
435.05738,262.09837 433.34563,266.9682 433.34563,266.9682
433.34563,266.9682 433.34563,266.9682 433.34563,266.9682
;
428.98077,246.91171 428.98077,246.91171 431.40146,242.79789
409.8241,236.08938 421.47511,243.47555 423.97257,244.46723
426.20441,246.96953 428.98077,246.91171 428.98077,246.91171
428.98077,246.91171 428.98077,246.91171 428.98077,246.91171
;
435.51716,243.59854 435.51716,243.59854 448.84834,246.30784
443.8781,231.61534 434.14476,238.78296 425.04146,252.10282
429.36899,215.73633 424.83034,234.40172 425.06016,240.76661
428.51834,245.73165 435.51716,243.59854 435.51716,243.59854
435.51716,243.59854 435.51716,243.59854 435.51716,243.59854
;
463.5,240.782 463.5,240.782 477.98242,244.03654
469.03301,216.59464 470.00753,236.98599 469.72306,237.52719
449.67777,232.67654 460.4587,240.85932 460.4587,240.85932
462.41737,240.80952 462.41737,240.80952 462.41737,240.80952
463.50003,240.78202 463.50003,240.78202 463.50003,240.78202
463.5,240.782 463.5,240.782 463.5,240.782
;
422.86833,237.0 422.86833,237.0 428.40225,228.09382
424.3333,217.48699 422.11804,234.68336 423.10073,234.83306
420.26834,238.22465 422.86833,237.0 422.86833,237.0
422.86833,237.0 422.86833,237.0 422.86833,237.0
;
556.16729,215.5 556.16729,215.5 558.29697,195.80842
551.37906,215.34743 555.84718,216.61657 555.84718,216.61657
556.16729,215.5 556.16729,215.5 556.16729,215.5
;
370.7953,199.17388 370.7953,199.17388 378.32301,192.66084
392.74957,201.41355 402.88935,197.01125 410.16142,192.4444
430.81903,199.11311 419.7604,186.15124 411.81873,176.19059
397.8163,177.62328 386.81904,179.5066 378.00704,183.89668
402.86094,178.55499 408.90353,180.5 411.22603,183.74876
389.32101,178.10043 382.36752,184.85978 368.72209,193.21127
394.12532,182.23439 399.25,185.20026 412.66874,185.96814
399.71516,199.85506 393.90801,189.56864 384.49771,178.9837
388.92348,198.13419 383.50001,191.54884 371.80503,195.9636
371.09816,191.30937 368.32915,200.65194 365.88867,205.39249
370.10231,199.54272 370.7953,199.17388 370.7953,199.17388
370.7953,199.17388 370.7953,199.17388 370.7953,199.17388
;
494.46777,192.48802 494.46777,192.48802 501.25705,190.77197
522.42008,187.84688 513.0504,178.79694 499.27492,178.46095
492.83985,171.50136 509.69535,177.80378 511.13912,172.88889
493.35899,172.14536 486.76385,173.53036 479.14139,174.39699
464.95524,184.47206 470.63247,191.6892 477.99159,188.4773
486.76111,193.05294 494.46777,192.48802 494.46777,192.48802
494.46777,192.48802 494.46777,192.48802 494.46777,192.48802
;
486.17857,187.98469 486.17857,187.98469 471.7024,178.14633
484.90543,189.02207 483.93898,179.62077 485.80669,175.02074
495.89873,188.16055 486.17857,187.98472 486.17857,187.98472
486.17857,187.98469 486.17857,187.98469 486.17857,187.98469
;
377.51008,183.36194 377.51008,183.36194 387.67122,179.33706
388.77484,160.54401 402.33306,165.35325 410.30961,162.59249
427.02062,175.91867 427.03068,162.5 422.90258,169.11028
411.89498,158.54237 404.62429,159.59068 402.44869,164.53897
385.32392,156.68188 382.25159,169.21289 375.97626,179.39692
373.34741,182.52067 370.75,185.55073 373.50268,185.71383
370.97133,188.31224 377.51008,183.36194 377.51008,183.36194
377.51008,183.36194 377.51008,183.36194 377.51008,183.36194
;
303.85022,174.94935 303.85022,174.94935 309.51767,176.06327
305.80361,161.79789 302.13379,174.80046 302.76234,175.08904
303.91456,177.59596 303.85022,174.94935 303.85022,174.94935
303.85022,174.94935 303.85022,174.94935 303.85022,174.94935
;
430.25,163.96959 430.25,163.96959 429.49166,157.17125
412.16638,153.31015 403.70142,152.65329 398.86336,149.93527
408.99007,147.65017 413.47818,140.44647 418.3084,134.07184
429.74444,124.85924 429.25,121.08434 415.75654,132.84185
435.72838,113.52944 434.38821,108.45802 446.62891,93.549885
433.34923,120.81675 440.34918,110.38516 442.91205,101.62541
448.66359,93.10641 452.59681,86.26341 437.80342,98.056929
426.1192,117.73515 413.00077,133.06605 409.32926,139.81884
387.86788,149.75118 400.55861,155.4115 410.26422,158.67555
421.10197,159.5907 430.25,163.96959 430.25,163.96959
430.25,163.96959 430.25,163.96959 430.25,163.96959
;
464.0,160.0 464.0,160.0 465.58924,158.50853
477.60758,154.25319 484.5559,153.38877 499.1718,153.98197
496.8946,154.3894 496.52781,151.18458 505.40487,149.52789
507.74207,156.36387 515.07031,157.0 510.05637,148.55596
498.95807,145.56693 489.3615,147.80385 480.36349,149.44145
468.27895,151.24784 462.99994,158.86852 463.21473,159.65635
462.43408,163.89197 464.0,160.0 464.0,160.0
464.0,160.0 464.0,160.0 464.0,160.0
;
492.9489,97.0 492.9489,97.0 488.60898,85.847916
481.75755,88.239112 492.06342,97.454987 491.85345,101.77619
492.52908,98.25548 492.9489,97.0 492.9489,97.0
492.9489,97.0 492.9489,97.0 492.9489,97.0
;
506.0,71.0 506.0,71.0 509.93114,67.264315
485.81409,57.57806 494.28763,63.741617 503.80989,70.884531
500.58928,65.830064 506.0,71.0 506.0,71.0
506.0,71.0 506.0,71.0 506.0,71.0
;
486.94098,57.0 486.94098,57.0 503.78409,53.494131
469.75027,51.686083 486.94098,57.0 486.94098,57.0
486.94098,57.0 486.94098,57.0 486.94098,57.0
;
436.25,39.819842 436.25,39.819842 457.01356,39.732222
433.64923,35.105368 439.5,37.886172 452.89109,38.87838
415.49392,39.703121 436.25,39.819842 436.25,39.819842
436.25,39.819842 436.25,39.819842 436.25,39.819842
;
