0.0,240.0 0.0,240.0 0.0,160.0
0.0,80.0 0.0,0.0 284.66667,0.0
569.33333,0.0 854.0,0.0 854.0,160.0
854.0,320.0 854.0,480.0 569.33333,480.0
284.66667,480.0 0.0,480.0 0.0,400.0
0.0,320.0 0.0,240.0 0.0,240.0
0.0,240.0 0.0,240.0 0.0,240.0
;
187.89553,469.91588 187.89553,469.91588 202.65296,430.8077
236.79647,404.65249 271.29644,383.67624 282.39778,371.82663
279.07532,352.54201 285.24069,331.22583 285.82585,317.51422
290.81444,280.54074 281.90616,261.0 275.83963,236.87571
294.03905,209.45083 299.5261,183.73125 313.4659,142.94953
318.45897,96.358323 351.57116,64.946043 380.17609,35.036782
429.60054,18.68644 466.84995,41.91328 509.46332,48.326854
526.45181,95.015501 538.86194,130.66637 547.33772,156.85469
548.87202,179.4436 550.91966,207.44869 552.25042,239.0539
554.95097,272.56187 550.35981,303.30894 543.8661,342.30045
576.61395,361.90263 606.84209,376.69862 629.92721,395.95777
607.97776,377.02312 614.00469,378.51251 632.5988,390.63757
661.30383,392.10175 659.09821,419.39289 677.30118,435.03792
688.05133,456.98209 694.90299,479.0 697.63388,453.02222
671.61335,432.90048 660.33627,412.07511 659.51045,381.86891
616.76741,383.52571 597.21325,367.76537 581.33554,354.70248
588.44339,358.13005 582.2582,358.55567 567.76594,352.39369
555.99538,323.82044 569.49612,333.51042 572.97937,326.16864
547.8247,299.07648 559.47995,301.94716 557.06042,286.12755
560.58325,296.41813 562.95951,305.0 557.95005,296.84854
557.32187,249.35768 561.10155,258.34705 561.93072,242.50005
564.52361,219.14952 556.3128,232.1752 560.547,213.0994
561.43728,222.97139 565.47515,233.66025 562.71637,220.61566
568.28279,191.06632 561.02479,218.0 559.75726,210.87239
563.00854,202.05789 558.34273,185.51669 558.92212,177.14062
562.04308,189.21552 562.50919,174.65205 561.82767,152.59265
556.45287,164.3996 563.5,177.13423 552.7307,162.16197
560.54295,148.20948 551.9466,150.05215 549.98564,143.8253
542.34357,120.47314 542.01851,108.2511 569.36681,143.83579
514.28306,66.112071 533.61564,86.559255 542.14794,97.699758
510.00593,62.376231 514.27084,61.413703 508.19517,50.768632
497.22836,46.804031 499.66026,41.761356 481.58138,28.425494
459.96558,33.562669 447.82184,29.312827 425.43128,22.414182
385.62847,33.635022 377.53281,40.231137 351.4756,54.945008
329.76058,79.094679 318.65061,107.25 300.95137,134.14518
306.34627,162.59838 292.18239,186.45672 287.44853,217.18075
269.7423,245.99772 273.82841,277.76357 277.76137,295.17582
274.68535,293.16512 283.0,292.5 285.94238,301.36131
278.77962,334.11616 273.94881,347.55 271.06283,365.71266
250.87087,388.12104 263.87115,379.65526 274.30009,382.73625
247.06518,396.28882 263.82185,382.29479 251.46087,390.61088
232.97737,402.42621 255.0,390.75728 221.88011,410.28717
192.43943,440.7431 182.40682,478.65257 186.12839,481.38476
185.4327,466.77028 187.89553,469.91588 187.89553,469.91588
187.89553,469.91588 187.89553,469.91588 187.89553,469.91588
;
262.04216,377.41351 262.04216,377.41351 271.86308,369.93676
267.62377,374.22909 273.57102,368.25858 269.56399,383.37396
265.22069,376.79271 262.04216,377.41351 262.04216,377.41351
262.04216,377.41351 262.04216,377.41351 262.04216,377.41351
;
275.07895,360.33179 275.07895,360.33179 269.78338,346.00784
277.71518,362.96551 275.07895,360.33179 275.07895,360.33179
275.07895,360.33179 275.07895,360.33179 275.07895,360.33179
;
275.73121,355.08016 275.73121,355.08016 275.2523,349.2081
277.84536,360.30653 275.73121,355.08016 275.73121,355.08016
275.73121,355.08016 275.73121,355.08016 275.73121,355.08016
;
276.0,350.44098 276.0,350.44098 279.06815,346.89592
276.58932,355.36904 276.0,350.44098 276.0,350.44098
276.0,350.44098 276.0,350.44098 276.0,350.44098
;
274.5,347.0 274.5,347.0 275.70936,343.34385
276.96629,350.56228 274.5,347.0 274.5,347.0
274.5,347.0 274.5,347.0 274.5,347.0
;
277.5,347.0 277.5,347.0 278.70936,343.34385
279.96629,350.56228 277.5,347.0 277.5,347.0
277.5,347.0 277.5,347.0 277.5,347.0
;
563.02896,346.03906 563.02896,346.03906 559.46086,341.06087
568.68521,349.59469 563.02896,346.03906 563.02896,346.03906
563.02896,346.03906 563.02896,346.03906 563.02896,346.03906
;
278.5,344.0 278.5,344.0 280.96629,340.43772
279.70936,347.65615 278.5,344.0 278.5,344.0
278.5,344.0 278.5,344.0 278.5,344.0
;
559.64819,339.23977 559.64819,339.23977 553.37222,312.34176
564.54238,337.48878 559.64819,339.23977 559.64819,339.23977
559.64819,339.23977 559.64819,339.23977 559.64819,339.23977
;
555.07895,329.41667 555.07895,329.41667 555.72223,325.56271
556.09337,333.96825 555.07895,329.41667 555.07895,329.41667
555.07895,329.41667 555.07895,329.41667 555.07895,329.41667
;
565.29987,329.33907 565.29987,329.33907 553.57905,324.11363
560.66098,313.46603 568.60026,330.34817 568.60026,330.34817
567.55798,330.66666 567.55798,330.66666 567.55798,330.66666
565.2999,329.33907 565.2999,329.33907 565.2999,329.33907
565.29987,329.33907 565.29987,329.33907 565.29987,329.33907
;
558.6,317.4 558.6,317.4 557.14107,310.32022
562.20142,322.13128 558.6,317.4 558.6,317.4
558.6,317.4 558.6,317.4 558.6,317.4
;
556.01531,315.25 556.01531,315.25 558.93936,307.93774
556.78773,320.4876 556.01531,315.25 556.01531,315.25
556.01531,315.25 556.01531,315.25 556.01531,315.25
;
552.5,305.0 552.5,305.0 553.70936,301.34385
554.96629,308.56228 552.5,305.0 552.5,305.0
552.5,305.0 552.5,305.0 552.5,305.0
;
556.19495,291.5 556.19495,291.5 557.28488,286.7509
556.78138,297.52347 556.19495,291.5 556.19495,291.5
556.19495,291.5 556.19495,291.5 556.19495,291.5
;
282.8125,289.31689 282.8125,289.31689 288.40303,288.45359
281.09313,291.03125 282.8125,289.31689 282.8125,289.31689
282.8125,289.31689 282.8125,289.31689 282.8125,289.31689
;
280.54271,287.0691 280.54271,287.0691 280.26783,281.80792
286.90719,291.57224 280.54271,287.0691 280.54271,287.0691
280.54271,287.0691 280.54271,287.0691 280.54271,287.0691
;
280.45891,281.93347 280.45891,281.93347 279.23726,276.918
283.71373,285.74198 280.45891,281.93347 280.45891,281.93347
280.45891,281.93347 280.45891,281.93347 280.45891,281.93347
;
554.03063,269.5 554.03063,269.5 554.84528,263.91407
557.53492,268.14046 554.03063,269.5 554.03063,269.5
554.03063,269.5 554.03063,269.5 554.03063,269.5
;
278.0,258.5 278.0,258.5 280.03193,253.27024
280.03193,263.72976 278.0,258.5 278.0,258.5
278.0,258.5 278.0,258.5 278.0,258.5
;
558.28601,248.5 558.28601,248.5 559.16608,240.20666
558.90978,258.0451 558.28601,248.5 558.28601,248.5
558.28601,248.5 558.28601,248.5 558.28601,248.5
;
557.0,237.36472 557.0,237.36472 560.19082,230.71039
559.83832,244.68178 557.0,237.36472 557.0,237.36472
557.0,237.36472 557.0,237.36472 557.0,237.36472
;
556.01531,227.30902 556.01531,227.30902 556.91759,220.83227
559.89915,227.23782 556.01531,227.30902 556.01531,227.30902
556.01531,227.30902 556.01531,227.30902 556.01531,227.30902
;
555.71025,213.0 555.71025,213.0 559.88573,205.83398
556.04988,219.60593 555.71025,213.0 555.71025,213.0
555.71025,213.0 555.71025,213.0 555.71025,213.0
;
555.54271,208.0691 555.54271,208.0691 555.90779,203.14394
558.73025,211.39596 555.54271,208.0691 555.54271,208.0691
555.54271,208.0691 555.54271,208.0691 555.54271,208.0691
;
553.07895,205.41667 553.07895,205.41667 553.72223,201.56271
554.09337,209.96825 553.07895,205.41667 553.07895,205.41667
553.07895,205.41667 553.07895,205.41667 553.07895,205.41667
;
558.01531,205.30902 558.01531,205.30902 559.41857,195.14604
561.06836,210.21593 558.01531,205.30902 558.01531,205.30902
558.01531,205.30902 558.01531,205.30902 558.01531,205.30902
;
554.13618,200.83179 554.13618,200.83179 550.56718,194.31983
556.29921,196.12718 554.13618,200.83179 554.13618,200.83179
554.13618,200.83179 554.13618,200.83179 554.13618,200.83179
;
557.01531,199.25 557.01531,199.25 558.40732,191.8546
560.44971,201.54377 557.01531,199.25 557.01531,199.25
557.01531,199.25 557.01531,199.25 557.01531,199.25
;
556.01531,193.25 556.01531,193.25 557.63957,186.0863
557.12831,202.10064 556.01531,193.25 556.01531,193.25
556.01531,193.25 556.01531,193.25 556.01531,193.25
;
293.07895,189.71788 293.07895,189.71788 298.31964,169.68181
296.41393,188.46602 293.07895,189.71788 293.07895,189.71788
293.07895,189.71788 293.07895,189.71788 293.07895,189.71788
;
553.32945,185.20864 553.32945,185.20864 554.89644,166.68713
556.32125,197.69332 553.32945,185.20864 553.32945,185.20864
553.32945,185.20864 553.32945,185.20864 553.32945,185.20864
;
556.5,178.0 556.5,178.0 554.91684,165.72209
559.922,187.95715 556.5,178.0 556.5,178.0
556.5,178.0 556.5,178.0 556.5,178.0
;
556.09019,164.69098 556.09019,164.69098 553.60103,150.63734
558.25287,162.32023 556.09019,164.69098 556.09019,164.69098
556.09019,164.69098 556.09019,164.69098 556.09019,164.69098
;
552.07895,153.41667 552.07895,153.41667 552.72223,149.56271
553.09337,157.96825 552.07895,153.41667 552.07895,153.41667
552.07895,153.41667 552.07895,153.41667 552.07895,153.41667
;
307.0,143.5 307.0,143.5 309.37355,138.25301
307.86541,148.7821 307.0,143.5 307.0,143.5
307.0,143.5 307.0,143.5 307.0,143.5
;
308.09968,137.30902 308.09968,137.30902 310.46202,121.30088
311.33473,141.39746 308.09968,137.30902 308.09968,137.30902
308.09968,137.30902 308.09968,137.30902 308.09968,137.30902
;
310.66667,130.33333 310.66667,130.33333 307.58671,125.80459
315.06649,131.18862 310.66667,130.33333 310.66667,130.33333
310.66667,130.33333 310.66667,130.33333 310.66667,130.33333
;
541.60699,125.41821 541.60699,125.41821 539.17379,113.14818
546.05779,128.56605 541.60699,125.41821 541.60699,125.41821
541.60699,125.41821 541.60699,125.41821 541.60699,125.41821
;
314.63837,117.5 314.63837,117.5 317.01192,112.25301
315.50378,122.7821 314.63837,117.5 314.63837,117.5
314.63837,117.5 314.63837,117.5 314.63837,117.5
;
540.03063,118.5 540.03063,118.5 540.84528,112.91407
543.53492,117.14046 540.03063,118.5 540.03063,118.5
540.03063,118.5 540.03063,118.5 540.03063,118.5
;
529.34508,92.456872 529.34508,92.456872 527.39906,84.94534
534.76037,95.966639 529.34508,92.456872 529.34508,92.456872
529.34508,92.456872 529.34508,92.456872 529.34508,92.456872
;
527.08495,86.158725 527.08495,86.158725 516.12543,59.075401
525.46132,72.017846 527.08495,86.158725 527.08495,86.158725
527.08495,86.158725 527.08495,86.158725 527.08495,86.158725
;
520.65433,78.008903 520.65433,78.008903 517.74444,65.118304
526.32699,88.082979 520.65433,78.008903 520.65433,78.008903
520.65433,78.008903 520.65433,78.008903 520.65433,78.008903
;
516.47301,72.956326 516.47301,72.956326 503.69812,52.164852
523.39582,71.893649 516.47301,72.956326 516.47301,72.956326
516.47301,72.956326 516.47301,72.956326 516.47301,72.956326
;
497.55887,50.468197 497.55887,50.468197 493.36773,44.938441
506.54765,56.279291 497.55887,50.468197 497.55887,50.468197
497.55887,50.468197 497.55887,50.468197 497.55887,50.468197
;
493.0,48.0 493.0,48.0 490.13594,44.383401
498.55842,51.275361 493.0,48.0 493.0,48.0
493.0,48.0 493.0,48.0 493.0,48.0
;
487.61309,41.817021 487.61309,41.817021 491.45079,40.499629
489.8343,44.662699 487.61309,41.817021 487.61309,41.817021
487.61309,41.817021 487.61309,41.817021 487.61309,41.817021
;
491.88158,42.45 491.88158,42.45 485.09543,31.063167
503.42245,43.631794 491.88158,42.45 491.88158,42.45
491.88158,42.45 491.88158,42.45 491.88158,42.45
;
483.05739,39.900469 483.05739,39.900469 448.16267,29.70116
496.54407,40.922299 483.05739,39.900469 483.05739,39.900469
483.05739,39.900469 483.05739,39.900469 483.05739,39.900469
;
463.8125,38.316886 463.8125,38.316886 469.40303,37.453571
462.09317,40.031412 463.8125,38.316886 463.8125,38.316886
463.8125,38.316886 463.8125,38.316886 463.8125,38.316886
;
485.73333,36.875912 485.73333,36.875912 491.10218,33.896533
483.29664,39.949229 485.73333,36.875912 485.73333,36.875912
485.73333,36.875912 485.73333,36.875912 485.73333,36.875912
;
482.8125,35.316886 482.8125,35.316886 488.40303,34.453571
481.09317,37.031412 482.8125,35.316886 482.8125,35.316886
482.8125,35.316886 482.8125,35.316886 482.8125,35.316886
;
386.62691,477.25 386.62691,477.25 383.04767,456.57282
385.52457,464.53767 388.5811,475.0 390.21211,457.25606
382.53093,454.2659 384.0,445.33333 380.4215,456.1755
377.67626,423.91493 379.98175,447.90388 382.40091,456.97787
380.96999,476.05395 386.62691,477.25 386.62691,477.25
386.62691,477.25 386.62691,477.25 386.62691,477.25
;
404.0,477.86738 404.0,477.86738 404.048,458.7829
391.64009,444.29431 394.93838,430.79645 400.84218,444.65126
453.85629,454.12476 449.4561,475.5 439.44572,482.6379
485.52343,454.47674 477.79919,478.69159 500.16377,485.58701
486.90974,443.37233 468.88193,466.24845 439.56687,474.894
477.06789,444.11637 474.98804,457.49258 480.64507,445.8354
467.8894,442.48859 474.37025,416.63766 483.05077,377.32262
461.3586,454.66951 471.30839,444.31268 463.6632,482.04274
431.27021,449.44531 413.40851,440.49925 401.50666,434.11186
395.28542,421.75694 394.46115,427.08004 382.50687,412.70253
363.86294,395.28132 370.50719,417.63562 378.35204,429.08281
378.42466,443.60233 375.42312,418.5 388.00493,428.42118
388.00874,446.36168 390.85167,460.49999 390.22791,451.72514
402.05471,476.55716 398.54813,478.2389 398.54813,478.2389
401.0,478.78093 401.0,478.78093 401.0,478.78093
404.0,477.86737 404.0,477.86737 404.0,477.86737
404.0,477.86738 404.0,477.86738 404.0,477.86738
;
482.39463,472.91721 482.39463,472.91721 478.21834,450.62955
488.39345,481.38437 482.39463,472.91721 482.39463,472.91721
482.39463,472.91721 482.39463,472.91721 482.39463,472.91721
;
485.01531,476.25 485.01531,476.25 487.93936,468.93774
485.78773,481.4876 485.01531,476.25 485.01531,476.25
485.01531,476.25 485.01531,476.25 485.01531,476.25
;
450.0,474.68709 450.0,474.68709 458.2033,466.01519
457.60516,468.66943 450.0,474.68709 450.0,474.68709
450.0,474.68709 450.0,474.68709 450.0,474.68709
;
395.6639,465.16821 395.6639,465.16821 396.84434,458.92082
399.69599,470.73157 395.6639,465.16821 395.6639,465.16821
395.6639,465.16821 395.6639,465.16821 395.6639,465.16821
;
394.55938,462.12477 394.55938,462.12477 395.33085,447.86133
393.37323,457.5558 394.55938,462.12477 394.55938,462.12477
394.55938,462.12477 394.55938,462.12477 394.55938,462.12477
;
485.07895,461.41667 485.07895,461.41667 485.72223,457.56271
486.09337,465.96825 485.07895,461.41667 485.07895,461.41667
485.07895,461.41667 485.07895,461.41667 485.07895,461.41667
;
396.18837,457.25 396.18837,457.25 390.24933,436.60921
402.04043,463.82596 396.18837,457.25 396.18837,457.25
396.18837,457.25 396.18837,457.25 396.18837,457.25
;
475.15789,454.0 475.15789,454.0 476.03301,449.4926
476.03301,458.5074 475.15789,454.0 475.15789,454.0
475.15789,454.0 475.15789,454.0 475.15789,454.0
;
393.0,447.80155 393.0,447.80155 389.96238,435.18365
375.01197,411.95396 388.23491,424.78198 388.25191,430.56869
396.84939,446.65263 393.0,447.80155 393.0,447.80155
393.0,447.80155 393.0,447.80155 393.0,447.80155
;
377.07895,416.41667 377.07895,416.41667 377.72223,412.56271
378.09337,420.96825 377.07895,416.41667 377.07895,416.41667
377.07895,416.41667 377.07895,416.41667 377.07895,416.41667
;
372.116,411.25 372.116,411.25 373.51097,401.49587
375.40051,416.33394 372.116,411.25 372.116,411.25
372.116,411.25 372.116,411.25 372.116,411.25
;
438.0,478.0 438.0,478.0 435.53371,474.43772
436.79064,481.65615 438.0,478.0 438.0,478.0
438.0,478.0 438.0,478.0 438.0,478.0
;
472.73235,478.18658 472.73235,478.18658 465.90654,475.543
464.68229,481.02907 472.73235,478.18658 472.73235,478.18658
472.73235,478.18658 472.73235,478.18658 472.73235,478.18658
;
396.52148,470.18815 396.52148,470.18815 391.72467,472.46892
396.57648,476.93055 396.52148,470.18815 396.52148,470.18815
396.52148,470.18815 396.52148,470.18815 396.52148,470.18815
;
417.57473,470.54663 417.57473,470.54663 412.1532,458.05469
419.17178,483.93903 417.57473,470.54663 417.57473,470.54663
417.57473,470.54663 417.57473,470.54663 417.57473,470.54663
;
378.61346,471.16639 378.61346,471.16639 374.56666,460.24704
369.21626,450.9749 379.26745,460.60485 375.16952,453.86413
365.52539,438.18077 372.92985,435.0 382.91456,453.29154
366.69558,420.69138 369.22048,427.5 368.98208,396.24792
363.2672,467.54532 378.61346,471.16639 378.61346,471.16639
378.61346,471.16639 378.61346,471.16639 378.61346,471.16639
;
486.14048,443.5 486.14048,443.5 482.57861,431.74333
488.76125,474.48063 486.14048,443.5 486.14048,443.5
486.14048,443.5 486.14048,443.5 486.14048,443.5
;
479.66228,449.75 479.66228,449.75 477.91205,450.74942
481.28536,455.25683 479.66228,449.75 479.66228,449.75
479.66228,449.75 479.66228,449.75 479.66228,449.75
;
483.68311,449.8125 483.68311,449.8125 481.96859,448.09319
484.54647,455.40306 483.68311,449.8125 483.68311,449.8125
483.68311,449.8125 483.68311,449.8125 483.68311,449.8125
;
408.13308,444.49879 408.13308,444.49879 396.79092,435.65678
413.65072,455.41149 408.13308,444.49879 408.13308,444.49879
408.13308,444.49879 408.13308,444.49879 408.13308,444.49879
;
396.99516,437.2755 396.99516,437.2755 394.25718,436.22783
399.82658,450.3357 396.99516,437.2755 396.99516,437.2755
396.99516,437.2755 396.99516,437.2755 396.99516,437.2755
;
371.68311,440.8125 371.68311,440.8125 369.96859,439.09319
372.54647,446.40306 371.68311,440.8125 371.68311,440.8125
371.68311,440.8125 371.68311,440.8125 371.68311,440.8125
;
384.69258,438.40552 384.69258,438.40552 385.57732,435.39312
378.18382,444.12762 384.69258,438.40552 384.69258,438.40552
384.69258,438.40552 384.69258,438.40552 384.69258,438.40552
;
482.0,438.44098 482.0,438.44098 478.90842,433.03514
480.22309,445.22805 482.0,438.44098 482.0,438.44098
482.0,438.44098 482.0,438.44098 482.0,438.44098
;
478.68311,437.8125 478.68311,437.8125 476.96859,436.09319
479.54647,443.40306 478.68311,437.8125 478.68311,437.8125
478.68311,437.8125 478.68311,437.8125 478.68311,437.8125
;
474.70726,432.76166 474.70726,432.76166 473.16391,434.57542
476.15982,441.53038 474.70726,432.76166 474.70726,432.76166
474.70726,432.76166 474.70726,432.76166 474.70726,432.76166
;
381.07396,432.54571 381.07396,432.54571 381.66848,426.02155
376.73903,436.65305 381.07396,432.54571 381.07396,432.54571
381.07396,432.54571 381.07396,432.54571 381.07396,432.54571
;
365.59303,425.25 365.59303,425.25 371.34532,396.99893
359.96511,414.04541 365.56143,433.0 365.56143,433.0
365.59303,425.25 365.59303,425.25 365.59303,425.25
365.59303,425.25 365.59303,425.25 365.59303,425.25
;
464.98469,414.19098 464.98469,414.19098 460.70964,411.63967
464.24638,422.98749 464.98469,414.19098 464.98469,414.19098
464.98469,414.19098 464.98469,414.19098 464.98469,414.19098
;
387.68311,410.8125 387.68311,410.8125 385.96859,409.09319
388.54647,416.40306 387.68311,410.8125 387.68311,410.8125
387.68311,410.8125 387.68311,410.8125 387.68311,410.8125
;
386.68311,406.8125 386.68311,406.8125 384.96859,405.09319
387.54647,412.40306 386.68311,406.8125 386.68311,406.8125
386.68311,406.8125 386.68311,406.8125 386.68311,406.8125
;
395.0,406.11078 395.0,406.11078 389.43775,396.05791
390.1317,402.50748 395.0,406.11078 395.0,406.11078
395.0,406.11078 395.0,406.11078 395.0,406.11078
;
366.56955,400.0 366.56955,400.0 369.79717,384.58784
358.58878,405.71014 366.56955,400.0 366.56955,400.0
366.56955,400.0 366.56955,400.0 366.56955,400.0
;
456.96937,400.5 456.96937,400.5 453.46508,401.85954
456.15472,406.08593 456.96937,400.5 456.96937,400.5
456.96937,400.5 456.96937,400.5 456.96937,400.5
;
461.08318,393.28122 461.08318,393.28122 461.88022,376.13738
461.53308,360.34176 459.18492,388.22299 462.11119,390.85811
455.02248,401.98849 461.08318,393.28122 461.08318,393.28122
461.08318,393.28122 461.08318,393.28122 461.08318,393.28122
;
387.12781,392.23881 387.12781,392.23881 378.57471,380.08892
385.43086,396.50096 387.12781,392.23881 387.12781,392.23881
387.12781,392.23881 387.12781,392.23881 387.12781,392.23881
;
396.62356,389.19574 396.62356,389.19574 387.14176,369.08512
398.92284,401.71645 396.62356,389.19574 396.62356,389.19574
396.62356,389.19574 396.62356,389.19574 396.62356,389.19574
;
467.03868,381.78984 467.03868,381.78984 472.44589,368.98953
467.12048,386.01805 464.05148,386.95925 464.05148,386.95925
467.03868,381.78984 467.03868,381.78984 467.03868,381.78984
;
382.35392,378.0269 382.35392,378.0269 375.77708,367.09805
368.58979,323.30677 373.92136,357.49363 370.89267,362.76323
394.57805,404.74327 382.35392,378.0269 382.35392,378.0269
382.35392,378.0269 382.35392,378.0269 382.35392,378.0269
;
252.97104,383.03906 252.97104,383.03906 257.19879,378.19245
245.48845,386.95804 252.97104,383.03906 252.97104,383.03906
252.97104,383.03906 252.97104,383.03906 252.97104,383.03906
;
472.68311,381.8125 472.68311,381.8125 470.96859,380.09319
473.54647,387.40306 472.68311,381.8125 472.68311,381.8125
472.68311,381.8125 472.68311,381.8125 472.68311,381.8125
;
392.0,381.48643 392.0,381.48643 386.03244,366.98561
370.91184,311.4649 380.8567,356.29076 383.10377,364.08686
386.56075,377.4157 392.0,381.48643 392.0,381.48643
392.0,381.48643 392.0,381.48643 392.0,381.48643
;
474.99488,364.45 474.99488,364.45 475.47923,348.62413
465.78243,386.9304 474.99488,364.45016 474.99488,364.45016
474.99488,364.45 474.99488,364.45 474.99488,364.45
;
466.5303,365.19696 466.5303,365.19696 460.92874,366.45459
462.67895,372.14389 466.5303,365.19696 466.5303,365.19696
466.5303,365.19696 466.5303,365.19696 466.5303,365.19696
;
595.0,364.0 595.0,364.0 587.67159,359.80714
597.47946,367.93854 595.0,364.0 595.0,364.0
595.0,364.0 595.0,364.0 595.0,364.0
;
472.56259,359.22925 472.56259,359.22925 466.26526,361.73493
468.87879,366.49273 472.56259,359.22925 472.56259,359.22925
472.56259,359.22925 472.56259,359.22925 472.56259,359.22925
;
480.53974,350.00784 480.53974,350.00784 480.55564,344.11921
472.14138,365.06767 480.53974,350.00784 480.53974,350.00784
480.53974,350.00784 480.53974,350.00784 480.53974,350.00784
;
582.08405,347.16475 582.08405,347.16475 571.88744,331.02036
584.37782,360.02218 582.08405,347.16475 582.08405,347.16475
582.08405,347.16475 582.08405,347.16475 582.08405,347.16475
;
464.31462,342.81081 464.31462,342.81081 489.38476,333.76183
499.92729,320.95578 515.88199,292.65884 525.86173,258.51123
531.69576,221.79484 528.67354,186.16571 526.72391,154.97843
507.60433,127.88314 500.93037,99.0 496.30581,109.7855
506.24644,120.5624 507.62649,134.5 520.22872,158.37975
525.20578,188.42983 526.25669,216.28601 517.11308,253.83967
520.55781,300.28271 485.85696,325.86216 492.75818,320.89715
446.67542,349.6565 464.31462,342.81081 464.31462,342.81081
464.31462,342.81081 464.31462,342.81081 464.31462,342.81081
;
511.43542,137.42585 511.43542,137.42585 507.69134,116.33966
518.63336,156.48395 511.43542,137.42585 511.43542,137.42585
511.43542,137.42585 511.43542,137.42585 511.43542,137.42585
;
401.0,343.66952 401.0,343.66952 375.16863,326.93605
348.40166,304.09975 341.88729,269.74023 334.60296,249.94663
336.07868,214.19499 340.19647,210.74607 347.96729,184.47158
404.5317,208.77208 395.61373,184.66247 385.34099,171.86408
350.40541,182.89157 373.66765,163.57535 376.12781,165.62354
427.25737,166.20563 389.99995,159.83185 361.81389,145.08528
345.83822,194.30042 372.40297,178.97782 341.02751,184.89698
370.45756,183.69373 363.89211,185.96052 326.49814,198.34844
326.21838,238.62323 338.01888,269.639 344.35825,303.05418
369.74696,331.49554 401.0,343.66952 401.0,343.66952
401.0,343.66952 401.0,343.66952 401.0,343.66952
;
362.75,191.70058 362.75,191.70058 353.04794,184.64534
374.71927,196.0824 362.75,191.70058 362.75,191.70058
362.75,191.70058 362.75,191.70058 362.75,191.70058
;
375.75613,191.8834 375.75613,191.8834 379.67787,187.91661
364.16088,180.0252 373.0,182.76481 383.88706,184.20431
395.12368,190.16337 375.75613,191.8834 375.75613,191.8834
375.75613,191.8834 375.75613,191.8834 375.75613,191.8834
;
389.8125,192.31689 389.8125,192.31689 395.40303,191.45359
388.09313,194.03125 389.8125,192.31689 389.8125,192.31689
389.8125,192.31689 389.8125,192.31689 389.8125,192.31689
;
395.10039,188.70452 395.10039,188.70452 391.63683,182.69498
400.82049,195.18969 395.10039,188.70452 395.10039,188.70452
395.10039,188.70452 395.10039,188.70452 395.10039,188.70452
;
368.0,188.94098 368.0,188.94098 370.88022,187.0354
370.3337,192.37577 368.0,188.94098 368.0,188.94098
368.0,188.94098 368.0,188.94098 368.0,188.94098
;
381.8125,179.31689 381.8125,179.31689 387.40303,178.45359
380.09313,181.03125 381.8125,179.31689 381.8125,179.31689
381.8125,179.31689 381.8125,179.31689 381.8125,179.31689
;
483.98469,339.19098 483.98469,339.19098 479.70964,336.63967
483.24638,347.98749 483.98469,339.19098 483.98469,339.19098
483.98469,339.19098 483.98469,339.19098 483.98469,339.19098
;
371.69299,335.26903 371.69299,335.26903 370.03476,336.54893
373.17297,341.85991 371.69299,335.26903 371.69299,335.26903
371.69299,335.26903 371.69299,335.26903 371.69299,335.26903
;
577.0,327.60699 577.0,327.60699 573.98654,324.30795
573.95212,328.96449 577.0,327.60699 577.0,327.60699
577.0,327.60699 577.0,327.60699 577.0,327.60699
;
277.16676,321.00027 277.16676,321.00027 284.32506,313.89322
270.2225,322.47411 277.16676,321.00027 277.16676,321.00027
277.16676,321.00027 277.16676,321.00027 277.16676,321.00027
;
564.68311,316.8125 564.68311,316.8125 562.96859,315.09319
565.54647,322.40306 564.68311,316.8125 564.68311,316.8125
564.68311,316.8125 564.68311,316.8125 564.68311,316.8125
;
566.33222,312.65981 566.33222,312.65981 559.36411,306.68361
568.13965,320.38398 566.33222,312.65981 566.33222,312.65981
566.33222,312.65981 566.33222,312.65981 566.33222,312.65981
;
281.03609,310.36062 281.03609,310.36062 277.99223,309.46212
278.72736,320.60457 281.03609,310.36062 281.03609,310.36062
281.03609,310.36062 281.03609,310.36062 281.03609,310.36062
;
460.0,305.0 460.0,305.0 458.79064,301.34385
457.53371,308.56228 460.0,305.0 460.0,305.0
460.0,305.0 460.0,305.0 460.0,305.0
;
277.0,298.88197 277.0,298.88197 273.5294,297.15811
275.34991,303.5507 277.0,298.88197 277.0,298.88197
277.0,298.88197 277.0,298.88197 277.0,298.88197
;
550.66228,294.75 550.66228,294.75 548.91205,295.74942
552.28536,300.25683 550.66228,294.75 550.66228,294.75
550.66228,294.75 550.66228,294.75 550.66228,294.75
;
396.16355,294.01781 396.16355,294.01781 406.96744,292.09745
442.90357,295.15416 453.25,290.9199 463.65441,294.97617
477.11307,282.02349 451.58382,276.09262 447.45946,273.77963
461.09818,288.12812 441.0,279.9585 419.42249,279.0356
400.42876,274.52131 393.05119,282.3398 378.54717,284.83057
397.25998,300.03872 396.16355,294.01781 396.16355,294.01781
396.16355,294.01781 396.16355,294.01781 396.16355,294.01781
;
422.75,291.33772 422.75,291.33772 420.1805,285.34558
430.61271,292.24613 422.75,291.33772 422.75,291.33772
422.75,291.33772 422.75,291.33772 422.75,291.33772
;
430.52699,291.04367 430.52699,291.04367 423.81148,291.52543
432.56061,274.17251 436.64865,286.41347 436.1796,288.94672
434.14935,294.32665 430.52699,291.04367 430.52699,291.04367
430.52699,291.04367 430.52699,291.04367 430.52699,291.04367
;
407.45888,289.93347 407.45888,289.93347 409.19804,282.59652
416.86705,295.27604 407.45888,289.93347 407.45888,289.93347
407.45888,289.93347 407.45888,289.93347 407.45888,289.93347
;
415.5,290.0 415.5,290.0 412.71104,286.33074
425.88656,292.97617 415.5,290.0 415.5,290.0
415.5,290.0 415.5,290.0 415.5,290.0
;
437.48541,290.15208 437.48541,290.15208 441.28119,271.62451
451.84037,289.29812 437.48541,290.15208 437.48541,290.15208
437.48541,290.15208 437.48541,290.15208 437.48541,290.15208
;
398.25,288.35198 398.25,288.35198 402.61908,282.42801
408.30515,289.51046 398.25,288.35198 398.25,288.35198
398.25,288.35198 398.25,288.35198 398.25,288.35198
;
445.66692,287.57439 445.66692,287.57439 449.35785,278.82215
457.19833,293.30115 445.66692,287.57439 445.66692,287.57439
445.66692,287.57439 445.66692,287.57439 445.66692,287.57439
;
415.48583,284.07292 415.48583,284.07292 428.16015,274.98211
418.49696,292.56405 421.23943,282.8574 418.0308,279.0317
413.91796,291.45625 415.48583,284.07292 415.48583,284.07292
415.48583,284.07292 415.48583,284.07292 415.48583,284.07292
;
456.0,286.0 456.0,286.0 459.90318,282.34687
459.90318,289.65313 456.0,286.0 456.0,286.0
456.0,286.0 456.0,286.0 456.0,286.0
;
409.60829,283.57839 409.60829,283.57839 416.60519,277.00691
409.51049,288.9903 409.60829,283.57839 409.60829,283.57839
409.60829,283.57839 409.60829,283.57839 409.60829,283.57839
;
400.08333,283.73934 400.08333,283.73934 406.83167,275.67092
405.67891,285.22405 400.08333,283.73934 400.08333,283.73934
400.08333,283.73934 400.08333,283.73934 400.08333,283.73934
;
561.81161,278.37935 561.81161,278.37935 568.05336,256.55042
555.57531,278.67888 560.72972,281.72909 560.72972,281.72909
561.81161,278.37938 561.81161,278.37938 561.81161,278.37938
561.81161,278.37935 561.81161,278.37935 561.81161,278.37935
;
405.0,273.0 405.0,273.0 403.79064,269.34385
402.53371,276.56228 405.0,273.0 405.0,273.0
405.0,273.0 405.0,273.0 405.0,273.0
;
283.68311,270.8125 283.68311,270.8125 281.96859,269.09319
284.54647,276.40306 283.68311,270.8125 283.68311,270.8125
283.68311,270.8125 283.68311,270.8125 283.68311,270.8125
;
426.0,272.0 426.0,272.0 416.86695,266.78735
415.09571,273.5208 426.0,272.0 426.0,272.0
426.0,272.0 426.0,272.0 426.0,272.0
;
444.5,272.0 444.5,272.0 440.91171,268.1928
443.25813,275.94236 444.5,272.0 444.5,272.0
444.5,272.0 444.5,272.0 444.5,272.0
;
417.0,271.16052 417.0,271.16052 408.28737,264.90273
404.15552,272.64506 417.0,271.16052 417.0,271.16052
417.0,271.16052 417.0,271.16052 417.0,271.16052
;
437.85047,270.84412 437.85047,270.84412 440.59266,265.60523
418.52311,274.5602 437.85047,270.84412 437.85047,270.84412
437.85047,270.84412 437.85047,270.84412 437.85047,270.84412
;
426.26903,268.34406 426.26903,268.34406 419.60473,266.51995
425.06646,270.16135 426.26903,268.34406 426.26903,268.34406
426.26903,268.34406 426.26903,268.34406 426.26903,268.34406
;
427.0,265.0 427.0,265.0 417.96892,261.53804
426.01712,268.78936 427.0,265.0 427.0,265.0
427.0,265.0 427.0,265.0 427.0,265.0
;
563.72473,255.76791 563.72473,255.76791 562.29654,258.53471
565.11258,268.95284 563.72473,255.76791 563.72473,255.76791
563.72473,255.76791 563.72473,255.76791 563.72473,255.76791
;
469.77083,257.8125 469.77083,257.8125 466.13707,252.56646
466.40869,262.26218 469.77083,257.8125 469.77083,257.8125
469.77083,257.8125 469.77083,257.8125 469.77083,257.8125
;
448.23353,249.08264 448.23353,249.08264 458.66439,237.48167
432.36295,259.80434 448.23353,249.08264 448.23353,249.08264
448.23353,249.08264 448.23353,249.08264 448.23353,249.08264
;
567.68311,248.8125 567.68311,248.8125 565.96859,247.09319
568.54647,254.40306 567.68311,248.8125 567.68311,248.8125
567.68311,248.8125 567.68311,248.8125 567.68311,248.8125
;
571.68311,248.8125 571.68311,248.8125 569.96859,247.09319
572.54647,254.40306 571.68311,248.8125 571.68311,248.8125
571.68311,248.8125 571.68311,248.8125 571.68311,248.8125
;
409.28733,248.8464 409.28733,248.8464 427.70852,239.09798
387.57265,253.70118 401.58175,230.78385 390.99063,215.28523
388.88099,267.90535 398.55634,230.94707 401.04156,236.60308
395.17977,254.4381 409.28733,248.8464 409.28733,248.8464
409.28733,248.8464 409.28733,248.8464 409.28733,248.8464
;
565.09267,245.25 565.09267,245.25 562.91632,236.17442
565.76704,257.67246 565.09267,245.25 565.09267,245.25
565.09267,245.25 565.09267,245.25 565.09267,245.25
;
447.90352,245.58732 447.90352,245.58732 452.44337,223.64217
448.44777,254.00555 437.3674,241.48135 419.36852,244.61238
442.78338,251.09058 447.90352,245.58732 447.90352,245.58732
447.90352,245.58732 447.90352,245.58732 447.90352,245.58732
;
564.68311,236.8125 564.68311,236.8125 562.96859,235.09319
565.54647,242.40306 564.68311,236.8125 564.68311,236.8125
564.68311,236.8125 564.68311,236.8125 564.68311,236.8125
;
428.80963,236.25 428.80963,236.25 424.58609,231.44183
426.85747,242.06332 428.80963,236.25 428.80963,236.25
428.80963,236.25 428.80963,236.25 428.80963,236.25
;
459.66228,234.75 459.66228,234.75 457.91205,235.74942
461.28536,240.25683 459.66228,234.75 459.66228,234.75
459.66228,234.75 459.66228,234.75 459.66228,234.75
;
546.68311,217.8125 546.68311,217.8125 544.96859,216.09319
547.54647,223.40306 546.68311,217.8125 546.68311,217.8125
546.68311,217.8125 546.68311,217.8125 546.68311,217.8125
;
284.78776,208.86329 284.78776,208.86329 282.37029,208.33707
284.3191,215.1017 284.78776,208.86329 284.78776,208.86329
284.78776,208.86329 284.78776,208.86329 284.78776,208.86329
;
365.49292,204.01145 365.49292,204.01145 364.74717,201.67242
361.26082,207.67834 365.49292,204.01145 365.49292,204.01145
365.49292,204.01145 365.49292,204.01145 365.49292,204.01145
;
376.0,204.0 376.0,204.0 369.33943,201.42026
368.21668,207.62061 376.0,204.0 376.0,204.0
376.0,204.0 376.0,204.0 376.0,204.0
;
483.0,202.39301 483.0,202.39301 473.03717,200.38967
474.55824,204.87542 483.0,202.39301 483.0,202.39301
483.0,202.39301 483.0,202.39301 483.0,202.39301
;
370.5,200.0 370.5,200.0 374.55212,196.45298
361.25923,202.74062 370.5,200.0 370.5,200.0
370.5,200.0 370.5,200.0 370.5,200.0
;
543.12207,198.325 543.12207,198.325 539.59556,193.97829
545.13256,205.80212 543.12207,198.325 543.12207,198.325
543.12207,198.325 543.12207,198.325 543.12207,198.325
;
539.68311,193.8125 539.68311,193.8125 537.96859,192.09319
540.54647,199.40306 539.68311,193.8125 539.68311,193.8125
539.68311,193.8125 539.68311,193.8125 539.68311,193.8125
;
491.0,193.0 491.0,193.0 532.07764,184.46479
465.5372,159.30862 454.62358,184.6772 440.83287,200.81808
484.82904,191.94969 491.0,193.0 491.0,193.0
491.0,193.0 491.0,193.0 491.0,193.0
;
455.01531,189.25 455.01531,189.25 456.31232,182.17041
459.39334,192.44846 455.01531,189.25 455.01531,189.25
455.01531,189.25 455.01531,189.25 455.01531,189.25
;
469.38197,188.80902 469.38197,188.80902 465.58515,173.68743
478.58345,189.131 480.29165,179.57953 489.84662,177.96179
474.60669,196.90348 469.38197,188.80902 469.38197,188.80902
469.38197,188.80902 469.38197,188.80902 469.38197,188.80902
;
489.5,188.32802 489.5,188.32802 493.05888,180.61413
478.59376,177.27884 498.99204,184.92557 499.75869,183.509
481.01934,193.95299 489.5,188.32802 489.5,188.32802
489.5,188.32802 489.5,188.32802 489.5,188.32802
;
484.56429,186.70687 484.56429,186.70687 488.06865,182.14335
483.2981,190.86824 484.56429,186.70687 484.56429,186.70687
484.56429,186.70687 484.56429,186.70687 484.56429,186.70687
;
491.5,178.91009 491.5,178.91009 478.66606,172.67591
512.38816,184.5827 491.5,178.91009 491.5,178.91009
491.5,178.91009 491.5,178.91009 491.5,178.91009
;
538.05955,183.85638 538.05955,183.85638 535.33245,173.69521
540.26471,205.41266 538.05955,183.85638 538.05955,183.85638
538.05955,183.85638 538.05955,183.85638 538.05955,183.85638
;
536.69299,187.26903 536.69299,187.26903 535.03476,188.54893
538.17297,193.85991 536.69299,187.26903 536.69299,187.26903
536.69299,187.26903 536.69299,187.26903 536.69299,187.26903
;
541.68311,186.8125 541.68311,186.8125 539.96859,185.09319
542.54647,192.40306 541.68311,186.8125 541.68311,186.8125
541.68311,186.8125 541.68311,186.8125 541.68311,186.8125
;
568.6,186.4 568.6,186.4 564.7111,181.80124
570.13557,193.33047 568.6,186.4 568.6,186.4
568.6,186.4 568.6,186.4 568.6,186.4
;
570.68311,186.8125 570.68311,186.8125 568.96859,185.09319
571.54647,192.40306 570.68311,186.8125 570.68311,186.8125
570.68311,186.8125 570.68311,186.8125 570.68311,186.8125
;
508.98469,185.75 508.98469,185.75 507.80684,180.58174
507.61454,192.69254 508.98469,185.75 508.98469,185.75
508.98469,185.75 508.98469,185.75 508.98469,185.75
;
535.66228,181.75 535.66228,181.75 533.91205,182.74942
537.28536,187.25683 535.66228,181.75 535.66228,181.75
535.66228,181.75 535.66228,181.75 535.66228,181.75
;
373.0,169.88197 373.0,169.88197 369.5294,168.15811
371.34991,174.5507 373.0,169.88197 373.0,169.88197
373.0,169.88197 373.0,169.88197 373.0,169.88197
;
533.0,171.0 533.0,171.0 530.44506,167.41255
530.44506,174.58745 533.0,171.0 533.0,171.0
533.0,171.0 533.0,171.0 533.0,171.0
;
411.45729,167.0691 411.45729,167.0691 411.09221,162.14394
408.26975,170.39596 411.45729,167.0691 411.45729,167.0691
411.45729,167.0691 411.45729,167.0691 411.45729,167.0691
;
514.0,164.03138 514.0,164.03138 503.26038,149.45498
445.47971,159.49171 458.0,162.95201 477.80563,156.36047
495.03091,162.71535 514.0,164.03138 514.0,164.03138
514.0,164.03138 514.0,164.03138 514.0,164.03138
;
493.07389,160.58903 493.07389,160.58903 495.28369,154.7446
506.76242,165.51277 493.07389,160.58903 493.07389,160.58903
493.07389,160.58903 493.07389,160.58903 493.07389,160.58903
;
412.0,163.06809 412.0,163.06809 390.07184,153.14996
383.58344,141.21485 407.50733,125.17153 425.48877,97.082327
372.95185,158.00966 403.09035,122.60931 419.22111,108.24153
409.91116,106.69215 425.11474,94.0 406.42558,132.92429
456.53014,50.345773 429.85168,84.356518 415.89755,103.06965
385.19882,135.93895 379.61852,147.0 378.65811,158.05847
405.04256,158.52617 412.0,163.06809 412.0,163.06809
412.0,163.06809 412.0,163.06809 412.0,163.06809
;
384.0,147.5 384.0,147.5 390.48084,142.57934
381.92903,152.67462 384.0,147.5 384.0,147.5
384.0,147.5 384.0,147.5 384.0,147.5
;
389.5,140.0 389.5,140.0 391.96629,136.43772
390.70936,143.65615 389.5,140.0 389.5,140.0
389.5,140.0 389.5,140.0 389.5,140.0
;
405.60631,124.58356 405.60631,124.58356 410.81885,119.10187
405.35046,129.52784 405.60631,124.58356 405.60631,124.58356
405.60631,124.58356 405.60631,124.58356 405.60631,124.58356
;
489.0,161.0 489.0,161.0 490.64165,157.22321
478.32925,164.7938 489.0,161.0 489.0,161.0
489.0,161.0 489.0,161.0 489.0,161.0
;
509.42246,156.91432 509.42246,156.91432 496.24878,146.27555
475.18771,141.0208 501.58037,154.44178 502.05209,151.99935
514.97205,164.96349 509.42246,156.91432 509.42246,156.91432
509.42246,156.91432 509.42246,156.91432 509.42246,156.91432
;
450.44727,155.95624 450.44727,155.95624 459.76496,150.5623
511.28417,158.37499 479.68789,146.62607 474.06924,141.7547
432.27868,159.8522 450.44727,155.95624 450.44727,155.95624
450.44727,155.95624 450.44727,155.95624 450.44727,155.95624
;
485.73776,153.30832 485.73776,153.30832 471.26044,144.03747
503.21171,155.52973 485.73776,153.30832 485.73776,153.30832
485.73776,153.30832 485.73776,153.30832 485.73776,153.30832
;
559.68933,154.25 559.68933,154.25 558.08083,155.73708
561.24557,161.99545 559.68933,154.25 559.68933,154.25
559.68933,154.25 559.68933,154.25 559.68933,154.25
;
465.08179,157.0 465.08179,157.0 466.91138,152.48731
456.32833,160.71573 465.08179,157.0 465.08179,157.0
465.08179,157.0 465.08179,157.0 465.08179,157.0
;
476.72917,154.39583 476.72917,154.39583 473.04763,153.26171
474.89214,156.13741 476.72917,154.39583 476.72917,154.39583
476.72917,154.39583 476.72917,154.39583 476.72917,154.39583
;
558.79006,145.5008 558.79006,145.5008 556.71877,132.23956
548.41019,139.62612 554.58486,144.42463 554.97127,133.56033
559.79685,160.49649 558.79006,145.5008 558.79006,145.5008
558.79006,145.5008 558.79006,145.5008 558.79006,145.5008
;
553.57122,129.77184 553.57122,129.77184 542.7996,119.54741
561.05988,149.15395 553.57122,129.77184 553.57122,129.77184
553.57122,129.77184 553.57122,129.77184 553.57122,129.77184
;
420.98469,109.69098 420.98469,109.69098 416.27633,108.94792
420.94839,116.76571 420.98469,109.69098 420.98469,109.69098
420.98469,109.69098 420.98469,109.69098 420.98469,109.69098
;
506.27938,108.96034 506.27938,108.96034 503.13465,103.33308
507.30725,115.74456 506.27938,108.96034 506.27938,108.96034
506.27938,108.96034 506.27938,108.96034 506.27938,108.96034
;
496.12409,88.733333 496.12409,88.733333 492.80048,86.145084
499.28622,94.187807 496.12409,88.733333 496.12409,88.733333
496.12409,88.733333 496.12409,88.733333 496.12409,88.733333
;
496.0,86.654988 496.0,86.654988 492.55407,80.07858
490.8132,87.048071 496.0,86.654988 496.0,86.654988
496.0,86.654988 496.0,86.654988 496.0,86.654988
;
339.72259,71.583333 339.72259,71.583333 347.93614,63.596705
328.41408,80.785482 340.35403,67.642671 335.2922,70.606282
331.20746,79.272455 339.72259,71.583333 339.72259,71.583333
339.72259,71.583333 339.72259,71.583333 339.72259,71.583333
;
437.52646,67.193128 437.52646,67.193128 433.17677,68.380957
435.59335,70.023204 437.52646,67.193128 437.52646,67.193128
437.52646,67.193128 437.52646,67.193128 437.52646,67.193128
;
486.0,63.581559 486.0,63.581559 475.67808,54.871508
475.00208,60.686372 486.0,63.581559 486.0,63.581559
486.0,63.581559 486.0,63.581559 486.0,63.581559
;
390.25,33.337719 390.25,33.337719 384.74317,31.714652
389.25058,35.087939 390.25,33.337719 390.25,33.337719
390.25,33.337719 390.25,33.337719 390.25,33.337719
;
447.0,26.0 447.0,26.0 449.47946,22.061451
439.6716,30.192868 447.0,26.0 447.0,26.0
447.0,26.0 447.0,26.0 447.0,26.0
;
442.0,25.0 442.0,25.0 446.38078,18.480569
411.91638,24.02746 437.28512,24.874792 437.36108,24.760827
445.66886,27.395244 442.0,25.0 442.0,25.0
442.0,25.0 442.0,25.0 442.0,25.0
;
437.8125,23.316886 437.8125,23.316886 443.40303,22.453571
436.09317,25.031412 437.8125,23.316886 437.8125,23.316886
437.8125,23.316886 437.8125,23.316886 437.8125,23.316886
;
427.25,21.337719 427.25,21.337719 421.74317,19.714652
426.25058,23.087939 427.25,21.337719 427.25,21.337719
427.25,21.337719 427.25,21.337719 427.25,21.337719
;
