427.0,480.0 427.0,480.0 284.66667,480.0
142.33333,480.0 0.0,480.0 0.0,320.0
0.0,160.0 0.0,0.0 284.66667,0.0
569.33333,0.0 854.0,0.0 854.0,160.0
854.0,320.0 854.0,480.0 711.66667,480.0
569.33333,480.0 427.0,480.0 427.0,480.0
427.0,480.0 427.0,480.0 427.0,480.0
;
132.77477,479.0 132.77477,479.0 140.17375,473.08472
146.08572,462.31083 154.73002,456.03611 176.5137,435.40931
202.79766,419.99 228.0,403.877 227.17559,394.88608
241.08177,393.72462 243.11379,384.0 243.68885,376.79424
248.03512,362.35531 242.88197,358.0 244.80533,347.74658
247.75792,334.89297 244.0309,324.70623 239.26294,314.35371
234.42852,305.58342 233.71298,295.5 235.16567,288.26104
232.60753,274.08914 234.83541,269.0202 235.72223,277.13796
240.47076,269.075 238.5,262.5 230.71411,266.76127
241.73817,251.03556 240.12532,260.95582 241.51185,255.38084
238.96398,246.58131 245.13685,237.82022 243.34297,234.31867
248.19071,231.33991 250.65853,220.04528 255.32751,209.86485
251.93077,208.00988 255.00003,201.16357 253.07371,198.65633
258.07629,194.12315 257.5,189.0 255.46112,184.76514
259.83334,178.14326 260.25432,169.56565 265.83779,156.92124
268.02592,145.01314 273.76512,131.45051 289.85268,93.606213
320.74882,60.021805 361.40826,49.358368 382.41256,43.885363
408.29618,42.256866 426.18829,55.083293 439.66594,66.430347
459.9377,68.002821 469.97942,84.034952 476.92939,91.314762
482.24079,97.742347 485.59627,105.30189 491.99845,122.21475
500.96812,136.87065 500.67968,155.5 506.24024,178.6285
513.55585,201.77174 512.68641,225.68357 514.1021,232.53328
514.03376,245.5358 514.96684,255.81952 514.46393,265.94278
517.38275,277.68375 515.26989,284.91344 513.74533,301.09654
515.10757,317.69913 510.95896,333.5 514.23286,325.12572
514.28856,348.8457 510.90066,336.69934 512.89236,344.25655
511.23695,346.00144 512.26788,355.5 509.65448,367.77461
518.63725,374.69998 528.75128,379.00261 537.74691,385.5884
546.61304,387.78092 555.48889,391.30417 564.30603,400.47906
577.90772,397.54624 587.13289,406.0 597.85306,412.09181
594.0846,430.20583 605.72972,437.26402 617.35401,448.44745
624.56168,463.32435 629.5,478.47268 637.52548,476.80669
622.00134,459.97416 622.6269,452.70859 619.79022,449.61071
609.66897,435.73968 602.44965,429.46733 596.56985,419.2185
597.56772,403.75593 584.01312,400.39258 574.43483,395.54156
562.87408,395.45051 554.80469,387.02177 544.67685,388.71607
540.28512,375.91112 534.54172,377.43538 522.63164,372.95319
525.04786,374.46415 525.79039,369.01146 521.63236,368.31157
520.54561,363.59605 519.47048,353.15367 522.52774,340.22865
521.46083,363.83342 526.68766,352.0833 526.67136,354.86078
518.60506,338.5833 525.00007,336.46859 521.37758,333.4544
529.65647,321.59265 523.93556,324.49997 521.67848,321.13588
523.51164,345.08323 519.55911,332.54782 522.18893,321.52239
518.81534,318.57867 523.00004,313.21395 524.33484,326.65876
523.16326,295.98001 521.1094,306.54274 522.02759,297.43764
520.32224,301.13941 522.51887,294.0 526.38831,291.51174
518.58124,276.24955 525.03844,274.02803 525.06454,272.30407
523.68768,255.03432 525.63636,246.60297 523.99555,243.74483
523.17568,237.37575 522.08662,233.62234 522.07242,215.54971
525.01552,239.78705 526.2365,227.5 532.05956,244.10276
525.46385,220.7643 525.06404,213.68483 522.47641,201.94578
521.65364,189.41008 520.49361,177.59179 524.74203,166.81651
523.25815,162.2445 520.22651,170.97798 517.21161,162.44255
514.53631,155.17137 513.79092,145.29747 512.16953,146.00711
505.54634,132.7239 508.19206,125.23684 504.75188,136.41582
505.84215,116.21873 503.01515,119.07874 498.29182,107.22202
501.5764,112.40418 496.99996,103.38226 492.99335,102.34437
493.39605,102.83769 486.5829,89.480031 480.50293,82.958438
480.32966,86.006811 481.5,78.546687 476.67513,76.274808
452.96036,65.438841 465.53664,64.183902 468.25023,60.69932
443.85497,60.909505 458.5,58.968994 450.70666,54.716696
428.74591,46.33108 431.48858,49.109657 427.11519,53.215074
415.87473,42.604599 407.58383,43.01209 394.79708,43.848893
394.73945,39.137203 390.52152,40.965186 381.4147,41.805931
370.39033,45.07955 360.5,43.088305 369.93611,43.776001
346.89879,50.947703 349.30902,46.90032 351.83819,43.568165
345.41172,44.621333 345.89612,50.977091 346.96803,48.282377
329.61008,56.841675 324.68304,60.691832 317.53132,65.026075
310.39846,72.048577 302.0643,76.003978 308.07014,81.280648
295.68772,86.423556 293.36754,83.183101 281.01019,90.723705
290.3794,97.660296 291.91265,88.93595 299.07658,76.23684
292.92102,96.787833 286.59124,101.95335 282.57301,102.57855
276.78458,118.30068 272.40377,126.14936 264.9914,140.46758
259.08658,155.5107 253.98273,170.52795 250.78943,174.16376
243.49123,197.67658 248.95718,183.91847 257.08121,182.15692
251.00781,194.90063 248.0,198.83643 246.89807,200.34738
254.38226,198.03661 246.78193,206.75527 249.25311,206.55036
238.48076,220.53146 245.15674,222.94776 240.70175,239.23099
241.27892,209.42664 238.98666,228.29063 234.64372,244.32829
237.27845,229.50524 242.23596,231.19071 234.69949,246.6556
230.19059,263.29006 228.05801,280.44464 227.26135,288.52631
233.30942,263.75154 229.95276,285.62418 226.50988,298.11971
228.44851,312.38995 232.31595,323.98265 237.83154,322.73831
233.13888,335.16171 236.85181,335.02803 243.08146,336.88765
241.43089,337.76564 239.1132,347.21736 234.18678,351.25971
244.26457,347.24666 239.33418,362.0 237.78267,367.73727
236.28694,384.15722 236.40423,378.53682 223.44762,386.27564
236.20732,382.2579 227.59916,388.63395 234.25153,381.91485
209.86903,390.99599 224.49994,390.86893 221.06211,385.04664
228.05248,394.36656 219.61683,396.3877 208.21714,407.2884
196.11287,417.45536 183.5,426.93346 199.22514,418.31952
193.73743,422.51519 182.1765,430.86219 185.95113,425.31877
170.93151,433.0564 168.10702,440.87236 153.62142,450.86105
141.00127,464.50445 130.88197,479.0 130.88197,479.0
132.77477,479.0 132.77477,479.0 132.77477,479.0
;
211.42968,409.06606 211.42968,409.06606 202.03621,413.06251
222.16132,397.99042 214.18941,405.5767 216.23058,407.74762
216.7411,405.68883 211.42968,409.06606 211.42968,409.06606
211.42968,409.06606 211.42968,409.06606 211.42968,409.06606
;
519.788,190.0934 519.788,190.0934 518.32701,206.22336
516.63431,167.37426 519.788,190.0934 519.788,190.0934
519.788,190.0934 519.788,190.0934 519.788,190.0934
;
341.17971,477.10086 341.17971,477.10086 342.55946,479.54527
363.38239,480.24636 354.60817,472.47889 346.03426,463.25013
352.19889,458.49037 357.04523,466.27792 364.28975,468.9932
363.69898,470.7385 373.94289,474.57862 388.72739,482.97288
389.27891,477.09316 374.50015,471.85992 361.7602,464.69192
346.57663,458.495 338.15792,446.50004 335.6605,458.24326
339.72092,459.19079 341.62797,471.13162 338.82687,476.18011
336.0726,455.5684 334.00003,470.07041 335.0289,471.00333
340.30507,481.98575 341.17971,477.10086 341.17971,477.10086
341.17971,477.10086 341.17971,477.10086 341.17971,477.10086
;
349.01145,470.49292 349.01145,470.49292 345.24149,462.38802
345.29946,459.63313 343.60904,467.36968 340.35366,456.25771
340.8802,453.38188 347.2713,458.65052 344.62885,464.95213
351.84399,466.44505 349.01145,470.49292 349.01145,470.49292
349.01145,470.49292 349.01145,470.49292 349.01145,470.49292
;
433.75,478.98469 433.75,478.98469 441.35007,480.55718
436.4014,465.4402 439.99367,456.09552 435.86552,466.34426
435.14702,468.81004 436.82168,453.26696 435.98956,448.24503
449.39844,423.4871 442.38259,434.0 433.75726,447.15269
434.85811,464.12631 432.50006,478.23469 430.00026,479.42986
432.71005,478.93679 433.75,478.98469 433.75,478.98469
433.75,478.98469 433.75,478.98469 433.75,478.98469
;
323.10841,476.0 323.10841,476.0 322.67343,464.67119
316.51011,475.9276 321.96937,472.5 322.69085,473.32186
320.61549,476.96513 323.10841,476.0 323.10841,476.0
323.10841,476.0 323.10841,476.0 323.10841,476.0
;
331.57702,476.0 331.57702,476.0 330.70111,466.37215
332.62805,461.96174 328.94738,463.5 327.28427,454.75387
328.78596,475.63542 331.57702,476.0 331.57702,476.0
331.57702,476.0 331.57702,476.0 331.57702,476.0
;
335.4375,462.6632 335.4375,462.6632 335.4315,451.92991
336.42561,450.86498 335.90053,446.5 332.77231,451.80462
329.36844,439.6423 328.09211,439.23158 322.73363,444.58414
329.30159,457.40123 330.5,445.5 332.795,461.86942
330.05817,447.91994 335.0,459.11803 333.31299,458.18269
330.99102,462.61007 335.4375,462.6632 335.4375,462.6632
335.4375,462.6632 335.4375,462.6632 335.4375,462.6632
;
345.77032,452.98469 345.77032,452.98469 342.36749,446.97578
334.9208,439.74413 338.0,439.2499 340.79563,443.41858
341.05393,450.67829 345.77032,452.98469 345.77032,452.98469
345.77032,452.98469 345.77032,452.98469 345.77032,452.98469
;
413.84287,423.59501 413.84287,423.59501 420.3523,415.4706
427.30943,402.62778 429.88499,393.0 440.82507,379.87769
429.06155,385.56793 427.0,396.66942 422.43061,406.86957
417.53821,416.03408 411.68575,425.5 411.68575,425.5
413.15435,424.20305 413.15435,424.20305 413.15435,424.20305
413.84287,423.59501 413.84287,423.59501 413.84287,423.59501
;
561.0,399.95094 561.0,399.95094 557.6278,394.24158
540.37844,383.34632 554.64971,395.62029 556.77005,396.88108
558.72681,399.21717 561.0,399.95094 561.0,399.95094
561.0,399.95094 561.0,399.95094 561.0,399.95094
;
418.11002,382.0 418.11002,382.0 427.61898,379.72263
435.84249,373.35698 441.13647,368.85576 468.76382,345.42752
480.88868,310.06529 488.30047,275.76317 499.20562,250.3798
497.95352,222.61991 492.31067,196.13803 489.25923,176.17602
485.75007,154.6445 477.82639,136.82639 478.89085,139.20204
472.70416,113.28166 467.5,117.9593 468.03928,124.32911
472.98728,122.61438 473.32384,136.48637 476.41145,149.24545
481.05571,161.59655 483.78734,174.5 482.84994,163.35651
493.67765,195.61239 482.68917,184.25153 471.39135,178.10852
458.21759,179.17504 446.32523,179.85976 452.37305,174.00335
436.63171,183.47232 435.16243,183.60039 423.899,186.16704
449.46242,183.68619 454.18909,183.66119 467.87181,182.56294
470.41773,181.86509 464.90226,185.26298 477.95174,182.41331
482.6618,185.26798 471.0,185.96183 484.35516,185.69933
486.27579,193.75424 487.61777,196.069 487.54787,186.72667
491.58244,212.45073 492.15526,218.4097 491.40362,225.97902
491.48792,233.79239 491.9401,247.43863 488.69958,269.1202
480.62681,289.83759 475.04351,311.00205 468.45819,327.4062
461.32637,345.65848 447.88194,356.99993 447.78061,354.45452
435.92776,371.95683 428.56588,374.5485 427.81474,377.95615
410.00975,380.55409 418.11002,382.0 418.11002,382.0
418.11002,382.0 418.11002,382.0 418.11002,382.0
;
366.75,376.9682 366.75,376.9682 369.97373,375.85893
346.00559,360.03239 354.24489,368.0 334.0304,355.69567
315.4096,336.04386 308.39382,312.92692 306.17406,303.90757
302.03668,295.10343 300.03458,285.56841 299.26307,275.81011
304.48601,287.58993 301.59539,270.73893 301.00169,265.87611
294.31205,262.65883 299.97525,253.0 300.35629,247.5368
297.05507,248.72255 305.94626,245.5 305.92236,236.53351
318.33942,241.03043 314.26148,233.65427 320.29201,227.54247
322.28444,225.34083 329.57403,221.53351 334.61633,212.95629
346.05051,214.86205 355.82245,214.02919 363.81925,209.46944
381.25758,220.91629 376.9513,207.5 370.2314,200.36379
362.85622,192.6488 352.11803,194.0 349.97962,182.17908
364.0124,178.02131 373.53265,182.77091 384.20437,185.80294
383.37169,179.90798 374.39516,178.57061 366.33781,177.72407
363.58511,170.86584 356.197,176.62177 350.20497,179.38893
337.68656,196.63165 345.00077,195.37758 338.58398,203.13847
356.6286,198.31369 357.50077,204.00002 367.62806,198.61149
346.32081,220.98426 344.00078,203.00002 335.88535,208.93573
343.04033,208.07489 329.13107,214.06817 334.3782,203.68297
325.69042,214.57655 319.92262,219.43721 312.35416,231.20413
293.68327,239.90028 297.22934,255.74073 292.94673,244.87715
292.55933,257.78004 294.30133,269.70785 295.98489,298.17529
303.38587,327.90317 325.37003,347.67872 336.27136,361.62642
351.6615,369.38588 366.75,376.9682 366.75,376.9682
366.75,376.9682 366.75,376.9682 366.75,376.9682
;
372.83541,209.77967 372.83541,209.77967 368.23346,207.50072
366.17323,198.9545 358.04316,197.4651 352.79583,191.79116
374.51113,205.16952 374.66667,209.41029 377.38798,212.37613
372.40693,207.22711 372.83541,209.77967 372.83541,209.77967
372.83541,209.77967 372.83541,209.77967 372.83541,209.77967
;
532.54011,377.0 532.54011,377.0 534.93102,367.14427
525.33103,371.67654 533.15104,365.5 530.71446,370.06118
541.86473,380.52847 533.10274,365.2224 529.10847,355.60584
531.46542,372.3849 527.50007,373.96937 530.9084,374.17407
531.23809,373.60524 532.54011,377.0 532.54011,377.0
532.54011,377.0 532.54011,377.0 532.54011,377.0
;
400.26862,325.79586 400.26862,325.79586 408.48755,326.75036
418.85673,318.95244 425.0,320.0 413.15368,326.16146
425.87644,322.87834 431.87426,318.0 429.14778,335.34909
443.00556,305.0523 426.56306,306.10203 416.399,310.48013
415.38104,302.36615 403.5,302.99647 394.53483,299.56565
384.88874,302.0961 377.53069,305.42853 376.61026,295.70425
374.36991,306.7084 364.79594,307.92446 353.95054,317.92309
365.47603,318.55221 367.68515,320.88145 369.017,318.22768
383.54297,320.81805 374.00006,309.75511 377.54127,319.87408
368.33171,318.32099 369.71953,311.51893 382.5382,304.99555
381.82649,311.62161 388.78141,314.41557 398.96596,313.89182
403.10483,315.3322 407.12756,313.01533 414.06929,308.13371
427.29988,312.40432 417.61774,317.99997 423.79719,312.11743
414.37358,315.66823 409.79812,317.29896 402.30721,322.63348
390.8274,314.8797 383.89115,320.55273 387.71908,327.71524
393.21744,323.73313 400.26862,325.79586 400.26862,325.79586
400.26862,325.79586 400.26862,325.79586 400.26862,325.79586
;
425.31122,317.0 425.31122,317.0 415.50997,306.18882
434.47002,309.26011 426.83643,317.0 426.83643,317.0
425.31122,317.0 425.31122,317.0 425.31122,317.0
;
408.01595,311.0 408.01595,311.0 386.7775,302.17077
429.42635,304.42461 408.01595,311.0 408.01595,311.0
408.01595,311.0 408.01595,311.0 408.01595,311.0
;
390.82332,308.58971 390.82332,308.58971 383.02771,307.30827
402.86721,298.31289 399.5,309.5 394.62834,313.51537
392.58846,303.45453 390.82332,308.58971 390.82332,308.58971
390.82332,308.58971 390.82332,308.58971 390.82332,308.58971
;
387.03255,270.80825 387.03255,270.80825 402.12203,274.24785
392.49682,256.97945 384.02365,267.88544 374.46026,272.30948
380.55478,241.77682 375.77988,261.98685 376.2474,268.11158
380.78768,272.08045 387.03255,270.80825 387.03255,270.80825
387.03255,270.80825 387.03255,270.80825 387.03255,270.80825
;
419.4032,269.87412 419.4032,269.87412 427.00143,273.93045
434.6964,260.26039 427.5,253.95316 429.77009,265.70874
425.67481,273.34352 418.16823,264.24342 408.67607,264.51476
412.83809,272.3939 419.4032,269.87412 419.4032,269.87412
419.4032,269.87412 419.4032,269.87412 419.4032,269.87412
;
370.5492,268.92105 370.5492,268.92105 364.53458,260.39397
382.35493,250.33852 376.37418,247.00005 371.21594,250.6906
363.20066,264.99801 370.5492,268.92105 370.5492,268.92105
370.5492,268.92105 370.5492,268.92105 370.5492,268.92105
;
531.81381,266.0 531.81381,266.0 533.33263,257.70698
530.33726,246.036 529.5,236.5 522.0894,229.16727
529.10569,249.22075 528.8311,254.94351 527.42871,273.22628
532.5436,241.04405 530.81602,262.41842 531.43938,262.73884
529.93011,266.8219 531.81381,266.0 531.81381,266.0
531.81381,266.0 531.81381,266.0 531.81381,266.0
;
452.68099,220.0 452.68099,220.0 454.25431,217.23563
468.78843,216.78059 475.85714,216.00001 485.04493,212.0518
484.17626,205.75317 474.42233,205.17311 457.99698,197.29477
474.70688,204.47908 478.0,202.97015 463.63496,193.1551
436.36809,194.56952 430.0,212.66838 431.98065,219.15698
448.42024,209.32967 451.97266,219.60005 451.97266,219.60005
452.24394,219.99955 452.24394,219.99955 452.24394,219.99955
452.68099,219.99955 452.68099,219.99955 452.68099,219.99955
452.68099,220.0 452.68099,220.0 452.68099,220.0
;
452.68299,212.16527 452.68299,212.16527 438.24724,212.93225
449.05178,207.85329 445.06164,205.05752 435.88337,201.99025
452.88571,202.95431 455.00017,205.00002 457.99687,196.06252
458.02509,213.5877 452.68299,212.16529 452.68299,212.16529
452.68299,212.16527 452.68299,212.16527 452.68299,212.16527
;
473.73213,210.0 473.73213,210.0 459.48638,205.94248
466.78987,201.61241 476.0,209.44468 476.39293,210.77867
474.58043,209.90724 473.73213,210.0 473.73213,210.0
473.73213,210.0 473.73213,210.0 473.73213,210.0
;
349.0,206.0 349.0,206.0 359.82078,200.61849
338.99658,200.10453 349.0,206.0 349.0,206.0
349.0,206.0 349.0,206.0 349.0,206.0
;
389.0,181.0 389.0,181.0 392.30604,173.51284
375.95546,175.40729 374.0,167.86522 360.10094,170.34617
376.48463,154.27412 380.85454,150.27819 390.1563,140.90139
397.76031,130.0072 404.15296,118.97648 408.57266,116.95951
416.15365,102.40723 423.15113,97.280388 429.40747,88.033422
411.61488,104.73191 409.23932,109.87394 400.1997,119.25153
394.11377,130.47603 386.66124,141.06915 376.98277,142.40524
386.0832,146.99541 372.8005,153.70523 365.22111,160.28271
357.5683,166.40202 367.00004,171.6173 374.87405,176.60992
381.88497,175.68352 389.00004,180.99929 389.00004,180.99929
389.0,181.0 389.0,181.0 389.0,181.0
;
427.87609,179.12391 427.87609,179.12391 436.30393,175.86012
447.34766,175.16296 457.41528,174.23524 472.72272,179.3146
454.89415,171.66066 469.33587,172.43288 477.41398,172.09999
463.21568,180.1222 473.0,178.57439 470.19195,170.92147
480.79702,181.47686 482.89507,179.42453 476.42544,172.77059
469.49751,165.81368 459.66336,169.22004 448.39869,169.66158
432.44309,169.67718 426.0,179.67431 425.30906,182.66868
427.07035,179.74281 427.87609,179.12391 427.87609,179.12391
427.87609,179.12391 427.87609,179.12391 427.87609,179.12391
;
380.73125,157.0 380.73125,157.0 388.63581,153.07557
388.68368,143.14262 384.0,149.30998 385.73971,152.23726
378.67311,156.17262 380.73125,157.0 380.73125,157.0
380.73125,157.0 380.73125,157.0 380.73125,157.0
;
408.83654,122.45 408.83654,122.45 412.33148,115.29946
420.98077,99.000395 411.08521,113.53933 410.51327,114.54873
405.83628,125.18085 408.83654,122.45 408.83654,122.45
408.83654,122.45 408.83654,122.45 408.83654,122.45
;
462.75,114.99368 462.75,114.99368 475.58654,109.04525
451.48288,97.63248 460.74384,103.10586 464.26229,108.42218
463.75667,111.44273 462.75,114.99368 462.75,114.99368
462.75,114.99368 462.75,114.99368 462.75,114.99368
;
280.0,101.0 280.0,101.0 286.1046,102.28861
284.94708,85.255584 279.03052,102.5 279.03052,102.5
280.0,101.0 280.0,101.0 280.0,101.0
;
491.82304,94.510295 491.82304,94.510295 489.66787,89.850803
491.2508,80.883458 487.84698,86.5 489.31053,88.125194
487.95169,95.20958 491.82304,94.510295 491.82304,94.510295
491.82304,94.510295 491.82304,94.510295 491.82304,94.510295
;
427.32142,70.912229 427.32142,70.912229 437.72954,65.361934
422.56432,64.607341 427.32142,70.912229 427.32142,70.912229
427.32142,70.912229 427.32142,70.912229 427.32142,70.912229
;
475.50416,70.666667 475.50416,70.666667 478.06614,62.966406
463.35003,64.032252 475.50416,70.666667 475.50416,70.666667
475.50416,70.666667 475.50416,70.666667 475.50416,70.666667
;
419.16152,43.906462 419.16152,43.906462 423.55756,38.765093
397.49779,33.40517 408.10601,38.797998 399.7615,39.631156
418.53922,43.167795 419.16152,43.906462 419.16152,43.906462
419.16152,43.906462 419.16152,43.906462 419.16152,43.906462
;
