89.467721,480.0 89.467721,480.0 59.645147,480.0
29.822574,480.0 0.0,480.0 0.0,320.0
0.0,160.0 0.0,0.0 284.66667,0.0
569.33333,0.0 854.0,0.0 854.0,160.0
854.0,320.0 854.0,480.0 791.66667,480.0
729.33333,480.0 667.0,480.0 666.70381,469.4642
660.74307,463.06 658.20665,453.80314 653.50894,436.78388
637.46174,426.09248 627.62022,412.59375 626.33317,402.95236
622.71935,392.8578 612.70448,390.44516 603.89187,385.38
592.60966,386.32942 584.5,378.93 574.59366,375.70974
565.14334,372.03947 561.95152,361.93216 559.54991,354.95459
551.22777,347.08469 549.85481,342.81186 544.55231,337.28716
537.8759,320.00595 545.85098,319.0 549.68078,307.72092
539.81365,306.53556 539.59249,298.0834 540.76496,287.19869
544.43471,283.32422 542.1473,271.53704 543.76859,261.08093
539.52345,247.80912 543.71109,239.06052 544.14492,242.96166
542.10109,261.82812 548.0,255.04061 546.24524,247.77751
548.63532,233.97136 542.83643,231.0 535.92443,239.21699
536.55936,218.48818 536.15687,211.21901 538.72729,211.75543
538.67603,232.74745 541.96937,225.5 546.24157,234.82491
540.05825,210.68469 539.73522,205.56184 539.66302,191.01401
533.40185,193.00491 534.2978,185.54241 535.1744,172.71083
533.48396,168.07167 529.4136,175.16667 527.02297,165.96646
529.22511,161.095 523.99993,153.358 533.98378,157.05842
524.90241,149.95022 521.59008,141.39031 518.67024,135.19602
526.99186,141.81911 519.65887,132.95562 517.18392,129.77262
510.75097,116.36028 508.83911,111.59944 507.68452,104.78506
496.03364,99.673178 493.31301,90.286702 490.39834,85.821284
470.11647,78.954709 476.05902,76.0 481.04593,70.55048
459.95725,76.249321 459.5,67.006413 442.64971,67.409381
453.06389,61.862295 440.87479,64.198142 440.94539,60.054333
431.21261,64.723431 433.16204,57.828707 421.58004,50.268418
421.1952,60.771266 413.8618,58.655347 401.93558,63.293655
401.90219,53.526103 396.62711,60.951674 386.01553,62.950786
376.96537,64.441825 366.76269,65.918468 355.92846,68.706951
363.27915,73.916367 350.30634,78.452733 337.89473,89.205687
324.73608,98.149723 313.25,110.24529 314.76233,116.64622
318.95482,116.88096 309.06584,116.12925 305.65461,124.59968
312.87175,126.93596 304.20677,138.04985 297.59641,154.27176
291.06897,169.2697 286.85409,186.29179 294.23212,196.6631
274.42447,195.26311 280.05722,205.0 284.84618,193.36514
288.87776,212.61992 281.44166,211.0054 275.65403,224.67793
276.90865,245.51128 274.24489,256.0 268.97302,267.47759
266.98651,282.15262 267.55057,294.87328 270.25387,304.58515
268.95612,314.60292 273.2,321.8 273.42423,323.47897
268.7985,335.93197 277.5,333.70659 272.88898,337.47078
285.61023,346.78538 279.66344,354.72115 279.25263,361.31007
281.70282,380.07698 272.06277,381.0 270.70137,384.68067
257.4133,395.88558 260.05075,394.08212 258.13628,396.42882
253.15423,403.60371 246.05863,408.5 242.43827,414.987
239.51014,421.89687 230.03414,423.71165 220.60981,431.04266
214.60469,439.92991 205.7929,446.63526 195.0644,456.8357
185.95138,467.16398 178.93544,480.0 149.11287,480.0
119.29029,480.0 89.467721,480.0 89.467721,480.0
89.467721,480.0 89.467721,480.0 89.467721,480.0
;
270.04944,379.17731 270.04944,379.17731 281.24118,368.73491
260.23496,380.65845 270.04944,379.17731 270.04944,379.17731
270.04944,379.17731 270.04944,379.17731 270.04944,379.17731
;
270.84029,256.0 270.84029,256.0 276.4598,244.14923
271.75571,241.70817 270.0,253.99903 271.47912,253.47721
268.71194,257.17681 270.84029,256.0 270.84029,256.0
270.84029,256.0 270.84029,256.0 270.84029,256.0
;
535.25,167.98193 535.25,167.98193 535.99818,159.84397
524.06221,160.56073 535.25,167.98193 535.25,167.98193
535.25,167.98193 535.25,167.98193 535.25,167.98193
;
485.81017,84.0 485.81017,84.0 494.20905,78.417178
476.02168,72.245673 485.48067,82.060903 486.87703,81.765827
483.20837,85.177179 485.81017,84.0 485.81017,84.0
485.81017,84.0 485.81017,84.0 485.81017,84.0
;
467.63211,72.0 467.63211,72.0 475.07357,68.147694
455.992,66.622786 466.38226,72.0 466.38226,72.0
467.63211,72.0 467.63211,72.0 467.63211,72.0
;
274.12244,480.0 274.12244,480.0 244.61828,479.59814
213.50983,480.80057 185.0,479.40437 194.39135,461.61322
209.81394,448.14062 225.83333,435.76715 239.0681,426.9654
253.17149,412.11517 269.5,404.42204 267.38832,395.67806
280.47348,392.19688 282.0,382.77309 284.51932,374.83409
286.11837,367.84164 287.0,361.93723 281.70372,360.14467
289.90979,345.91363 286.4893,336.31624 284.57214,329.49529
280.67565,320.06427 278.0,312.24363 274.19814,307.96532
270.81758,297.90243 277.0,291.06271 278.13607,284.81393
278.82006,274.58236 277.0,271.99994 280.01521,271.8189
277.23021,257.83538 282.26091,250.1681 283.98315,240.54834
285.98376,235.48006 287.87252,225.49994 292.23122,214.94448
287.56055,205.06521 292.52112,195.54073 293.2809,181.03161
301.18747,167.79112 303.63836,153.34382 308.22881,142.74595
312.69194,131.25376 318.24988,122.5 326.36014,110.67315
336.66347,97.567013 346.38512,89.0 362.36459,77.133731
381.48319,67.277829 401.96134,64.952358 417.86781,63.892604
435.08121,64.057205 447.5,75.59727 457.56962,78.160419
465.32853,80.792533 473.89609,86.824438 482.48587,95.921822
492.64137,103.7289 496.1023,114.84011 506.30426,127.51837
511.79439,144.91685 515.41994,160.59219 517.48918,164.31911
520.26435,171.47567 521.67573,184.09389 526.98996,203.27787
526.80773,223.23604 531.15906,242.47913 530.04696,254.45277
534.28743,262.71266 533.38789,273.79451 532.92177,290.12485
532.5102,309.85368 531.80027,324.0 534.32283,334.59745
531.74587,349.72518 536.95427,360.7832 549.77648,367.99222
562.45616,376.26849 575.90563,381.34664 589.74399,394.84574
584.02988,385.12993 582.98097,383.77701 591.85078,389.00662
598.20481,391.5888 607.25388,392.88142 617.92463,395.39707
622.48626,404.58125 623.51048,414.37207 629.62185,426.40719
643.61438,432.97232 649.28838,445.48058 655.26886,455.10989
656.85224,466.52551 662.99968,476.28202 658.96759,484.59261
639.82095,477.78866 629.69009,480.00048 580.12662,480.00048
530.56315,480.00048 480.99968,480.00048 483.60929,464.70125
476.04824,468.41231 468.28034,476.40752 460.03005,482.02993
444.66538,481.77729 457.82187,474.00794 451.61879,473.84529
441.64735,483.51923 434.0,475.21391 420.21135,467.27398
404.21866,463.70224 392.39993,453.27019 389.79975,451.63359
381.40091,445.84227 378.90331,444.78981 367.3762,434.3017
370.81931,448.56386 373.02477,457.87578 366.87727,451.48914
370.27505,471.0394 373.99991,463.88197 376.85397,467.07619
373.77264,474.80561 370.80727,464.87303 363.59302,457.03991
369.04381,483.95864 375.21393,476.24971 375.11553,463.60119
384.59983,487.56476 367.98753,480.00002 364.42835,480.43381
360.36897,465.37292 363.2448,480.00002 333.53741,480.00001
303.82953,480.00005 274.12244,480.0 274.12244,480.0
274.12244,480.0 274.12244,480.0 274.12244,480.0
;
467.4375,472.69371 467.4375,472.69371 468.173,464.17912
472.91767,461.03431 466.5,450.06716 465.47372,443.98207
471.85956,421.19298 465.13352,435.25 462.77058,446.46265
464.27843,458.12502 461.69122,469.33247 468.71964,464.27145
461.906,474.01161 467.4375,472.69371 467.4375,472.69371
467.4375,472.69371 467.4375,472.69371 467.4375,472.69371
;
454.22362,447.0 454.22362,447.0 456.37418,436.16078
449.06963,431.74434 453.21398,447.0 453.21398,447.0
454.22362,447.0 454.22362,447.0 454.22362,447.0
;
363.84501,444.0 363.84501,444.0 376.00656,436.88119
358.60863,436.14313 363.84501,444.0 363.84501,444.0
363.84501,444.0 363.84501,444.0 363.84501,444.0
;
379.23164,434.0 379.23164,434.0 382.27081,424.16942
369.78932,422.42959 378.23002,434.0 378.23002,434.0
379.23164,434.0 379.23164,434.0 379.23164,434.0
;
445.3,416.0 445.3,416.0 452.17976,415.27463
454.88138,393.24542 450.37582,399.36153 452.48806,404.42855
441.84352,415.00772 445.3,416.0 445.3,416.0
445.3,416.0 445.3,416.0 445.3,416.0
;
381.0,403.0 381.0,403.0 387.57175,396.81858
365.72643,383.98794 377.69622,396.66855 381.09602,397.57072
378.7492,402.98038 381.0,403.0 381.0,403.0
381.0,403.0 381.0,403.0 381.0,403.0
;
454.48857,398.0 454.48857,398.0 466.32419,388.13645
452.97405,390.33849 454.48857,398.0 454.48857,398.0
454.48857,398.0 454.48857,398.0 454.48857,398.0
;
452.11374,394.79542 452.11374,394.79542 456.60968,390.68104
461.59766,371.50621 453.83841,384.5 453.63682,386.82159
448.66104,394.93661 452.11374,394.79542 452.11374,394.79542
452.11374,394.79542 452.11374,394.79542 452.11374,394.79542
;
372.11501,388.0 372.11501,388.0 375.24361,381.10639
362.56806,378.76908 371.23002,388.0 371.23002,388.0
372.11501,388.0 372.11501,388.0 372.11501,388.0
;
460.90122,380.0 460.90122,380.0 473.82679,367.76
457.97363,368.76701 460.90122,380.0 460.90122,380.0
460.90122,380.0 460.90122,380.0 460.90122,380.0
;
433.25,364.0 433.25,364.0 443.10972,361.56572
420.95121,359.90475 432.29272,364.0 432.29272,364.0
433.25,364.0 433.25,364.0 433.25,364.0
;
448.96989,362.49455 448.96989,362.49455 454.91437,363.10646
469.67148,348.56663 465.34757,357.6809 471.95818,352.35451
478.28421,341.72927 486.39235,334.97559 508.93553,315.05154
510.41245,284.19695 514.3035,256.56486 522.51564,221.11673
508.12058,186.5749 499.91279,152.65672 493.69472,144.00615
492.82011,131.48833 484.75,123.18365 480.49018,114.44585
473.67018,105.9839 464.0,104.0 466.66073,109.93752
475.37711,112.12557 477.56133,119.0 484.80292,111.6626
474.09138,138.7196 479.65116,130.84563 480.4695,117.69832
489.63892,151.28262 487.52739,143.95579 491.05906,150.00385
495.96308,163.04498 496.8736,169.01365 506.03688,178.54765
504.77926,187.96481 491.47361,177.90491 482.97362,175.78983
469.79044,179.00299 463.85602,176.32742 458.36593,172.93034
485.48698,177.46581 480.75007,173.66228 483.28731,174.27979
494.76497,177.74869 501.27099,179.06251 495.7274,171.69687
486.12822,164.97141 476.25497,167.53631 464.98617,167.1989
458.41116,171.97801 447.30508,175.06165 442.85578,180.84624
450.3024,187.32221 456.39133,185.44143 465.63713,183.58799
477.81567,181.17768 484.25007,183.86391 496.70668,182.43114
502.9841,188.39965 506.00007,198.16258 511.47549,209.64925
510.47459,228.42436 512.16229,243.49936 510.18727,255.29924
507.60104,268.26995 505.92462,277.90132 505.61599,294.30368
498.65123,309.81334 491.80822,322.05408 484.62963,331.79312
475.53483,337.77049 467.9362,347.04068 462.24584,354.90963
451.68412,355.75343 445.00007,360.85769 445.02417,363.11176
447.1376,363.52771 448.96989,362.49455 448.96989,362.49455
448.96989,362.49455 448.96989,362.49455 448.96989,362.49455
;
406.78922,359.0 406.78922,359.0 406.69494,355.1386
393.72658,348.67508 389.0,345.0 389.71211,352.57088
400.41289,356.60137 406.78922,359.0 406.78922,359.0
406.78922,359.0 406.78922,359.0 406.78922,359.0
;
374.75941,352.22177 374.75941,352.22177 367.05613,336.70469
377.38837,348.99984 385.285,348.04833 377.20773,341.03122
362.11542,336.16323 359.12638,326.0 351.47362,322.29287
346.83489,313.32342 346.93973,309.0 341.4141,301.34495
339.85962,293.43528 338.40741,285.30492 342.71018,274.28826
335.7233,273.56187 337.0,263.16667 336.67275,258.67356
344.36029,250.59024 350.99546,246.66739 354.07586,237.61456
360.8172,231.55393 367.07451,224.75737 369.65917,213.33634
385.4466,219.14962 394.45623,214.98588 410.05797,219.5643
403.12817,201.95847 393.39151,199.72595 378.04132,200.13479
387.42984,183.65624 397.72344,186.68085 406.39394,193.44634
415.33965,177.91196 412.71702,189.26092 423.89714,182.19955
404.65814,176.70307 402.00007,172.90573 402.63081,164.48186
402.41146,168.85337 407.69929,163.49802 414.27438,157.07901
415.9005,151.7182 419.00007,144.18564 423.42756,134.3545
419.76157,149.58336 428.83127,133.4999 431.1724,122.55484
438.8566,114.44801 442.5493,105.07956 448.88126,94.443333
429.54092,113.03461 432.1471,112.0 428.12088,122.20074
423.39645,125.36124 418.77034,134.16758 412.84942,144.26043
405.8245,151.77541 400.55213,161.0693 391.65051,164.40401
387.5674,179.39958 395.25205,178.47288 401.95513,181.87552
379.9348,174.74566 380.35763,188.69406 373.77122,196.10884
372.36521,205.47653 378.17565,209.0 381.0958,200.23033
390.42781,215.67187 375.40806,212.0 371.02535,201.31211
363.41173,215.07502 359.51556,220.35583 350.37921,233.77385
336.64708,243.78647 329.0,257.92032 329.26186,284.75242
333.03908,315.38864 356.13546,332.6252 362.0662,338.14236
372.27737,348.50952 374.75941,352.22177 374.75941,352.22177
374.75941,352.22177 374.75941,352.22177 374.75941,352.22177
;
404.29167,312.0 404.29167,312.0 401.33089,301.56548
418.87432,309.2659 427.17927,307.00616 436.03654,304.49047
445.79519,308.19472 456.45801,304.69296 467.72151,304.73426
463.36231,295.83672 472.0,301.57285 469.03203,292.10034
456.4379,296.24427 452.02066,287.64605 455.6418,298.58321
458.8286,295.28358 443.61265,295.21832 432.84192,295.28132
421.56423,294.92319 413.46849,297.05104 406.68793,299.04366
415.14476,288.68432 402.86303,297.53013 387.06253,306.16369
401.66727,300.7509 398.79999,304.6215 403.03607,305.42582
400.46338,311.29552 404.29167,312.0 404.29167,312.0
404.29167,312.0 404.29167,312.0 404.29167,312.0
;
436.0,288.15247 436.0,288.15247 445.84185,286.80355
454.46472,289.211 443.93608,283.96579 433.07124,287.44833
436.8731,281.16975 429.058,285.00286 415.69053,282.93591
418.66866,289.76834 430.5,288.78847 432.33333,288.57647
434.16667,288.36447 436.0,288.15247 436.0,288.15247
436.0,288.15247 436.0,288.15247 436.0,288.15247
;
432.91667,282.0 432.91667,282.0 446.0054,278.39539
421.55092,278.6655 432.91667,282.0 432.91667,282.0
432.91667,282.0 432.91667,282.0 432.91667,282.0
;
411.25,268.90811 411.25,268.90811 407.52631,262.49425
424.92207,269.38029 424.06277,263.99997 429.777,253.01851
408.41498,263.65835 409.30861,259.40258 407.07759,254.04509
408.81806,235.00215 400.16761,246.39069 394.45478,256.48468
398.24557,268.6531 411.25,268.90808 411.25,268.90808
411.25,268.90811 411.25,268.90811 411.25,268.90811
;
404.22766,262.5 404.22766,262.5 395.07249,260.01757
405.65162,244.15391 404.92872,259.23892 405.3835,261.10839
408.80693,263.68821 404.22766,262.5 404.22766,262.5
404.22766,262.5 404.22766,262.5 404.22766,262.5
;
448.40403,268.0 448.40403,268.0 454.95869,264.45446
453.32528,255.34832 455.79042,249.17874 454.67871,237.68969
447.17988,250.26665 452.20035,258.4954 450.21515,257.64075
432.93356,252.75464 438.77352,263.5 449.6563,261.8436
445.77403,263.90505 448.40403,268.0 448.40403,268.0
448.40403,268.0 448.40403,268.0 448.40403,268.0
;
437.40009,254.69997 437.40009,254.69997 443.73999,243.97574
426.70424,251.05966 437.40009,254.69997 437.40009,254.69997
437.40009,254.69997 437.40009,254.69997 437.40009,254.69997
;
477.95081,214.38261 477.95081,214.38261 486.86556,213.19198
495.46509,212.13966 500.85418,207.27246 502.91074,199.49102
489.15351,193.74978 480.71823,194.00843 468.9076,192.43498
454.51256,197.68215 451.05905,208.9222 452.22007,219.59291
463.69493,208.10558 471.5,214.9674 473.65026,214.77249
475.80059,214.57749 477.95081,214.38261 477.95081,214.38261
477.95081,214.38261 477.95081,214.38261 477.95081,214.38261
;
470.11418,208.0 470.11418,208.0 457.78966,201.05779
480.40949,203.82875 471.92258,208.0 471.92258,208.0
470.11418,208.0 470.11418,208.0 470.11418,208.0
;
365.08726,202.0 365.08726,202.0 376.16487,193.48024
354.08499,195.87645 365.08726,202.0 365.08726,202.0
365.08726,202.0 365.08726,202.0 365.08726,202.0
;
361.75639,187.0 361.75639,187.0 372.01221,179.51044
355.13816,177.97635 361.75639,187.0 361.75639,187.0
361.75639,187.0 361.75639,187.0 361.75639,187.0
;
385.45155,165.70337 385.45155,165.70337 398.53604,151.96248
382.92065,159.07175 380.56702,168.0 377.55345,177.02213
383.59317,166.28233 385.45155,165.70337 385.45155,165.70337
385.45155,165.70337 385.45155,165.70337 385.45155,165.70337
;
395.63979,146.82391 395.63979,146.82391 408.3296,138.67139
385.22199,144.97981 395.63979,146.82391 395.63979,146.82391
395.63979,146.82391 395.63979,146.82391 395.63979,146.82391
;
398.0,139.0 398.0,139.0 407.26077,133.77944
398.16471,124.48525 398.0,139.0 398.0,139.0
398.0,139.0 398.0,139.0 398.0,139.0
;
407.62061,129.50417 407.62061,129.50417 409.11407,126.10363
419.5718,112.17867 410.56936,118.23603 402.6039,124.57232
416.32417,117.42844 404.80408,128.87397 405.95239,130.00761
406.19487,133.50228 407.62061,129.50417 407.62061,129.50417
407.62061,129.50417 407.62061,129.50417 407.62061,129.50417
;
458.75,104.93232 458.75,104.93232 467.63912,101.77567
440.90231,100.35203 458.75,104.93232 458.75,104.93232
458.75,104.93232 458.75,104.93232 458.75,104.93232
;
435.87756,102.0 435.87756,102.0 441.42327,98.812384
453.4577,88.39961 439.75,96.534505 438.55521,97.801977
432.22733,100.52097 435.87756,102.0 435.87756,102.0
435.87756,102.0 435.87756,102.0 435.87756,102.0
;
477.79969,96.966731 477.79969,96.966731 481.77822,91.905962
455.10821,83.823107 471.48691,92.851509 475.12756,92.46659
474.66683,97.851939 477.79969,96.966731 477.79969,96.966731
477.79969,96.966731 477.79969,96.966731 477.79969,96.966731
;
439.07756,86.0 439.07756,86.0 449.75551,78.606843
429.07256,80.550702 439.07756,86.0 439.07756,86.0
439.07756,86.0 439.07756,86.0 439.07756,86.0
;
401.0,480.0 401.0,480.0 390.29348,481.81821
396.21788,465.08725 388.48345,459.28855 382.24749,449.58324
396.79692,465.38665 399.83496,463.24188 410.989,468.82807
422.87453,474.39939 434.5,479.87831 426.01474,480.29209
410.74518,480.10887 407.0,478.34501 408.35826,481.9771
402.44331,479.03544 401.0,480.0 401.0,480.0
401.0,480.0 401.0,480.0 401.0,480.0
;
407.87244,473.98469 407.87244,473.98469 419.16439,469.16319
397.70761,467.92377 407.87244,473.98469 407.87244,473.98469
407.87244,473.98469 407.87244,473.98469 407.87244,473.98469
;
380.24131,465.53329 380.24131,465.53329 376.63201,465.65425
377.3096,446.29359 381.00283,462.76416 381.68654,463.83505
380.73283,464.64773 380.24131,465.53329 380.24131,465.53329
380.24131,465.53329 380.24131,465.53329 380.24131,465.53329
;
564.70847,372.0 564.70847,372.0 561.26455,364.73607
547.63715,367.02548 544.73702,355.5 540.10266,338.7125
558.5081,348.76728 553.25542,361.20929 555.30314,358.16833
562.00839,358.70603 564.11113,370.24997 564.11113,370.24997
565.01183,371.99007 565.01183,371.99007 565.01183,371.99007
565.01683,372.00007 565.01683,372.00007 565.01683,372.00007
564.70835,372.00007 564.70835,372.00007 564.70835,372.00007
564.70847,372.0 564.70847,372.0 564.70847,372.0
;
320.5172,109.0 320.5172,109.0 318.53832,103.66819
337.4978,92.529664 325.62853,103.29022 323.89571,105.10295
322.3888,107.49678 320.5172,109.0 320.5172,109.0
320.5172,109.0 320.5172,109.0 320.5172,109.0
;
366.23514,70.570332 366.23514,70.570332 361.02185,66.886305
385.26268,65.811789 366.62126,70.455995 366.62126,70.455995
366.23514,70.570339 366.23514,70.570339 366.23514,70.570339
366.23514,70.570332 366.23514,70.570332 366.23514,70.570332
;
