212.25,479.83996 212.25,479.83996 141.5,479.89331
70.75,479.94665 0.0,480.0 0.0,320.0
0.0,160.0 0.0,0.0 284.66667,0.0
569.33333,0.0 854.0,0.0 854.0,160.0
854.0,320.0 854.0,480.0 710.83333,479.9227
567.66667,479.84533 424.5,479.768 433.90026,474.18212
416.23015,478.33552 417.08163,465.0 414.59673,457.99332
410.02792,440.36039 420.0,452.0 415.51894,443.64156
407.29577,435.75508 405.34531,426.32136 413.11065,436.45624
406.27274,428.70053 416.0,431.75 422.19361,439.34858
424.29266,436.04021 436.59422,442.7818 444.49765,447.87025
464.56782,462.05692 463.92268,458.07732 462.76906,463.98346
451.64095,467.60129 452.79977,475.19736 455.97117,473.56085
459.26069,465.92844 463.50584,465.02438 468.08672,458.99345
481.41799,446.9482 481.69542,460.90046 480.01662,463.70683
471.54735,467.19396 479.7705,471.5 484.80595,466.19363
487.50793,474.53983 486.96695,474.63672 491.38709,487.01948
499.51106,471.96369 495.08185,464.84707 495.69628,463.05908
502.37,479.61021 498.07928,467.05897 500.16712,457.8803
488.72794,455.42063 492.7881,441.72288 492.58099,436.50445
480.72048,449.45727 475.06228,451.08058 458.71014,453.53792
467.24805,451.28064 471.06083,445.0 460.41742,452.51445
455.98757,448.74322 445.89879,443.08808 436.26176,439.81128
424.02446,432.7225 413.16532,426.7402 410.48775,419.83142
398.65177,422.17674 399.3262,410.12242 390.10918,394.42096
403.17423,421.86793 395.6905,413.75 386.62245,394.24719
393.99469,427.83657 390.53055,415.6206 381.3059,396.31304
393.9837,430.49426 387.0,426.78602 392.41541,431.22112
392.32154,443.03295 400.36913,447.45078 406.35639,455.98942
407.13835,465.8584 401.58483,453.60048 395.2856,438.14149
395.4953,450.63009 401.48004,458.98343 404.90753,467.77553
406.21107,475.04798 413.78784,479.0 422.81241,476.78446
425.02047,481.54706 406.86629,479.69323 341.99419,479.74213
277.1221,479.79103 212.25,479.83996 212.25,479.83996
212.25,479.83996 212.25,479.83996 212.25,479.83996
;
208.97178,479.0 208.97178,479.0 215.29916,471.962
216.5983,457.60585 223.12122,448.60312 238.03548,420.37755
265.32321,402.15016 290.79024,384.28349 300.61025,380.99313
305.89716,373.24553 311.36626,367.95163 314.3306,345.08834
314.43947,321.55625 313.66667,298.52381 312.28217,290.51942
310.07921,290.85697 306.13514,279.28136 303.53029,269.18534
307.15094,258.78495 306.5,248.5 312.56069,246.76183
306.498,233.23366 313.97773,227.69098 309.45192,227.14902
318.5122,214.1144 318.85109,208.19591 325.48566,194.86122
322.37203,177.03638 328.84265,164.93828 335.13303,133.26881
350.96039,102.66588 376.00072,81.544156 378.71179,81.135883
388.20359,72.321591 396.5,69.736926 418.63327,59.2612
448.80114,53.473748 468.91422,70.716061 494.72594,73.440982
512.36137,94.90709 521.81494,117.46485 525.52725,128.45648
528.30723,129.68324 531.94611,142.28346 536.67287,151.53011
535.54348,162.13737 539.20101,171.33431 542.25459,183.62663
540.37232,181.36284 542.46455,194.28489 544.12334,218.06068
547.25826,241.33737 547.28934,265.29302 548.56006,276.96572
546.67075,290.33237 547.08032,300.83333 545.21154,305.91847
547.08932,317.84395 548.73599,325.91019 547.14784,334.49924
552.92523,342.58497 561.88199,346.04054 572.56065,352.1879
584.04774,360.25658 595.32366,363.30002 594.80389,368.00487
612.90769,377.01791 598.50009,364.97789 608.57062,370.64869
618.77403,374.31879 629.65803,377.93675 643.96676,379.84238
633.95506,396.38034 644.47126,401.84315 665.56145,419.46003
679.40942,445.7865 678.03106,473.62296 682.70005,489.50314
682.40076,463.56198 681.30303,457.46288 675.84822,438.29697
670.006,418.67083 653.64323,405.59044 643.27201,399.74634
643.16573,389.11756 640.36462,379.25 633.50405,372.9707
620.90573,371.66711 612.7004,367.42194 604.33875,359.623
586.37211,358.30951 576.5525,349.45093 572.39716,342.93237
571.45222,350.71065 567.16676,340.0 561.59177,340.59832
554.08072,335.68072 557.44331,329.31439 558.15745,334.23989
573.38183,344.53086 566.62806,333.90325 559.73385,329.32058
554.46986,312.58975 561.00014,323.9593 567.66933,330.95099
561.47452,317.81863 561.90083,312.0 557.26123,320.01732
553.20193,316.62891 554.14076,303.89175 557.00563,320.66909
560.43843,298.47798 554.0,293.83333 556.84785,283.82488
550.25815,278.17274 558.49134,279.21705 561.43828,273.26981
545.90775,271.4061 559.11928,269.74024 563.49879,279.51142
563.74855,262.00731 556.24997,267.34168 555.57796,264.27503
555.42256,246.89682 557.49997,250.00002 564.57457,258.11515
559.43111,236.1048 559.14161,229.70983 556.61429,218.91207
558.54907,205.23586 553.99997,196.88199 551.0777,197.50974
557.05257,183.73269 551.37747,183.2625 552.90319,175.17555
556.89027,196.62283 554.91303,176.84663 550.70305,170.19126
545.57495,175.60836 547.97433,167.17941 543.25628,161.68942
551.70608,152.73213 542.93555,159.0 543.83962,153.74964
535.55062,139.60459 543.98791,139.0 544.93525,147.58309
541.93717,129.25667 536.11664,125.31036 533.85242,115.03755
534.54533,119.9716 530.35717,109.71428 528.84017,104.00872
524.59818,94.150686 517.06277,90.0 519.62182,95.227811
507.53087,80.264551 504.01205,75.24847 495.47579,72.803456
516.3891,77.578336 499.24827,69.450073 491.26298,62.531137
478.03433,61.565082 467.0,60.391282 463.38933,60.851866
454.14117,55.108558 448.56397,51.845015 436.98732,48.804925
447.52289,62.022485 435.83333,53.0 432.61141,58.156933
418.99033,51.528012 417.58628,57.892275 407.3072,60.279069
397.71065,64.981291 387.79669,66.027797 386.88805,72.756227
370.34937,75.05431 368.40436,82.481571 357.53065,89.60884
346.02232,99.03344 341.0,111.0 348.4274,113.54157
334.64284,126.68359 334.03197,133.52777 328.6441,142.97536
323.67113,151.83641 323.36502,160.89445 322.29237,175.01181
320.61517,175.42774 316.74477,180.43182 318.47399,187.25527
319.92425,192.81636 314.07087,197.5 317.83311,196.99146
312.22139,212.08248 311.04792,219.47043 307.96218,201.93473
307.88904,230.86531 304.68502,227.68726 306.51541,239.30013
300.17427,251.28161 300.1539,263.36204 297.77032,276.15841
299.45999,289.34617 302.36907,301.92891 316.89279,304.78249
303.83767,308.80835 311.0,316.55902 307.12042,315.00144
310.9277,344.0465 307.28029,329.79298 305.5174,322.39585
299.0436,325.35389 305.47525,333.0 310.58539,339.65537
305.67397,335.69886 307.27077,344.53616 303.45865,352.22621
306.31765,355.65985 301.0,358.95616 305.08012,368.41214
294.69471,366.73532 292.97299,370.91898 285.62068,384.58121
268.05121,393.01568 256.69548,404.68989 247.67833,409.21921
238.13955,421.51903 230.31504,430.37089 220.51797,444.64628
211.45673,460.09071 208.13735,475.62408 208.47992,476.70168
205.11085,480.52771 208.97178,479.0 208.97178,479.0
208.97178,479.0 208.97178,479.0 208.97178,479.0
;
351.5,101.40804 351.5,101.40804 342.42404,105.79908
370.33234,80.157647 358.62846,92.994118 355.31185,95.484669
354.62214,99.493244 351.5,101.40804 351.5,101.40804
351.5,101.40804 351.5,101.40804 351.5,101.40804
;
393.4534,479.0 393.4534,479.0 403.72414,467.88691
392.70645,483.80977 392.40231,470.54065 387.80834,460.35768
388.57255,479.52625 393.4534,479.0 393.4534,479.0
393.4534,479.0 393.4534,479.0 393.4534,479.0
;
478.65909,479.0 478.65909,479.0 486.66351,474.59612
471.67198,470.54773 478.65909,479.0 478.65909,479.0
478.65909,479.0 478.65909,479.0 478.65909,479.0
;
436.75,462.92954 436.75,462.92954 439.05418,463.54382
420.3428,448.20841 421.0,454.89822 425.55192,458.87169
430.69827,462.04889 436.75,462.92954 436.75,462.92954
436.75,462.92954 436.75,462.92954 436.75,462.92954
;
392.15829,461.0 392.15829,461.0 395.15508,451.54027
383.63369,446.84593 392.15829,461.0 392.15829,461.0
392.15829,461.0 392.15829,461.0 392.15829,461.0
;
476.81966,446.0 476.81966,446.0 483.18111,440.20811
485.15255,436.29135 487.35688,430.27169 478.52641,429.81236
478.69179,416.9247 481.94639,407.57336 482.87498,401.14964
488.33937,387.97403 481.98539,399.85989 476.96278,410.36674
477.30495,426.21012 474.60842,434.42186 470.24038,442.54999
483.58148,438.76242 475.00003,444.33333 475.00003,444.33333
475.00003,446.0 475.00003,446.0 475.00003,446.0
476.81966,446.0 476.81966,446.0 476.81966,446.0
;
386.25,435.96115 386.25,435.96115 384.13333,427.50004
391.45572,421.60006 381.0,422.0 380.20549,426.96552
383.43382,432.75482 386.25,435.96115 386.25,435.96115
386.25,435.96115 386.25,435.96115 386.25,435.96115
;
378.15829,407.0 378.15829,407.0 383.48709,403.92625
377.94114,402.65698 378.76677,395.0 371.49171,392.30519
376.22349,405.58316 378.15829,407.0 378.15829,407.0
378.15829,407.0 378.15829,407.0 378.15829,407.0
;
462.05623,376.0 462.05623,376.0 466.71545,366.18552
473.55486,359.62682 469.5,375.31108 477.56845,376.32227
471.58197,351.85092 466.98927,363.43617 465.93162,367.02677
458.30483,373.53656 462.05623,376.0 462.05623,376.0
462.05623,376.0 462.05623,376.0 462.05623,376.0
;
393.09878,370.0 393.09878,370.0 393.98262,361.78516
383.02815,358.08801 392.09005,369.81779 392.09005,369.81779
392.19755,370.0 392.19755,370.0 392.19755,370.0
393.09878,370.0 393.09878,370.0 393.09878,370.0
;
455.72288,345.52417 455.72288,345.52417 465.16766,342.09113
473.04205,339.6564 479.33652,334.56541 486.96128,325.46289
479.90973,347.83149 487.13208,329.08729 500.31511,314.11576
512.57978,296.98782 516.33708,277.02779 521.36875,275.33138
515.60828,261.32363 520.77385,251.69118 534.70101,216.57185
522.96699,178.33834 510.83223,144.5 505.20945,137.72362
504.65016,128.816 502.58333,122.0 496.21407,128.27736
503.94931,140.22621 505.0,147.90589 507.02048,157.87803
513.55517,164.65988 515.48727,174.45169 517.25119,194.52369
525.71872,214.36832 520.48823,234.4548 517.31923,248.41806
511.09064,260.76641 511.22809,275.34976 507.00668,299.35133
492.40695,321.32318 472.63887,335.39333 477.37265,327.11323
444.60185,354.06737 451.5555,345.09027 451.91638,347.56324
454.40601,345.21798 455.72288,345.52417 455.72288,345.52417
455.72288,345.52417 455.72288,345.52417 455.72288,345.52417
;
411.25,343.96533 411.25,343.96533 414.40597,339.81443
395.30498,336.00359 393.5,330.39455 377.88708,320.86815
368.28465,304.81148 362.81197,288.1602 356.19567,275.09532
357.09245,257.79115 353.02318,245.48567 352.74694,235.91961
353.21474,239.61767 356.60795,239.25 359.44372,246.19082
357.65792,241.46683 363.0,233.96255 373.84382,221.67259
360.55567,231.82578 370.079,220.63499 372.89771,224.50098
377.05374,204.82001 385.36858,207.87963 393.25182,203.94461
406.24398,204.9588 411.47326,204.08429 413.92809,194.60239
400.80984,189.24141 396.00001,185.45061 399.7582,176.09593
398.93455,179.73599 407.1283,177.40919 417.96869,180.91257
423.74551,175.14453 409.72829,173.19662 397.46671,173.28452
397.80833,168.14852 391.00572,179.82156 383.25173,190.99202
389.21504,185.80799 390.60705,193.41821 404.866,196.9831
385.98245,204.08545 391.13916,199.0 386.86194,192.3148
388.2416,197.20674 379.51008,196.84841 383.70244,202.98657
370.10409,203.74982 366.72716,213.90804 362.26778,223.16286
350.33747,228.92099 349.00006,238.66225 344.2648,244.36858
351.36907,259.17147 352.0171,268.31895 357.03233,301.45072
378.67425,333.496 411.25,343.96533 411.25,343.96533
411.25,343.96533 411.25,343.96533 411.25,343.96533
;
299.41821,324.0 299.41821,324.0 309.81138,322.61775
294.94871,313.32088 299.41821,324.0 299.41821,324.0
299.41821,324.0 299.41821,324.0 299.41821,324.0
;
287.88337,323.0 287.88337,323.0 297.51983,317.09081
281.07275,315.35882 287.72604,323.0 287.72604,323.0
287.88337,323.0 287.88337,323.0 287.88337,323.0
;
306.0,323.0 306.0,323.0 313.4602,319.24466
306.0537,308.11161 301.07609,313.51465 291.46358,321.79457
314.28565,309.94227 304.00004,320.90082 304.24234,322.05012
303.06637,324.52943 306.0,323.0 306.0,323.0
306.0,323.0 306.0,323.0 306.0,323.0
;
433.0,297.87512 433.0,297.87512 441.24007,297.41691
456.51774,296.96417 450.0,288.0 453.55703,299.00553
468.78979,293.40994 455.22235,288.2576 447.00163,281.04695
438.78721,288.94905 432.66455,284.06256 424.17428,281.97583
414.35074,283.14945 414.70153,293.18129 415.08588,296.52301
428.19629,297.59628 433.0,297.87512 433.0,297.87512
433.0,297.87512 433.0,297.87512 433.0,297.87512
;
433.5,292.90423 433.5,292.90423 416.9132,292.52218
415.95647,287.1852 433.5422,289.72455 450.81484,287.44383
449.13604,293.2804 433.5,292.90423 433.5,292.90423
433.5,292.90423 433.5,292.90423 433.5,292.90423
;
409.54506,294.34434 409.54506,294.34434 415.28263,283.68453
399.84385,292.59764 409.54506,294.34434 409.54506,294.34434
409.54506,294.34434 409.54506,294.34434 409.54506,294.34434
;
408.56842,287.82332 408.56842,287.82332 422.37998,277.44176
403.27877,282.70334 408.56842,287.82332 408.56842,287.82332
408.56842,287.82332 408.56842,287.82332 408.56842,287.82332
;
457.25,287.94467 457.25,287.94467 459.02788,280.35636
446.63129,280.68821 457.25,287.94464 457.25,287.94464
457.25,287.94467 457.25,287.94467 457.25,287.94467
;
434.95505,276.54531 434.95505,276.54531 452.62133,272.57276
434.87015,275.15762 433.21398,272.0 426.18854,273.47354
415.23487,274.39393 431.45681,276.72205 431.45681,276.72205
433.41361,276.62315 433.41361,276.62315 433.41361,276.62315
434.95505,276.54531 434.95505,276.54531 434.95505,276.54531
;
564.25,265.98469 564.25,265.98469 568.61995,259.3882
558.43217,248.01482 560.98124,261.69759 560.50343,263.9345
562.05863,265.91585 564.25,265.98469 564.25,265.98469
564.25,265.98469 564.25,265.98469 564.25,265.98469
;
413.25,256.99503 413.25,256.99503 414.3223,249.32042
399.73661,251.2457 413.25,256.99503 413.25,256.99503
413.25,256.99503 413.25,256.99503 413.25,256.99503
;
419.24365,254.61996 419.24365,254.61996 438.29559,256.01091
414.0078,237.27304 416.02877,252.5 407.96592,246.34689
416.73753,229.50866 407.54727,235.8147 411.16927,237.51497
407.34866,246.70478 412.06778,252.55769 413.50593,255.69284
416.56466,254.36078 419.24365,254.61996 419.24365,254.61996
419.24365,254.61996 419.24365,254.61996 419.24365,254.61996
;
447.85995,253.64614 447.85995,253.64614 462.59434,258.47519
450.05395,226.62978 451.57661,249.15273 451.02646,247.94539
431.70902,244.88542 438.01534,250.87248 440.45334,254.98258
443.73454,253.66367 447.85995,253.64614 447.85995,253.64614
447.85995,253.64614 447.85995,253.64614 447.85995,253.64614
;
436.05968,244.0 436.05968,244.0 444.12437,236.31564
427.28514,237.79068 436.05968,244.0 436.05968,244.0
436.05968,244.0 436.05968,244.0 436.05968,244.0
;
536.0,210.5 536.0,210.5 540.25952,200.06962
527.34292,197.03216 533.81348,204.99724 531.32575,210.53937
535.1928,208.02005 536.0,210.5 536.0,210.5
536.0,210.5 536.0,210.5 536.0,210.5
;
482.0,207.8856 482.0,207.8856 491.64283,207.9209
500.94007,202.69978 507.53203,200.65067 510.38932,195.0139
503.31196,199.27443 498.63981,189.63338 485.19311,183.22757
464.92363,184.93578 458.80074,198.02703 450.72301,210.16411
469.88107,200.5884 475.85845,206.57901 477.89771,207.23867
479.78338,208.17948 482.0,207.8856 482.0,207.8856
482.0,207.8856 482.0,207.8856 482.0,207.8856
;
477.46473,201.0 477.46473,201.0 469.12538,194.45235
484.51759,200.79267 483.1706,193.0 486.04336,194.77705
481.61137,203.01277 477.46473,201.0 477.46473,201.0
477.46473,201.0 477.46473,201.0 477.46473,201.0
;
512.40499,180.92105 512.40499,180.92105 510.11996,174.74786
495.26492,174.6282 492.65137,164.99995 495.95701,165.73187
510.59712,178.88478 510.1095,173.52742 502.77289,167.56582
494.49768,160.0039 484.15054,162.17741 474.0387,163.01749
461.32842,163.78181 453.49082,169.6543 450.85139,174.20335
459.88492,172.2531 463.9017,169.5819 476.70234,174.26007
444.93573,174.63078 461.5,177.08067 468.31664,177.96525
489.12547,171.93491 487.75,176.40489 489.08026,176.92286
511.34372,181.58205 508.98754,179.82915 510.14301,180.12491
511.14979,181.04207 512.40499,180.92106 512.40499,180.92106
512.40499,180.92105 512.40499,180.92105 512.40499,180.92105
;
471.87756,173.0 471.87756,173.0 469.1927,169.13811
466.51205,168.8196 477.5501,168.73005 488.00694,166.43752
488.67392,174.16377 474.0,171.10974 473.79877,172.56066
474.88158,174.17981 471.87756,173.0 471.87756,173.0
471.87756,173.0 471.87756,173.0 471.87756,173.0
;
421.45061,180.0 421.45061,180.0 430.6629,167.88561
414.41139,175.13942 421.45061,180.0 421.45061,180.0
421.45061,180.0 421.45061,180.0 421.45061,180.0
;
418.69098,173.92105 418.69098,173.92105 425.38823,169.47878
402.23858,169.46209 413.73432,160.96867 409.82772,156.42759
414.24702,161.32239 420.96972,151.43388 429.17296,142.24382
419.68214,148.07599 430.39681,135.34776 437.97279,130.87999
442.32297,121.65375 445.48899,114.00909 447.39092,109.17911
462.09134,90.132279 448.21414,104.15367 439.04517,115.50879
429.88279,127.08087 422.8042,139.99698 418.75618,139.57597
412.10653,155.14424 406.67581,157.34243 399.75161,163.29387
399.75712,170.14569 411.50044,171.69335 413.85507,172.44968
416.18863,173.82213 418.69098,173.92105 418.69098,173.92105
418.69098,173.92105 418.69098,173.92105 418.69098,173.92105
;
552.83856,167.35379 552.83856,167.35379 551.76339,150.48847
542.5029,169.10262 552.83856,167.35379 552.83856,167.35379
552.83856,167.35379 552.83856,167.35379 552.83856,167.35379
;
391.87264,162.0 391.87264,162.0 397.04209,161.11612
407.48178,142.32986 398.64353,151.80044 395.22221,156.73123
395.46958,149.28508 391.87264,162.0 391.87264,162.0
391.87264,162.0 391.87264,162.0 391.87264,162.0
;
408.74503,138.1503 408.74503,138.1503 416.94173,125.21345
396.66263,140.19757 407.76648,139.30557 407.76648,139.30557
408.7451,138.1503 408.7451,138.1503 408.7451,138.1503
408.74503,138.1503 408.74503,138.1503 408.74503,138.1503
;
416.9225,126.86714 416.9225,126.86714 425.31324,117.65773
426.45808,109.98335 416.71194,123.64674 413.60839,123.73404
416.25429,131.3155 416.9225,126.86714 416.9225,126.86714
416.9225,126.86714 416.9225,126.86714 416.9225,126.86714
;
415.58062,474.0 415.58062,474.0 405.21903,464.79503
405.39929,456.80201 414.53279,471.06341 413.37733,471.12641
417.54438,474.42902 415.58062,474.0 415.58062,474.0
415.58062,474.0 415.58062,474.0 415.58062,474.0
;
488.71367,453.20826 488.71367,453.20826 485.60401,449.69559
493.73746,438.19456 492.00003,454.24489 491.00241,454.26579
488.80132,449.77849 488.71367,453.20826 488.71367,453.20826
488.71367,453.20826 488.71367,453.20826 488.71367,453.20826
;
399.45037,437.0 399.45037,437.0 393.1404,432.40773
398.92386,426.97635 393.00009,423.0 396.11813,415.28866
396.87249,421.5753 399.48571,433.45321 399.35565,434.44125
400.24171,436.69777 399.45041,437.0 399.45041,437.0
399.45037,437.0 399.45037,437.0 399.45037,437.0
;
