243.38295,296.41172 243.38295,296.41172 164.67278,296.01587
85.895419,297.20179 7.2253291,295.71569 6.5675891,291.10789
-3.1651209,290.89916 1.0589391,277.23337 1.0589391,159.76414
1.0589391,42.294907 1.0589391,-75.174333 11.453679,-93.451273
36.344589,-80.718623 53.531389,-84.498853 260.98057,-84.664393
468.42989,-84.555053 675.87914,-84.585253 671.80221,-76.469393
671.29415,-77.600893 671.77761,-69.417283 683.6071,-100.06098
676.06357,-42.851643 678.34308,-32.289523 678.42928,67.043007
678.37838,166.3756 678.39218,265.70816 667.36408,271.98494
666.2398,249.61948 666.79401,268.07179 666.14608,270.44944
672.42043,285.69395 672.39494,269.01233 684.02695,266.12991
675.97553,284.5246 678.40807,291.57067 665.60196,279.04729
682.79246,300.76712 669.03641,296.41325 527.14449,296.33895
385.27657,296.28298 243.38294,296.41125 243.38294,296.41125
243.38295,296.41172 243.38295,296.41172 243.38295,296.41172
;
377.94175,295.70563 377.94175,295.70563 379.01305,291.63241
376.02121,294.31668 377.94175,295.70563 377.94175,295.70563
377.94175,295.70563 377.94175,295.70563 377.94175,295.70563
;
305.93917,295.35494 305.93917,295.35494 305.77079,283.15679
305.55845,290.80716 309.38674,287.24105 321.85693,291.68478
317.1081,280.05604 313.0909,286.15598 301.96253,284.93382
290.37731,281.43582 283.69075,275.18167 282.91629,274.3535
276.49908,267.6795 274.10896,263.92462 271.86052,259.44797
269.39281,254.89456 266.19563,251.08147 261.83854,245.58776
258.9712,238.62095 255.76451,235.13037 251.75639,228.19059
245.7993,219.18383 243.14526,210.48017 239.69574,203.95509
239.59622,195.72732 236.94325,189.70742 235.16312,176.78089
231.47516,164.79398 227.89504,153.18565 226.73271,147.07259
228.86119,140.59573 228.4077,135.87284 222.68265,146.82507
228.82015,158.40506 231.14909,168.61545 233.44137,177.72122
235.1205,184.17464 236.87255,193.8897 239.03254,204.12943
242.30232,213.6789 246.53777,222.4728 248.98652,227.75699
253.41775,233.2908 257.72369,240.55421 258.89611,245.52964
264.5407,248.23363 265.53366,252.71405 266.94807,254.57943
271.17175,261.31062 274.70269,266.43973 278.26741,273.10041
283.36482,276.99552 290.80715,282.30239 298.70283,284.98702
307.05919,283.8267 305.93925,295.35516 305.93925,295.35516
305.93917,295.35494 305.93917,295.35494 305.93917,295.35494
;
477.55349,295.26604 477.55349,295.26604 481.64578,293.74081
475.81278,287.75584 474.76256,285.25207 473.68739,282.78912
466.14022,274.11122 466.20887,268.28834 462.95685,265.04997
461.33203,254.46005 458.99739,250.04223 455.98999,242.49418
452.43246,235.04746 452.30252,227.10894 450.28604,205.49592
448.17672,181.90547 446.40368,159.74542 457.21934,167.25651
471.86203,157.9045 470.80553,144.80736 475.77121,133.38556
475.55997,117.94398 476.75143,104.23652 477.79647,93.833457
476.41929,85.415147 472.91322,78.647167 472.25488,72.207737
463.95124,63.277857 456.18264,68.653977 453.24013,72.715867
452.52114,52.455777 454.67735,59.345507 455.57694,54.262467
453.9346,48.243777 455.36546,43.450157 453.31685,37.661047
455.08478,35.661307 453.36994,27.066357 451.69143,21.910197
455.47884,18.587127 453.52908,17.265907 453.36839,11.430007
451.17352,12.439857 451.07622,7.6626474 450.19614,2.9509374
451.23041,2.5102174 447.69806,-1.1693726 444.67187,-3.1637126
447.06876,-11.116393 442.2578,-10.875933 446.05909,-11.801373
433.82307,-16.194733 437.7835,-18.665993 434.54004,-24.115203
435.52429,-24.727573 431.65359,-27.762403 427.38853,-32.792483
423.72571,-33.432443 417.53378,-38.999693 410.37732,-40.025703
409.07041,-47.170733 406.17947,-49.221423 401.39541,-49.500783
395.45433,-55.890593 395.27092,-55.386803 389.89561,-56.466433
387.70855,-63.152703 383.20882,-60.586353 377.949,-64.903433
376.53259,-61.942933 372.8864,-66.441483 369.4742,-67.347783
366.58759,-74.471203 361.44207,-69.065173 359.14505,-72.251103
350.87872,-73.617493 345.16447,-75.468063 341.22951,-76.727943
334.53813,-76.943473 329.31865,-77.908613 330.0718,-75.532773
326.09533,-77.264193 320.28653,-78.144613 317.69283,-75.602923
309.21293,-74.968193 304.36143,-76.448673 297.39418,-73.905123
299.48149,-71.030663 290.73368,-73.115213 286.06174,-67.672633
287.2024,-65.075153 280.70146,-64.808983 281.98663,-64.073803
271.49845,-58.206493 273.22715,-59.187383 267.44162,-57.351253
267.01924,-55.355633 260.70355,-50.720723 251.14865,-47.229063
258.70569,-38.254103 249.63899,-40.567733 250.65964,-41.709823
240.57214,-30.101323 241.9407,-31.588613 238.73512,-28.996583
240.98144,-27.430903 238.04962,-25.400923 238.56106,-23.809323
231.61242,-19.193803 233.36562,-19.793703 235.70024,-16.075793
222.9494,-15.613753 226.50816,-12.087163 234.68669,-13.017213
222.23373,-2.8181326 228.10769,-3.7389226 222.10835,-1.6142826
225.46624,-0.73663258 219.78131,4.1362174 225.15981,4.4014974
217.24301,11.844467 217.41197,9.2514974 214.35638,16.719297
222.48809,13.458927 217.19543,17.806367 221.88632,19.952657
219.63317,23.405077 217.86074,27.916887 222.02782,32.296747
219.77896,31.151647 217.38474,34.260227 217.55198,35.366987
217.70144,38.279117 218.13155,40.789447 218.67604,46.961267
219.46015,43.749227 218.08455,50.173757 218.65788,52.533637
220.28547,58.410457 220.27141,60.854867 221.43876,63.140357
219.76618,65.729207 221.79505,70.037027 222.5119,74.366227
220.87577,77.374877 224.0354,79.807057 230.04727,90.641597
214.06062,89.269897 209.32793,95.027697 204.89834,101.93859
193.29138,112.07237 210.21958,113.52748 211.46309,120.58608
214.70331,129.9032 224.08942,128.36015 234.64495,129.20588
223.83007,140.0483 233.0349,128.52528 243.29118,128.19022
253.25073,126.53846 262.45156,122.9725 259.62748,125.52034
280.49762,116.31662 272.40006,119.03131 278.39211,120.3287
281.79627,102.57904 282.35772,109.66146 279.17744,116.88538
290.08114,100.65591 283.72946,98.696417 280.73217,91.279097
282.26701,90.143027 296.82435,87.732497 301.78618,87.045567
298.34814,87.766997 303.20109,87.214917 311.23836,83.162587
310.76421,100.00646 315.73683,102.47678 325.29741,113.96318
344.17909,106.1527 355.47562,105.6119 367.94215,103.38228
367.69143,101.43817 377.24941,101.53207 377.35687,100.28881
380.26047,99.137177 382.76454,98.172097 389.18715,94.927867
400.02371,94.259597 400.04926,83.509357 390.39442,65.375347
414.88337,69.909237 413.35452,66.699567 405.4904,65.714077
394.71175,74.640207 396.89004,62.705967 402.9007,59.032817
414.02822,58.490247 420.68811,62.309807 425.76981,62.783977
431.87481,65.759507 425.45059,61.507507 415.44257,56.385057
401.11059,63.015597 394.84027,55.906017 390.37925,51.513907
384.04182,52.968787 377.47283,54.065727 366.57197,56.132347
362.30762,54.734537 352.33307,58.127377 342.67535,59.614627
334.81118,62.942067 325.05165,65.641197 320.66534,67.458347
317.48383,68.102547 311.57723,71.624937 306.90234,74.984347
305.63156,78.694857 301.25203,79.970087 296.962,81.949607
294.2406,82.478627 289.86542,82.566157 281.90214,87.187737
273.49197,76.950017 264.11946,79.325547 255.60432,81.759417
243.75286,82.167147 238.52687,83.540707 229.74334,86.910517
223.75867,86.769627 226.21944,77.090317 221.66452,74.224277
232.03481,73.154137 232.83402,74.548097 236.29842,71.333437
244.31076,76.174907 237.1578,71.577317 249.90275,70.601157
250.8429,72.311677 239.80678,69.425427 243.92881,66.818897
247.69131,72.117687 255.08803,69.339827 262.8147,72.069147
262.43271,73.711867 268.58782,70.093927 271.02578,76.244537
273.75193,67.470987 268.43997,65.887097 276.21363,64.621657
272.78946,61.382897 264.79866,62.873267 257.01164,62.494847
262.84478,62.005417 258.77675,60.392477 260.8873,56.183877
254.8032,62.154197 254.08317,58.209497 253.30274,59.431307
243.69313,60.968947 248.4347,58.728997 250.93376,57.170847
252.7211,55.057137 246.35719,56.524167 245.46658,54.139897
228.99881,58.860417 241.07048,56.123587 244.77866,60.204547
233.74152,60.569017 233.2083,64.345647 234.54601,61.282187
226.21796,59.802707 231.59931,57.582557 237.17285,53.243627
230.74876,55.625017 226.76766,54.371287 226.77166,56.394147
229.83376,57.571187 226.63713,58.678557 223.50457,58.608057
232.07139,65.636207 227.29954,65.431877 218.41178,66.095937
228.79185,63.028477 222.95995,59.699237 222.15989,56.675377
222.59417,56.403297 228.22287,52.099047 229.37682,47.767277
236.33155,29.510307 234.13288,30.878487 236.29122,19.143247
243.33936,8.0844274 248.53262,-1.8116726 252.49259,2.1764874
249.44934,-7.8433826 247.13258,-1.3313226 240.73363,6.6302674
238.39585,15.388747 233.71598,23.010377 235.922,24.321847
227.03704,40.553597 227.12229,39.902157 230.93627,43.761587
221.0664,49.705137 224.90293,42.712657 226.09444,42.332687
218.84909,37.612717 226.13131,34.671347 234.38121,30.577047
218.24177,34.741847 225.7753,30.599167 225.44255,25.126787
226.67742,26.458477 221.809,24.962617 220.11979,23.414467
230.7602,21.486557 230.01186,16.159497 228.08028,14.092957
218.68146,17.107507 224.901,14.607137 235.71821,13.946407
225.248,11.306317 230.71695,8.7227474 227.99831,6.1293774
224.73938,8.2983174 231.73334,5.5453874 234.78584,4.2404974
226.28604,2.2421574 232.40688,-2.3424926 235.67506,1.1329174
239.31486,-1.3619826 235.38634,-4.7064726 228.31759,-6.2106326
237.60909,-17.819853 237.05295,-11.394243 231.42298,-5.0096026
251.29447,-10.581213 241.97403,-11.609533 234.18905,-10.116853
241.45011,-21.620363 243.01948,-14.472163 243.81712,-19.750803
249.70575,-14.525363 250.07732,-8.2367626 251.36689,-16.503243
254.72697,-10.643773 254.52056,-20.469393 258.69996,-17.023743
255.10957,-30.103043 258.58671,-23.047853 264.58773,-25.915013
256.54154,-13.077623 261.90025,-11.526193 261.66601,-31.162263
264.5389,-1.8796226 266.56162,-14.253143 270.27242,-8.3451326
268.12827,-21.716943 269.89241,-16.450603 275.32134,-17.824073
273.05324,-19.071053 276.72911,-15.266593 272.33957,-21.074693
279.63459,-22.811973 279.33175,-18.517713 282.18745,-21.177733
284.67965,-15.236023 285.39787,-19.322903 292.20694,-19.179803
276.05272,-26.674763 280.50524,-25.088003 270.72538,-34.312353
300.46315,-19.695303 288.35186,-23.836813 294.41665,-23.706113
283.23213,-29.168533 284.06716,-29.263033 278.72627,-35.544223
287.73599,-28.018633 284.8184,-33.261563 275.43211,-38.261823
288.60041,-39.299013 287.93948,-31.317353 290.72847,-25.060883
292.59121,-32.590773 296.29201,-32.837473 298.30309,-39.666943
299.09651,-30.896323 299.38813,-36.767433 301.70813,-35.034223
299.9379,-28.420903 306.76032,-33.465763 306.11239,-41.570003
306.90342,-33.992683 311.2449,-36.031763 310.53519,-43.175393
322.04702,-26.681033 319.20979,-37.524653 322.85494,-35.961373
325.81872,-25.763693 324.79577,-35.550683 332.21435,-27.988203
326.00828,-39.998243 326.24924,-44.299573 330.04677,-43.286053
332.85258,-37.202453 333.97883,-35.068993 337.6325,-33.410003
340.3601,-36.266203 335.34683,-42.782633 333.75204,-49.398373
337.08226,-38.575533 339.18141,-43.358403 338.9163,-49.072003
342.62572,-47.106363 345.19339,-42.606243 340.07568,-41.982803
348.92268,-37.481603 343.25312,-39.425783 338.3587,-38.949133
346.29337,-29.562003 346.84068,-31.804253 353.58732,-31.622213
347.78322,-34.940363 354.74555,-28.345693 351.23852,-43.370173
359.62198,-19.136303 359.40853,-20.734023 363.84769,-21.758573
354.09344,-32.130313 359.67174,-34.031233 365.69841,-29.916543
361.89968,-38.891283 365.72716,-32.261403 366.26759,-25.122103
371.68654,-30.209623 366.98413,-32.084763 368.14943,-36.264833
362.02244,-39.742293 368.88191,-38.019573 368.13288,-32.301823
372.74726,-37.584243 372.48971,-33.637633 375.02691,-25.306683
375.47844,-30.562303 375.09863,-35.039233 377.31578,-31.589383
382.99872,-27.391103 380.79878,-25.437713 386.97988,-14.899943
385.98806,-28.599033 381.52018,-31.243413 382.97449,-32.814483
380.10063,-36.053163 381.6325,-37.893383 386.91716,-33.801553
381.6958,-29.900573 385.6808,-30.331903 381.97534,-29.965343
391.85157,-18.039953 390.46123,-18.321403 390.6949,-23.899893
390.94089,-28.986873 393.55508,-28.446353 393.60028,-29.201373
387.66436,-43.294403 395.76696,-28.198913 399.40322,-26.477953
393.29108,-25.493733 396.57802,-21.229493 396.03099,-27.485733
402.87775,-14.398613 402.57493,-19.728473 399.76698,-25.101483
391.13316,-35.679213 401.46245,-28.232583 411.94176,-17.374503
394.63561,-37.275913 406.84111,-27.288573 411.55186,-21.752473
412.76433,-25.356443 406.62162,-29.804333 412.38803,-27.235663
418.6832,-24.528413 423.24648,-20.822173 426.74648,-14.064783
418.04419,-15.678743 428.87373,-11.914503 427.64243,-14.172403
426.99292,-18.755603 424.46701,-18.176243 426.19546,-23.870133
427.63905,-15.929153 430.04695,-14.571733 432.35437,-10.768723
430.28545,-11.219743 435.41723,-8.5763726 433.68965,-10.498183
439.08186,-14.241423 437.09308,-10.803353 447.55612,-10.175743
438.5191,-4.6851426 437.08608,-10.150623 434.74862,0.44574742
443.13696,-4.9276726 444.62485,0.67256742 444.38368,2.3788074
440.22083,6.2201774 445.34677,4.7542174 450.6226,6.3954274
442.13828,7.2388874 446.40325,7.7803174 450.27223,11.699647
448.26406,17.169487 450.23355,16.719517 450.39497,22.043277
447.28598,23.234917 448.30208,27.116277 452.02099,28.079137
450.33773,36.409397 452.73988,43.767297 449.63117,49.282247
455.13331,55.991287 450.44334,57.434717 452.48671,61.813147
450.70096,69.231877 449.43935,71.998617 453.87863,75.423077
463.72656,64.306957 464.69702,70.144197 464.46715,74.965897
468.76131,67.960677 469.06793,74.557157 472.32253,79.974767
473.80502,86.331457 475.60306,93.529297 476.44518,102.61028
474.98175,112.75858 472.95846,121.03767 475.19811,117.81219
473.50282,129.73472 471.63684,135.38647 470.56259,138.60305
468.49078,147.15851 468.01596,151.86271 467.76148,157.57177
454.11027,164.72384 446.9684,158.277 442.23485,155.28719
443.84515,162.33369 444.76157,165.01936 445.27343,174.07701
444.92386,175.94019 446.88012,181.26074 447.67174,190.89947
448.12305,198.90366 449.76452,214.75449 451.6675,226.37147
448.52685,232.7775 453.18309,238.96314 453.67841,243.70524
456.56158,249.79276 457.7228,252.45835 456.34301,255.49752
460.57219,257.24391 463.05286,265.42319 462.78942,268.7505
469.09032,278.29972 470.06717,282.48373 473.09827,284.16576
476.36523,293.22581 476.75756,292.91854 478.56431,293.51844
476.32564,294.96996 477.55308,295.26602 477.55308,295.26602
477.55349,295.26604 477.55349,295.26604 477.55349,295.26604
;
226.62221,126.70262 226.62221,126.70262 213.51573,129.78942
219.02044,118.62618 215.69449,116.54469 205.74083,118.06533
220.57957,105.87585 219.40153,113.93012 229.03085,115.1062
221.34288,117.07829 219.40453,114.73297 213.89334,111.67947
217.72713,115.18064 219.18826,118.46165 217.58163,122.77497
229.32122,122.286 222.78823,124.94918 227.85578,119.88356
209.93915,125.47048 226.40724,126.03176 228.60254,122.9094
215.21466,116.29677 226.35124,116.82017 229.07144,111.54222
229.61287,106.06318 225.7937,106.09993 224.54491,100.3614
221.51704,108.37842 219.81228,101.11331 212.9966,99.953057
217.1504,89.974947 228.49099,88.980467 226.8307,91.526457
228.94476,108.0736 229.31924,103.96519 229.44158,94.439097
225.89241,88.257397 237.30909,87.249407 249.77629,84.356387
237.47686,87.885047 235.84392,94.577877 235.53579,85.871407
234.14018,112.026 238.37819,92.861017 240.80675,85.218087
257.3554,85.514777 258.3798,87.167967 263.61149,86.881967
267.81598,91.636877 270.64032,94.132707 267.94834,102.36079
276.73113,93.975027 266.0745,87.473997 251.70387,83.858787
255.60109,83.397837 268.78441,83.780207 270.25549,82.458797
278.76137,84.207327 277.8279,90.171787 276.67387,98.282907
278.30196,105.52861 274.96495,113.257 272.5258,117.52399
269.31224,115.4988 268.73592,117.8418 261.71326,119.66019
250.59758,124.14617 246.20134,122.84713 242.58141,126.36375
224.92403,124.24288 241.30019,125.68552 236.27506,126.96439
231.66081,125.96127 226.62181,126.70262 226.62181,126.70262
226.62221,126.70262 226.62221,126.70262 226.62221,126.70262
;
229.11667,125.96338 229.11667,125.96338 231.8851,121.68301
226.04206,126.60202 229.11667,125.96338 229.11667,125.96338
229.11667,125.96338 229.11667,125.96338 229.11667,125.96338
;
229.16187,117.90771 229.16187,117.90771 230.42974,113.45547
227.07069,114.51924 229.16187,117.90771 229.16187,117.90771
229.16187,117.90771 229.16187,117.90771 229.16187,117.90771
;
234.99323,109.53211 234.99323,109.53211 239.16682,107.37546
241.44358,98.243247 249.85627,102.99587 255.0969,103.08557
236.5762,96.117457 237.7728,103.62008 243.82455,100.31619
230.43527,111.17559 234.99323,109.53211 234.99323,109.53211
234.99323,109.53211 234.99323,109.53211 234.99323,109.53211
;
262.95274,104.16598 262.95274,104.16598 276.22064,97.757117
258.15558,101.854 262.95274,104.16598 262.95274,104.16598
262.95274,104.16598 262.95274,104.16598 262.95274,104.16598
;
257.67569,102.59921 257.67569,102.59921 261.1531,98.639327
265.93409,101.55929 268.53502,95.047707 267.60453,92.956517
258.70675,102.58204 255.07977,97.446597 253.50539,93.016037
261.90229,93.518207 255.43255,92.860447 248.75097,93.659177
269.72985,87.196887 254.00337,88.715317 253.97787,85.108287
240.09833,95.920767 246.59229,93.351887 252.75811,83.268547
249.90865,98.401667 256.40823,100.65981 256.40823,100.65981
256.44243,101.80456 256.44243,101.80456 256.44243,101.80456
257.67577,102.59917 257.67577,102.59917 257.67577,102.59917
257.67569,102.59921 257.67569,102.59921 257.67569,102.59921
;
257.22058,90.377627 257.22058,90.377627 253.6209,88.463827
260.89092,88.462887 257.22058,90.377627 257.22058,90.377627
257.22058,90.377627 257.22058,90.377627 257.22058,90.377627
;
243.59364,100.10519 243.59364,100.10519 246.66136,90.433517
238.87112,98.376747 243.59364,100.10519 243.59364,100.10519
243.59364,100.10519 243.59364,100.10519 243.59364,100.10519
;
241.27681,93.411167 241.27681,93.411167 243.793,89.851707
238.6602,94.230267 241.27681,93.411167 241.27681,93.411167
241.27681,93.411167 241.27681,93.411167 241.27681,93.411167
;
230.72565,92.154937 230.72565,92.154937 233.41449,90.330797
227.77637,89.175517 230.72565,92.154937 230.72565,92.154937
230.72565,92.154937 230.72565,92.154937 230.72565,92.154937
;
237.3992,91.096597 237.3992,91.096597 239.2521,88.210297
235.63546,88.041997 237.3992,91.096597 237.3992,91.096597
237.3992,91.096597 237.3992,91.096597 237.3992,91.096597
;
243.32047,90.391047 243.32047,90.391047 248.49591,88.577287
243.89455,86.270647 243.32047,90.391047 243.32047,90.391047
243.32047,90.391047 243.32047,90.391047 243.32047,90.391047
;
215.60425,121.43549 215.60425,121.43549 212.07378,117.27773
220.63496,116.62516 215.60425,121.43549 215.60425,121.43549
215.60425,121.43549 215.60425,121.43549 215.60425,121.43549
;
222.03373,113.46474 222.03373,113.46474 214.31689,112.17641
226.27345,111.75621 222.03373,113.46474 222.03373,113.46474
222.03373,113.46474 222.03373,113.46474 222.03373,113.46474
;
214.29527,111.20494 214.29527,111.20494 213.93398,108.76004
206.8624,106.02824 214.04491,107.93294 226.91339,108.49633
223.63407,106.56706 214.29527,111.20494 214.29527,111.20494
214.29527,111.20494 214.29527,111.20494 214.29527,111.20494
;
279.29264,109.73702 279.29264,109.73702 276.20964,98.101807
284.59378,91.725107 279.62014,108.32698 279.62014,108.32698
279.29264,109.73702 279.29264,109.73702 279.29264,109.73702
;
205.00463,109.61864 205.00463,109.61864 193.88865,103.66111
214.73316,101.5348 205.00463,109.61864 205.00463,109.61864
205.00463,109.61864 205.00463,109.61864 205.00463,109.61864
;
219.79929,106.02891 219.79929,106.02891 216.07305,107.01624
211.13252,100.36988 210.40307,104.5498 209.539,90.824307
211.66799,107.37397 211.86526,95.543277 215.25995,95.507877
214.97815,101.66553 215.23162,101.18389 215.70988,110.84795
221.27763,96.486947 219.79929,106.02891 219.79929,106.02891
219.79929,106.02891 219.79929,106.02891 219.79929,106.02891
;
330.79693,105.05184 330.79693,105.05184 321.10199,104.83811
319.25665,100.52962 315.73669,92.860487 321.39981,105.30149
317.1199,82.198417 320.94804,96.201397 323.86135,100.90886
317.62973,86.088447 314.89003,85.617507 307.36544,86.074407
311.78642,71.447917 318.68728,71.868157 329.14773,67.362487
341.84309,64.247607 353.19091,60.971227 360.9797,61.377897
373.12885,56.206617 383.63038,56.550527 393.7385,56.331087
393.33431,61.351507 395.64575,70.960057 399.74576,80.645677
395.71595,91.999217 384.94791,92.477817 379.40164,96.260077
372.55993,98.127847 367.50054,99.444727 367.17914,102.30169
354.19766,101.3601 350.6047,102.77697 344.49215,104.18384
337.51121,104.81205 330.79693,105.05184 330.79693,105.05184
330.79693,105.05184 330.79693,105.05184 330.79693,105.05184
;
328.70127,90.029167 328.70127,90.029167 332.98126,84.510907
333.25217,77.139887 339.97386,73.104957 348.5757,66.878907
360.10288,65.505707 369.71167,68.575687 373.1291,69.612487
377.67379,69.482077 371.65195,67.021907 367.9832,65.948407
353.71451,64.242047 346.97913,67.195327 342.05431,68.222057
330.45992,79.662037 332.82311,77.546067 331.3575,81.543537
328.07906,85.542037 328.70127,90.029167 328.70127,90.029167
328.70127,90.029167 328.70127,90.029167 328.70127,90.029167
;
330.38175,88.627157 330.38175,88.627157 334.86714,85.333007
340.70354,84.967617 345.28092,85.010737 348.58463,82.923937
349.33057,87.304547 352.07287,84.115637 354.78756,87.458267
354.79652,82.984967 362.08061,81.293607 366.50549,72.901547
364.2761,65.326007 361.03797,80.776067 349.47224,84.757607
347.61368,77.006457 350.8208,74.065797 358.26364,73.958657
354.44173,67.564817 347.67587,71.105427 349.36964,66.677327
337.57657,78.138667 343.97044,74.031517 346.63518,79.295417
353.17988,84.985517 342.23586,83.367557 345.41212,85.440987
328.98051,82.524957 330.20089,88.294767 330.20089,88.294767
330.38206,88.626727 330.38206,88.626727 330.38206,88.626727
330.38175,88.627157 330.38175,88.627157 330.38175,88.627157
;
348.54502,76.985487 348.54502,76.985487 345.50536,73.794487
351.22659,73.143727 348.54502,76.985487 348.54502,76.985487
348.54502,76.985487 348.54502,76.985487 348.54502,76.985487
;
344.38328,73.098047 344.38328,73.098047 341.87603,73.994797
346.77582,70.143187 344.38328,73.098047 344.38328,73.098047
344.38328,73.098047 344.38328,73.098047 344.38328,73.098047
;
370.00985,76.892607 370.00985,76.892607 373.76773,67.403577
358.94163,70.381797 368.19951,72.937467 368.53425,70.400837
371.89407,74.832227 370.00985,76.892607 370.00985,76.892607
370.00985,76.892607 370.00985,76.892607 370.00985,76.892607
;
334.30306,75.221597 334.30306,75.221597 339.79865,71.424197
335.25481,73.336137 334.30306,75.221597 334.30306,75.221597
334.30306,75.221597 334.30306,75.221597 334.30306,75.221597
;
377.77107,71.903897 377.77107,71.903897 379.81216,69.456177
372.79285,68.571837 377.77107,71.903897 377.77107,71.903897
377.77107,71.903897 377.77107,71.903897 377.77107,71.903897
;
349.91713,69.797477 349.91713,69.797477 354.2086,68.142857
346.02886,69.528427 349.91713,69.797477 349.91713,69.797477
349.91713,69.797477 349.91713,69.797477 349.91713,69.797477
;
283.31471,104.85494 283.31471,104.85494 282.92525,98.693797
285.2563,98.392217 283.31471,104.85494 283.31471,104.85494
283.31471,104.85494 283.31471,104.85494 283.31471,104.85494
;
321.28376,104.36434 321.28376,104.36434 316.25627,99.266517
317.52596,98.612977 321.28376,104.36434 321.28376,104.36434
321.28376,104.36434 321.28376,104.36434 321.28376,104.36434
;
216.95083,103.44383 216.95083,103.44383 215.70053,100.32965
217.9767,99.699247 216.95083,103.44383 216.95083,103.44383
216.95083,103.44383 216.95083,103.44383 216.95083,103.44383
;
391.93668,91.568507 391.93668,91.568507 390.46675,91.292657
397.54152,89.426817 391.93668,91.568507 391.93668,91.568507
391.93668,91.568507 391.93668,91.568507 391.93668,91.568507
;
281.69364,88.274377 281.69364,88.274377 281.92118,86.085237
288.12267,86.992417 281.69364,88.274377 281.69364,88.274377
281.69364,88.274377 281.69364,88.274377 281.69364,88.274377
;
314.17001,88.274377 314.17001,88.274377 311.30017,87.345977
312.5527,85.245797 314.17001,88.274377 314.17001,88.274377
314.17001,88.274377 314.17001,88.274377 314.17001,88.274377
;
288.58338,86.444037 288.58338,86.444037 286.29224,85.989737
297.63886,84.316217 288.58338,86.444037 288.58338,86.444037
288.58338,86.444037 288.58338,86.444037 288.58338,86.444037
;
308.94571,85.651767 308.94571,85.651767 305.32185,85.631167
307.95668,71.527467 308.94571,85.651767 308.94571,85.651767
308.94571,85.651767 308.94571,85.651767 308.94571,85.651767
;
294.92919,85.098207 294.92919,85.098207 289.37913,85.292107
300.68032,83.582737 294.92919,85.098207 294.92919,85.098207
294.92919,85.098207 294.92919,85.098207 294.92919,85.098207
;
298.45058,84.233527 298.45058,84.233527 298.48788,82.780577
312.63893,81.293737 300.56724,83.951267 300.56724,83.951267
298.45058,84.233527 298.45058,84.233527 298.45058,84.233527
;
310.03824,83.321107 310.03824,83.321107 308.31468,79.166857
309.3034,76.487147 310.03824,83.321107 310.03824,83.321107
310.03824,83.321107 310.03824,83.321107 310.03824,83.321107
;
225.38185,73.991187 225.38185,73.991187 226.02651,70.050477
228.3008,68.297607 232.70999,68.933957 229.69925,70.142967
227.61125,71.631337 225.86908,73.553497 227.26033,73.233477
225.00717,71.439917 225.38185,73.991187 225.38185,73.991187
225.38185,73.991187 225.38185,73.991187 225.38185,73.991187
;
231.56105,73.669377 231.56105,73.669377 239.91665,74.422557
235.24577,74.133247 231.56105,73.669377 231.56105,73.669377
231.56105,73.669377 231.56105,73.669377 231.56105,73.669377
;
235.92114,71.735187 235.92114,71.735187 224.84354,70.006957
239.94198,71.488177 235.92114,71.735187 235.92114,71.735187
235.92114,71.735187 235.92114,71.735187 235.92114,71.735187
;
224.54364,70.988267 224.54364,70.988267 221.78908,68.796567
229.6536,64.742137 224.54364,70.988267 224.54364,70.988267
224.54364,70.988267 224.54364,70.988267 224.54364,70.988267
;
264.82768,70.241787 264.82768,70.241787 258.5723,66.967047
258.18464,64.733827 264.78918,69.376537 264.78918,69.376537
265.45944,69.940317 265.45944,69.940317 265.45944,69.940317
264.82765,70.241827 264.82765,70.241827 264.82765,70.241827
264.82768,70.241787 264.82768,70.241787 264.82768,70.241787
;
252.2581,69.871407 252.2581,69.871407 240.28442,68.208057
251.77101,66.354437 252.2581,69.871407 252.2581,69.871407
252.2581,69.871407 252.2581,69.871407 252.2581,69.871407
;
257.40788,69.428127 257.40788,69.428127 253.12058,67.602037
261.28694,66.417497 257.40788,69.428127 257.40788,69.428127
257.40788,69.428127 257.40788,69.428127 257.40788,69.428127
;
253.71514,68.166047 253.71514,68.166047 249.32671,65.988847
236.39429,61.124037 248.02418,63.580037 248.75455,66.076287
261.29822,65.410547 253.71514,68.166047 253.71514,68.166047
253.71514,68.166047 253.71514,68.166047 253.71514,68.166047
;
265.62143,68.166047 265.62143,68.166047 263.49724,64.129577
263.95708,62.690177 267.87221,66.652827 267.59669,68.634697
265.77229,65.695977 265.62143,68.166047 265.62143,68.166047
265.62143,68.166047 265.62143,68.166047 265.62143,68.166047
;
231.76584,67.460487 231.76584,67.460487 232.46247,62.487747
238.89927,65.733927 231.76584,67.460487 231.76584,67.460487
231.76584,67.460487 231.76584,67.460487 231.76584,67.460487
;
229.81767,66.005277 229.81767,66.005277 229.12091,64.227807
231.47735,65.620357 229.81767,66.005277 229.81767,66.005277
229.81767,66.005277 229.81767,66.005277 229.81767,66.005277
;
237.98888,65.330407 237.98888,65.330407 235.64314,63.699067
240.50752,62.104877 237.98888,65.330407 237.98888,65.330407
237.98888,65.330407 237.98888,65.330407 237.98888,65.330407
;
230.40222,56.877157 230.40222,56.877157 229.94168,52.807707
234.46881,56.921357 230.40222,56.877157 230.40222,56.877157
230.40222,56.877157 230.40222,56.877157 230.40222,56.877157
;
221.53712,53.714957 221.53712,53.714957 220.31175,46.820407
229.6073,45.081397 225.97552,48.591987 222.89831,50.269677
223.65221,55.093677 226.7219,51.371247 227.04978,54.118527
223.13861,53.648807 221.53712,53.714957 221.53712,53.714957
221.53712,53.714957 221.53712,53.714957 221.53712,53.714957
;
221.89544,43.856987 221.89544,43.856987 217.71383,42.401237
225.11795,39.796827 221.89544,43.856987 221.89544,43.856987
221.89544,43.856987 221.89544,43.856987 221.89544,43.856987
;
228.32359,39.932607 228.32359,39.932607 227.44093,38.242207
231.44012,38.128867 228.32359,39.932607 228.32359,39.932607
228.32359,39.932607 228.32359,39.932607 228.32359,39.932607
;
221.75574,16.984787 221.75574,16.984787 220.30399,16.505297
223.01332,13.479917 221.75574,16.984787 221.75574,16.984787
221.75574,16.984787 221.75574,16.984787 221.75574,16.984787
;
223.42483,12.359247 223.42483,12.359247 220.65059,10.061657
231.13043,10.979927 223.42483,12.359247 223.42483,12.359247
223.42483,12.359247 223.42483,12.359247 223.42483,12.359247
;
220.86887,9.2467574 220.86887,9.2467574 218.07185,7.9527974
222.76249,6.8003574 220.86887,9.2467574 220.86887,9.2467574
220.86887,9.2467574 220.86887,9.2467574 220.86887,9.2467574
;
446.97083,4.5272174 446.97083,4.5272174 443.03736,2.5765374
450.74675,4.6211174 446.97083,4.5272174 446.97083,4.5272174
446.97083,4.5272174 446.97083,4.5272174 446.97083,4.5272174
;
227.83863,3.1134074 227.83863,3.1134074 226.35023,-1.9751826
229.76551,0.48462742 227.83863,3.1134074 227.83863,3.1134074
227.83863,3.1134074 227.83863,3.1134074 227.83863,3.1134074
;
445.75612,1.8438274 445.75612,1.8438274 443.16479,-1.9992826
447.92381,0.14173742 445.75612,1.8438274 445.75612,1.8438274
445.75612,1.8438274 445.75612,1.8438274 445.75612,1.8438274
;
442.14015,-6.6362626 442.14015,-6.6362626 437.4547,-8.8185826
443.81623,-7.8117126 442.14015,-6.6362626 442.14015,-6.6362626
442.14015,-6.6362626 442.14015,-6.6362626 442.14015,-6.6362626
;
231.85163,-8.2791526 231.85163,-8.2791526 225.3399,-5.6354526
234.90547,-11.871413 231.85163,-8.2791526 231.85163,-8.2791526
231.85163,-8.2791526 231.85163,-8.2791526 231.85163,-8.2791526
;
425.32817,-13.678403 425.32817,-13.678403 422.09087,-14.948113
425.36617,-16.067573 425.32817,-13.678403 425.32817,-13.678403
425.32817,-13.678403 425.32817,-13.678403 425.32817,-13.678403
;
429.68392,-14.736733 429.68392,-14.736733 428.1403,-17.913763
434.97073,-14.220173 429.68392,-14.736733 429.68392,-14.736733
429.68392,-14.736733 429.68392,-14.736733 429.68392,-14.736733
;
239.71245,-16.287843 239.71245,-16.287843 238.88409,-22.861023
239.66685,-17.451603 239.71245,-16.287843 239.71245,-16.287843
239.71245,-16.287843 239.71245,-16.287843 239.71245,-16.287843
;
250.79391,-16.147843 250.79391,-16.147843 250.85571,-23.252003
255.95133,-29.850313 250.79391,-16.147843 250.79391,-16.147843
250.79391,-16.147843 250.79391,-16.147843 250.79391,-16.147843
;
428.361,-18.983483 428.361,-18.983483 426.54037,-21.831873
430.21033,-21.610473 428.361,-18.983483 428.361,-18.983483
428.361,-18.983483 428.361,-18.983483 428.361,-18.983483
;
431.64938,-19.322843 431.64938,-19.322843 428.00824,-25.042493
434.36131,-21.707083 431.64938,-19.322843 431.64938,-19.322843
431.64938,-19.322843 431.64938,-19.322843 431.64938,-19.322843
;
282.4874,-21.119833 282.4874,-21.119833 277.22327,-20.124003
274.09285,-31.230143 282.4874,-21.119833 282.4874,-21.119833
282.4874,-21.119833 282.4874,-21.119833 282.4874,-21.119833
;
421.57003,-22.873503 421.57003,-22.873503 414.37243,-26.783493
418.19106,-29.694843 421.57003,-22.873503 421.57003,-22.873503
421.57003,-22.873503 421.57003,-22.873503 421.57003,-22.873503
;
243.9134,-24.967293 243.9134,-24.967293 241.26285,-27.334473
244.43533,-27.182713 243.9134,-24.967293 243.9134,-24.967293
243.9134,-24.967293 243.9134,-24.967293 243.9134,-24.967293
;
274.40397,-25.323263 274.40397,-25.323263 270.62701,-26.779733
274.37867,-30.977823 274.40397,-25.323263 274.40397,-25.323263
274.40397,-25.323263 274.40397,-25.323263 274.40397,-25.323263
;
255.27706,-25.739783 255.27706,-25.739783 250.61941,-25.152883
249.88871,-31.661423 255.27706,-25.739783 255.27706,-25.739783
255.27706,-25.739783 255.27706,-25.739783 255.27706,-25.739783
;
263.78941,-27.011663 263.78941,-27.011663 258.81854,-26.324533
264.92696,-36.015453 263.78941,-27.011663 263.78941,-27.011663
263.78941,-27.011663 263.78941,-27.011663 263.78941,-27.011663
;
389.09278,-25.824033 389.09278,-25.824033 385.96536,-30.106313
389.33474,-33.888493 388.95632,-29.811473 389.21823,-26.003103
392.12904,-28.813643 389.09278,-25.824033 389.09278,-25.824033
389.09278,-25.824033 389.09278,-25.824033 389.09278,-25.824033
;
421.88467,-25.672843 421.88467,-25.672843 418.7423,-26.529083
420.05511,-26.133823 421.88467,-25.672843 421.88467,-25.672843
421.88467,-25.672843 421.88467,-25.672843 421.88467,-25.672843
;
425.03713,-26.290203 425.03713,-26.290203 423.63286,-30.625723
427.89547,-30.449843 425.03713,-26.290203 425.03713,-26.290203
425.03713,-26.290203 425.03713,-26.290203 425.03713,-26.290203
;
416.10197,-26.392523 416.10197,-26.392523 411.7221,-29.692603
414.49847,-31.323843 416.10197,-26.392523 416.10197,-26.392523
416.10197,-26.392523 416.10197,-26.392523 416.10197,-26.392523
;
423.72885,-26.580833 423.72885,-26.580833 420.27444,-31.938353
420.16662,-37.765433 423.8804,-28.086473 423.8804,-28.086473
423.72885,-26.580843 423.72885,-26.580843 423.72885,-26.580843
423.72885,-26.580833 423.72885,-26.580833 423.72885,-26.580833
;
413.6732,-27.789513 413.6732,-27.789513 410.6238,-37.533533
401.89712,-25.170033 403.57836,-33.610343 402.84624,-35.991243
407.63217,-28.198673 407.49643,-34.008233 411.06915,-33.525473
413.78247,-30.389283 413.6732,-27.789513 413.6732,-27.789513
413.6732,-27.789513 413.6732,-27.789513 413.6732,-27.789513
;
428.11282,-28.177453 428.11282,-28.177453 425.0077,-28.163653
429.36397,-32.290713 428.11282,-28.177453 428.11282,-28.177453
428.11282,-28.177453 428.11282,-28.177453 428.11282,-28.177453
;
268.10832,-29.200623 268.10832,-29.200623 266.54168,-31.206233
270.16566,-31.788803 268.10832,-29.200623 268.10832,-29.200623
268.10832,-29.200623 268.10832,-29.200623 268.10832,-29.200623
;
415.4638,-29.558803 415.4638,-29.558803 409.31834,-36.882393
415.17926,-34.213073 415.4638,-29.558803 415.4638,-29.558803
415.4638,-29.558803 415.4638,-29.558803 415.4638,-29.558803
;
399.79842,-30.269683 399.79842,-30.269683 396.32102,-31.214063
399.97072,-33.756903 399.79842,-30.269683 399.79842,-30.269683
399.79842,-30.269683 399.79842,-30.269683 399.79842,-30.269683
;
416.90715,-30.258983 416.90715,-30.258983 414.49234,-32.576073
420.27681,-31.431533 416.90715,-30.258983 416.90715,-30.258983
416.90715,-30.258983 416.90715,-30.258983 416.90715,-30.258983
;
270.93393,-30.611763 270.93393,-30.611763 265.93099,-36.788583
272.95873,-50.545223 271.23023,-39.186773 276.37949,-33.713083
266.79001,-36.202413 273.7207,-32.241973 273.34245,-30.312863
270.4163,-34.036853 270.93393,-30.611763 270.93393,-30.611763
270.93393,-30.611763 270.93393,-30.611763 270.93393,-30.611763
;
379.50071,-32.022873 379.50071,-32.022873 376.06565,-35.021473
378.15484,-35.668123 379.50071,-32.022873 379.50071,-32.022873
379.50071,-32.022873 379.50071,-32.022873 379.50071,-32.022873
;
401.6342,-32.372423 401.6342,-32.372423 400.08044,-37.718973
400.94858,-33.557563 397.60783,-34.478033 393.91834,-31.550143
395.05344,-36.830293 388.55354,-39.084033 381.7533,-45.613763
393.57239,-38.414583 392.88361,-41.319023 396.99769,-38.844753
402.80329,-37.210353 402.07905,-34.085233 404.76661,-31.231153
401.11874,-34.622863 401.6342,-32.372423 401.6342,-32.372423
401.6342,-32.372423 401.6342,-32.372423 401.6342,-32.372423
;
293.68809,-33.347613 293.68809,-33.347613 284.65493,-36.414013
297.05382,-34.914363 293.68809,-33.347613 293.68809,-33.347613
293.68809,-33.347613 293.68809,-33.347613 293.68809,-33.347613
;
303.01268,-33.081173 303.01268,-33.081173 298.76834,-35.295173
308.99716,-36.744733 303.01268,-33.081173 303.01268,-33.081173
303.01268,-33.081173 303.01268,-33.081173 303.01268,-33.081173
;
356.60537,-34.349573 356.60537,-34.349573 354.26424,-34.864283
355.66678,-37.862523 356.60537,-34.349573 356.60537,-34.349573
356.60537,-34.349573 356.60537,-34.349573 356.60537,-34.349573
;
415.661,-34.150663 415.661,-34.150663 410.52552,-36.531713
417.84285,-40.035723 415.661,-34.150663 415.661,-34.150663
415.661,-34.150663 415.661,-34.150663 415.661,-34.150663
;
387.13101,-34.492293 387.13101,-34.492293 374.14536,-45.815993
387.67626,-37.383043 387.13101,-34.492293 387.13101,-34.492293
387.13101,-34.492293 387.13101,-34.492293 387.13101,-34.492293
;
418.35576,-34.779683 418.35576,-34.779683 416.48793,-38.030073
422.94388,-34.878883 418.35576,-34.779683 418.35576,-34.779683
418.35576,-34.779683 418.35576,-34.779683 418.35576,-34.779683
;
276.037,-34.845083 276.037,-34.845083 272.83867,-35.868963
274.70953,-38.708863 276.037,-34.845083 276.037,-34.845083
276.037,-34.845083 276.037,-34.845083 276.037,-34.845083
;
344.61022,-34.845083 344.61022,-34.845083 343.2642,-37.583003
343.88445,-39.507503 344.61022,-34.845083 344.61022,-34.845083
344.61022,-34.845083 344.61022,-34.845083 344.61022,-34.845083
;
406.77417,-34.845083 406.77417,-34.845083 400.43002,-36.904843
398.94119,-42.124993 406.77417,-34.845083 406.77417,-34.845083
406.77417,-34.845083 406.77417,-34.845083 406.77417,-34.845083
;
407.83515,-36.371503 407.83515,-36.371503 406.90012,-37.264443
401.05116,-39.825883 405.72629,-42.586883 407.8767,-36.397143
407.23155,-38.586793 407.83515,-36.371503 407.83515,-36.371503
407.83515,-36.371503 407.83515,-36.371503 407.83515,-36.371503
;
258.06741,-36.608973 258.06741,-36.608973 255.90063,-37.196583
258.52245,-40.411123 258.06741,-36.608973 258.06741,-36.608973
258.06741,-36.608973 258.06741,-36.608973 258.06741,-36.608973
;
287.95545,-36.967153 287.95545,-36.967153 285.43214,-38.579773
288.3203,-40.802433 287.95545,-36.967153 287.95545,-36.967153
287.95545,-36.967153 287.95545,-36.967153 287.95545,-36.967153
;
375.09533,-36.991153 375.09533,-36.991153 373.96274,-38.968513
377.68953,-38.899563 375.09533,-36.991153 375.09533,-36.991153
375.09533,-36.991153 375.09533,-36.991153 375.09533,-36.991153
;
354.76489,-38.163003 354.76489,-38.163003 357.34788,-43.243883
355.19152,-39.604103 354.76489,-38.163003 354.76489,-38.163003
354.76489,-38.163003 354.76489,-38.163003 354.76489,-38.163003
;
309.43948,-39.325863 309.43948,-39.325863 304.43062,-39.185593
312.05201,-44.380673 309.43948,-39.325863 309.43948,-39.325863
309.43948,-39.325863 309.43948,-39.325863 309.43948,-39.325863
;
386.8622,-38.725623 386.8622,-38.725623 383.16953,-38.933453
386.01275,-42.578603 386.8622,-38.725623 386.8622,-38.725623
386.8622,-38.725623 386.8622,-38.725623 386.8622,-38.725623
;
368.24601,-39.354933 368.24601,-39.354933 358.26384,-42.067413
368.01311,-50.564063 368.02852,-44.455763 365.79446,-42.609373
372.15597,-38.866983 368.24601,-39.354933 368.24601,-39.354933
368.24601,-39.354933 368.24601,-39.354933 368.24601,-39.354933
;
259.57023,-40.018713 259.57023,-40.018713 256.70587,-42.805803
267.71897,-43.203323 259.57023,-40.018713 259.57023,-40.018713
259.57023,-40.018713 259.57023,-40.018713 259.57023,-40.018713
;
370.81878,-39.897943 370.81878,-39.897943 368.24635,-45.420533
373.73069,-40.003183 370.81878,-39.897943 370.81878,-39.897943
370.81878,-39.897943 370.81878,-39.897943 370.81878,-39.897943
;
410.50512,-39.431173 410.50512,-39.431173 405.3925,-40.308483
407.32096,-44.591123 410.50512,-39.431173 410.50512,-39.431173
410.50512,-39.431173 410.50512,-39.431173 410.50512,-39.431173
;
307.09804,-40.497353 307.09804,-40.497353 301.53547,-43.523483
304.23559,-47.981953 307.09806,-40.497353 307.09806,-40.497353
307.09804,-40.497353 307.09804,-40.497353 307.09804,-40.497353
;
353.84343,-40.842293 353.84343,-40.842293 351.76401,-44.046653
353.87053,-46.783673 353.84343,-40.842293 353.84343,-40.842293
353.84343,-40.842293 353.84343,-40.842293 353.84343,-40.842293
;
287.42629,-41.553243 287.42629,-41.553243 283.16626,-43.907173
288.16389,-46.591123 287.42629,-41.553243 287.42629,-41.553243
287.42629,-41.553243 287.42629,-41.553243 287.42629,-41.553243
;
349.96631,-41.900623 349.96631,-41.900623 349.20408,-44.770333
351.92416,-43.976083 349.96631,-41.900623 349.96631,-41.900623
349.96631,-41.900623 349.96631,-41.900623 349.96631,-41.900623
;
280.52243,-42.708933 280.52243,-42.708933 279.0716,-44.521253
278.81249,-56.082573 283.20536,-49.807933 284.6776,-56.356363
290.94435,-49.295773 290.07212,-45.870793 293.735,-43.995563
286.09337,-44.514513 284.72598,-47.029103 285.56114,-39.510913
281.5416,-50.282363 280.52243,-42.708933 280.52243,-42.708933
280.52243,-42.708933 280.52243,-42.708933 280.52243,-42.708933
;
283.89851,-45.786573 283.89851,-45.786573 284.97596,-49.246123
281.08386,-47.169423 283.89851,-45.786573 283.89851,-45.786573
283.89851,-45.786573 283.89851,-45.786573 283.89851,-45.786573
;
396.53692,-42.253403 396.53692,-42.253403 392.70836,-44.105323
395.10696,-48.696933 396.53692,-42.253403 396.53692,-42.253403
396.53692,-42.253403 396.53692,-42.253403 396.53692,-42.253403
;
381.61794,-42.753043 381.61794,-42.753043 378.63682,-43.595033
383.2395,-45.924453 381.61794,-42.753043 381.61794,-42.753043
381.61794,-42.753043 381.61794,-42.753043 381.61794,-42.753043
;
378.09317,-42.963043 378.09317,-42.963043 372.36794,-47.409863
376.97611,-48.538433 378.09317,-42.963043 378.09317,-42.963043
378.09317,-42.963043 378.09317,-42.963043 378.09317,-42.963043
;
257.10504,-43.664513 257.10504,-43.664513 254.37829,-46.876603
260.27909,-45.026973 257.10504,-43.664513 257.10504,-43.664513
257.10504,-43.664513 257.10504,-43.664513 257.10504,-43.664513
;
405.61512,-44.208123 405.61512,-44.208123 401.71837,-44.470533
404.63849,-47.290763 405.61512,-44.208123 405.61512,-44.208123
405.61512,-44.208123 405.61512,-44.208123 405.61512,-44.208123
;
390.52558,-45.781173 390.52558,-45.781173 386.06029,-47.262453
389.767,-47.777283 390.52558,-45.781173 390.52558,-45.781173
390.52558,-45.781173 390.52558,-45.781173 390.52558,-45.781173
;
276.40198,-46.133953 276.40198,-46.133953 275.75748,-49.013893
272.3035,-50.800483 277.44113,-48.244823 277.44113,-48.244823
276.94365,-46.751313 276.94365,-46.751313 276.94365,-46.751313
276.40198,-46.133953 276.40198,-46.133953 276.40198,-46.133953
;
325.73595,-46.251543 325.73595,-46.251543 323.03778,-47.850643
313.74232,-52.209413 316.9932,-52.069553 322.64274,-55.034393
328.0274,-52.599593 326.82556,-50.990233 335.08281,-44.685863
317.38677,-55.341923 325.73595,-46.251543 325.73595,-46.251543
325.73595,-46.251543 325.73595,-46.251543 325.73595,-46.251543
;
271.57088,-46.511533 271.57088,-46.511533 269.08805,-47.378573
272.20842,-50.440703 271.57088,-46.511533 271.57088,-46.511533
271.57088,-46.511533 271.57088,-46.511533 271.57088,-46.511533
;
308.35074,-46.486733 308.35074,-46.486733 303.91047,-47.728593
307.25484,-52.722373 308.53941,-47.859653 308.53941,-47.859653
308.87137,-46.861733 308.87137,-46.861733 308.87137,-46.861733
308.35074,-46.486733 308.35074,-46.486733 308.35074,-46.486733
;
399.93833,-47.213253 399.93833,-47.213253 396.94252,-48.976203
400.24351,-52.632363 399.93833,-47.213253 399.93833,-47.213253
399.93833,-47.213253 399.93833,-47.213253 399.93833,-47.213253
;
377.18617,-47.625913 377.18617,-47.625913 369.73583,-50.976753
377.90373,-49.759873 377.18617,-47.625913 377.18617,-47.625913
377.18617,-47.625913 377.18617,-47.625913 377.18617,-47.625913
;
403.72914,-47.968183 403.72914,-47.968183 400.79695,-48.191453
403.98609,-51.145393 403.72914,-47.968183 403.72914,-47.968183
403.72914,-47.968183 403.72914,-47.968183 403.72914,-47.968183
;
346.22158,-48.250623 346.22158,-48.250623 340.34262,-51.237843
342.87156,-55.393223 346.22158,-48.250623 346.22158,-48.250623
346.22158,-48.250623 346.22158,-48.250623 346.22158,-48.250623
;
385.43846,-48.603403 385.43846,-48.603403 380.75663,-50.247973
380.34083,-53.708593 385.43846,-48.603403 385.43846,-48.603403
385.43846,-48.603403 385.43846,-48.603403 385.43846,-48.603403
;
350.86206,-49.041743 350.86206,-49.041743 345.05241,-51.475843
357.878,-54.729833 350.86206,-49.041743 350.86206,-49.041743
350.86206,-49.041743 350.86206,-49.041743 350.86206,-49.041743
;
338.66725,-49.661733 338.66725,-49.661733 335.16982,-52.304353
338.80437,-53.324953 338.66725,-49.661733 338.66725,-49.661733
338.66725,-49.661733 338.66725,-49.661733 338.66725,-49.661733
;
356.94372,-50.534493 356.94372,-50.534493 353.55014,-52.805063
354.51171,-58.769943 356.94372,-50.534493 356.94372,-50.534493
356.94372,-50.534493 356.94372,-50.534493 356.94372,-50.534493
;
374.88472,-50.870003 374.88472,-50.870003 369.1206,-53.439073
377.45154,-52.839933 374.88472,-50.870003 374.88472,-50.870003
374.88472,-50.870003 374.88472,-50.870003 374.88472,-50.870003
;
298.10014,-50.720063 298.10014,-50.720063 294.19545,-50.673563
302.35513,-53.327893 298.10014,-50.720063 298.10014,-50.720063
298.10014,-50.720063 298.10014,-50.720063 298.10014,-50.720063
;
292.39598,-51.650893 292.39598,-51.650893 285.74651,-58.308473
305.07164,-51.587893 294.04087,-51.867793 294.04087,-51.867793
292.39598,-51.650893 292.39598,-51.650893 292.39598,-51.650893
;
369.29281,-51.845293 369.29281,-51.845293 359.4962,-57.449023
372.34881,-54.839743 369.29281,-51.845293 369.29281,-51.845293
369.29281,-51.845293 369.29281,-51.845293 369.29281,-51.845293
;
390.51828,-52.937243 390.51828,-52.937243 386.64305,-56.137523
392.03654,-53.450673 390.51828,-52.937243 390.51828,-52.937243
390.51828,-52.937243 390.51828,-52.937243 390.51828,-52.937243
;
360.18377,-53.189513 360.18377,-53.189513 357.13957,-57.609513
358.69661,-55.295823 360.18377,-53.189513 360.18377,-53.189513
360.18377,-53.189513 360.18377,-53.189513 360.18377,-53.189513
;
345.13886,-53.895063 345.13886,-53.895063 338.01611,-54.701963
345.82433,-65.775013 345.23456,-55.217983 345.23456,-55.217983
345.13876,-53.895063 345.13876,-53.895063 345.13876,-53.895063
345.13886,-53.895063 345.13886,-53.895063 345.13886,-53.895063
;
362.88862,-54.362733 362.88862,-54.362733 360.55946,-54.870013
361.21355,-58.516973 362.88862,-54.362733 362.88862,-54.362733
362.88862,-54.362733 362.88862,-54.362733 362.88862,-54.362733
;
350.5432,-56.094823 350.5432,-56.094823 347.20217,-56.458213
348.86375,-60.906233 350.5432,-56.094823 350.5432,-56.094823
350.5432,-56.094823 350.5432,-56.094823 350.5432,-56.094823
;
315.28738,-56.011723 315.28738,-56.011723 310.43071,-61.061213
320.34244,-61.970463 316.26742,-59.162943 314.14941,-58.771943
317.09222,-56.065253 315.28738,-56.011723 315.28738,-56.011723
315.28738,-56.011723 315.28738,-56.011723 315.28738,-56.011723
;
300.83184,-57.642133 300.83184,-57.642133 293.88287,-57.906293
298.36154,-62.992993 300.83184,-57.642133 300.83184,-57.642133
300.83184,-57.642133 300.83184,-57.642133 300.83184,-57.642133
;
354.13014,-58.699493 354.13014,-58.699493 344.85635,-62.713163
349.3548,-63.754543 353.92322,-61.243503 354.24397,-60.331343
356.61773,-58.823013 354.13014,-58.699493 354.13014,-58.699493
354.13014,-58.699493 354.13014,-58.699493 354.13014,-58.699493
;
338.6064,-59.428253 338.6064,-59.428253 335.26483,-61.128853
343.35501,-59.569213 338.6064,-59.428253 338.6064,-59.428253
338.6064,-59.428253 338.6064,-59.428253 338.6064,-59.428253
;
322.35788,-59.277283 322.35788,-59.277283 316.27901,-62.020323
328.7763,-69.652833 322.35777,-59.277283 322.35777,-59.277283
322.35788,-59.277283 322.35788,-59.277283 322.35788,-59.277283
;
284.69226,-59.539513 284.69226,-59.539513 282.90976,-61.166573
288.22304,-62.591183 284.69226,-59.539513 284.69226,-59.539513
284.69226,-59.539513 284.69226,-59.539513 284.69226,-59.539513
;
299.43556,-61.818003 299.43556,-61.818003 296.89032,-61.234613
295.31194,-67.057483 299.43556,-61.818003 299.43556,-61.818003
299.43556,-61.818003 299.43556,-61.818003 299.43556,-61.818003
;
365.83114,-62.228253 365.83114,-62.228253 363.20626,-63.802023
369.6223,-63.282803 365.83114,-62.228253 365.83114,-62.228253
365.83114,-62.228253 365.83114,-62.228253 365.83114,-62.228253
;
295.1957,-62.888703 295.1957,-62.888703 292.44702,-63.298113
293.28427,-65.801763 295.1957,-62.888703 295.1957,-62.888703
295.1957,-62.888703 295.1957,-62.888703 295.1957,-62.888703
;
332.38781,-63.349513 332.38781,-63.349513 325.53731,-67.839413
338.89772,-64.638163 333.95454,-63.772843 333.95454,-63.772843
332.38786,-63.349513 332.38786,-63.349513 332.38786,-63.349513
332.38781,-63.349513 332.38781,-63.349513 332.38781,-63.349513
;
317.11857,-63.861483 317.11857,-63.861483 311.85154,-65.666443
321.42194,-67.060473 317.11857,-63.861483 317.11857,-63.861483
317.11857,-63.861483 317.11857,-63.861483 317.11857,-63.861483
;
353.04107,-65.889513 353.04107,-65.889513 350.28439,-71.344843
358.85703,-69.325153 353.04107,-65.889513 353.04107,-65.889513
353.04107,-65.889513 353.04107,-65.889513 353.04107,-65.889513
;
312.85478,-67.354723 312.85478,-67.354723 311.49186,-67.678193
312.0156,-67.527113 312.85478,-67.354723 312.85478,-67.354723
312.85478,-67.354723 312.85478,-67.354723 312.85478,-67.354723
;
366.11989,-68.006173 366.11989,-68.006173 357.31826,-69.948923
370.46672,-70.455303 366.11989,-68.006173 366.11989,-68.006173
366.11989,-68.006173 366.11989,-68.006173 366.11989,-68.006173
;
335.20524,-70.400283 335.20524,-70.400283 329.98445,-71.937383
337.80644,-73.139073 335.20524,-70.400283 335.20524,-70.400283
335.20524,-70.400283 335.20524,-70.400283 335.20524,-70.400283
;
338.68912,-70.475583 338.68912,-70.475583 334.26339,-74.048333
339.18683,-74.920583 338.68912,-70.475583 338.68912,-70.475583
338.68912,-70.475583 338.68912,-70.475583 338.68912,-70.475583
;
645.93669,286.51471 645.93669,286.51471 655.98044,278.73437
652.89261,261.00106 640.50169,263.99513 622.51542,248.74737
643.90136,271.51338 648.0922,273.38207 653.08145,291.65371
637.54116,273.43307 645.93669,286.51471 645.93669,286.51471
645.93669,286.51471 645.93669,286.51471 645.93669,286.51471
;
647.73878,268.26104 647.73878,268.26104 643.46317,272.63778
650.67411,261.92485 647.73878,268.26104 647.73878,268.26104
647.73878,268.26104 647.73878,268.26104 647.73878,268.26104
;
65.321279,284.1371 65.321279,284.1371 62.670789,280.70454
85.343899,262.71362 73.873539,274.04765 65.871549,284.34043
84.177239,281.37016 83.201309,272.45676 105.83486,266.1618
81.458499,274.08132 81.866409,266.95635 85.417839,256.38612
76.034999,271.59831 78.425779,254.40017 79.375699,260.92191
74.738939,273.70599 68.171709,269.42506 60.988509,275.99001
65.489519,253.96789 73.444209,254.45454 74.690709,246.07851
55.058809,265.38977 62.097919,273.3116 62.566569,283.96241
53.235659,256.54019 48.595649,272.36916 43.813289,286.33177
37.735339,261.2953 38.769169,253.72711 30.336939,274.02441
45.786029,283.48672 64.001259,279.74445 65.134229,280.52587
64.881219,285.13973 65.321279,284.1371 65.321279,284.1371
65.321279,284.1371 65.321279,284.1371 65.321279,284.1371
;
77.435329,279.0257 77.435329,279.0257 66.739519,278.74302
84.476149,269.22249 77.435329,279.0257 77.435329,279.0257
77.435329,279.0257 77.435329,279.0257 77.435329,279.0257
;
56.004079,275.92034 56.004079,275.92034 41.914639,271.0422
61.321109,266.62736 56.004079,275.92034 56.004079,275.92034
56.004079,275.92034 56.004079,275.92034 56.004079,275.92034
;
66.883279,274.66964 66.883279,274.66964 61.755589,276.69941
70.777219,271.38037 66.883279,274.66964 66.883279,274.66964
66.883279,274.66964 66.883279,274.66964 66.883279,274.66964
;
474.17505,283.36049 474.17505,283.36049 476.65056,281.40948
471.27122,281.7247 474.17505,283.36049 474.17505,283.36049
474.17505,283.36049 474.17505,283.36049 474.17505,283.36049
;
310.97898,282.21142 310.97898,282.21142 312.18346,279.1229
308.82476,279.56104 310.97898,282.21142 310.97898,282.21142
310.97898,282.21142 310.97898,282.21142 310.97898,282.21142
;
664.98235,280.63447 664.98235,280.63447 671.31043,273.95099
658.49999,263.52168 658.28574,270.34092 659.13494,247.2703
653.7918,259.63478 655.90948,275.5512 659.41875,283.1234
661.97644,263.23334 664.45182,280.53825 660.90054,278.31765
663.48517,281.55398 664.98235,280.63445 664.98235,280.63445
664.98235,280.63447 664.98235,280.63447 664.98235,280.63447
;
585.43531,279.12716 585.43531,279.12716 591.26401,274.77908
579.19472,246.61404 581.52326,261.30837 580.67046,256.82134
583.26694,272.30073 585.43531,279.12716 585.43531,279.12716
585.43531,279.12716 585.43531,279.12716 585.43531,279.12716
;
14.464499,278.68329 14.464499,278.68329 28.658299,275.46436
11.762869,264.20447 26.106109,260.9473 13.191479,244.30666
1.1341591,277.16302 10.143139,272.5458 3.0733891,258.23572
32.097699,258.83529 14.806719,266.92405 32.465749,277.48347
1.7741291,274.12968 14.464499,278.68329 14.464499,278.68329
14.464499,278.68329 14.464499,278.68329 14.464499,278.68329
;
590.19781,278.21981 590.19781,278.21981 606.90145,277.07935
592.1421,262.25478 601.99521,259.67755 608.44956,248.2703
565.88447,251.7484 592.80408,254.72168 607.71964,256.01912
589.82332,262.96911 595.91311,272.43649 596.37716,275.93482
581.01835,275.33523 590.19781,278.21981 590.19781,278.21981
590.19781,278.21981 590.19781,278.21981 590.19781,278.21981
;
614.82487,278.41984 614.82487,278.41984 617.30845,264.58394
611.36191,251.1084 612.77078,272.89635 612.80798,275.19833
612.15879,277.40536 614.82487,278.41984 614.82487,278.41984
614.82487,278.41984 614.82487,278.41984 614.82487,278.41984
;
293.04754,277.73552 293.04754,277.73552 295.66332,277.72442
292.75987,275.58171 293.04754,277.73552 293.04754,277.73552
293.04754,277.73552 293.04754,277.73552 293.04754,277.73552
;
332.05267,277.59811 332.05267,277.59811 333.57977,272.73819
333.84215,270.11111 331.18545,273.88944 331.02139,275.20452
331.40396,276.45649 332.05267,277.59811 332.05267,277.59811
332.05267,277.59811 332.05267,277.59811 332.05267,277.59811
;
298.58225,276.2045 298.58225,276.2045 299.84633,271.81138
296.09791,269.10874 298.58225,276.2045 298.58225,276.2045
298.58225,276.2045 298.58225,276.2045 298.58225,276.2045
;
328.08392,276.30494 328.08392,276.30494 331.89,270.50245
324.12153,266.71439 328.08392,276.30494 328.08392,276.30494
328.08392,276.30494 328.08392,276.30494 328.08392,276.30494
;
623.27071,276.0962 623.27071,276.0962 633.80206,274.48873
611.78003,267.66663 623.5319,264.30494 637.73952,254.33751
605.50657,248.45255 615.31455,254.82396 623.03485,252.53095
626.73338,262.64673 618.95944,263.44762 613.62646,266.6221
620.39125,274.28189 623.27071,276.0962 623.27071,276.0962
623.27071,276.0962 623.27071,276.0962 623.27071,276.0962
;
636.08473,275.59938 636.08473,275.59938 640.98399,265.1798
626.78317,259.73893 636.08473,275.59938 636.08473,275.59938
636.08473,275.59938 636.08473,275.59938 636.08473,275.59938
;
290.50836,274.66424 290.50836,274.66424 291.92692,270.04274
287.97778,276.05239 290.50836,274.66424 290.50836,274.66424
290.50836,274.66424 290.50836,274.66424 290.50836,274.66424
;
311.19873,273.84897 311.19873,273.84897 312.67478,271.46056
307.2767,270.80197 311.19873,273.84897 311.19873,273.84897
311.19873,273.84897 311.19873,273.84897 311.19873,273.84897
;
321.9985,273.12454 321.9985,273.12454 327.38584,270.74808
321.03209,264.0672 321.99851,273.12452 321.99851,273.12452
321.9985,273.12454 321.9985,273.12454 321.9985,273.12454
;
329.71404,270.4841 329.71404,270.4841 333.1672,263.5175
325.37349,271.58703 329.71404,270.4841 329.71404,270.4841
329.71404,270.4841 329.71404,270.4841 329.71404,270.4841
;
346.84408,271.01327 346.84408,271.01327 350.60878,268.97998
342.42385,267.14639 346.84408,271.01327 346.84408,271.01327
346.84408,271.01327 346.84408,271.01327 346.84408,271.01327
;
276.88795,266.42716 276.88795,266.42716 281.86855,263.52455
274.31318,265.35442 276.88795,266.42716 276.88795,266.42716
276.88795,266.42716 276.88795,266.42716 276.88795,266.42716
;
340.45358,265.36883 340.45358,265.36883 342.01499,260.12766
337.36746,264.40959 340.45358,265.36883 340.45358,265.36883
340.45358,265.36883 340.45358,265.36883 340.45358,265.36883
;
301.13683,264.77487 301.13683,264.77487 304.61203,261.67149
298.99658,262.12884 301.13683,264.77487 301.13683,264.77487
301.13683,264.77487 301.13683,264.77487 301.13683,264.77487
;
308.84061,265.01605 308.84061,265.01605 311.49459,262.98575
306.58084,263.69879 308.84061,265.01605 308.84061,265.01605
308.84061,265.01605 308.84061,265.01605 308.84061,265.01605
;
292.71795,264.50016 292.71795,264.50016 298.18143,261.98062
288.70202,262.95847 292.71795,264.50016 292.71795,264.50016
292.71795,264.50016 292.71795,264.50016 292.71795,264.50016
;
297.06961,255.29604 297.06961,255.29604 297.23391,253.50811
292.86017,254.73021 296.49487,255.11329 296.49487,255.11329
297.06961,255.29604 297.06961,255.29604 297.06961,255.29604
;
316.31848,254.01517 316.31848,254.01517 321.36768,251.9888
311.6911,252.18563 316.31848,254.01517 316.31848,254.01517
316.31848,254.01517 316.31848,254.01517 316.31848,254.01517
;
342.26638,252.44834 342.26638,252.44834 337.72319,247.50828
351.01865,254.55926 340.15294,248.66408 339.43475,250.09464
340.30814,252.93569 342.26638,252.44834 342.26638,252.44834
342.26638,252.44834 342.26638,252.44834 342.26638,252.44834
;
291.27231,220.00672 291.27231,220.00672 295.88586,218.74573
287.94161,219.49929 291.27231,220.00672 291.27231,220.00672
291.27231,220.00672 291.27231,220.00672 291.27231,220.00672
;
307.88641,219.7723 307.88641,219.7723 314.61727,219.08492
307.46737,219.58695 311.19934,215.77344 308.01857,219.03359
307.19598,206.51361 306.53356,217.23378 307.17029,217.84059
306.79528,219.04984 307.88641,219.7723 307.88641,219.7723
307.88641,219.7723 307.88641,219.7723 307.88641,219.7723
;
296.1813,219.8605 296.1813,219.8605 297.83263,211.47419
293.09979,210.90406 294.0448,219.24054 297.51438,216.68296
294.63549,218.40011 296.1813,219.8605 296.1813,219.8605
296.1813,219.8605 296.1813,219.8605 296.1813,219.8605
;
299.48681,219.7212 299.48681,219.7212 303.93069,219.93476
309.69164,215.24067 304.29203,209.94939 299.49872,209.64988
300.85422,211.61871 293.63863,210.51367 287.66574,205.13659
302.69308,209.93227 306.44399,208.81252 304.111,205.23409
290.11413,207.29594 283.39499,206.72891 272.04554,208.68486
277.49199,202.30185 273.40918,204.86394 268.40259,203.91945
266.15193,201.7945 271.82068,206.41739 269.95062,207.81507
266.2361,207.19491 269.22872,209.55027 277.73638,208.61651
270.05427,209.30382 273.93009,210.33151 282.53686,207.22654
274.51299,210.93263 285.12044,210.79791 288.38102,211.46681
298.35338,210.77801 300.07992,214.13428 298.02606,225.07256
300.02112,209.61477 297.48051,215.50497 297.22105,216.96569
297.07324,220.14466 299.48681,219.7212 299.48681,219.7212
299.48681,219.7212 299.48681,219.7212 299.48681,219.7212
;
303.55602,217.69488 303.55602,217.69488 301.69364,208.92218
304.48416,208.67891 303.55602,217.69488 303.55602,217.69488
303.55602,217.69488 303.55602,217.69488 303.55602,217.69488
;
301.58784,215.97995 301.58784,215.97995 301.05237,211.18749
303.75614,211.67387 301.5878,215.97995 301.5878,215.97995
301.58784,215.97995 301.58784,215.97995 301.58784,215.97995
;
290.20736,210.3301 290.20736,210.3301 286.77679,208.69745
291.4892,207.97398 290.20736,210.3301 290.20736,210.3301
290.20736,210.3301 290.20736,210.3301 290.20736,210.3301
;
260.71178,218.44939 260.71178,218.44939 264.3483,214.99662
258.12395,217.77578 260.71178,218.44939 260.71178,218.44939
260.71178,218.44939 260.71178,218.44939 260.71178,218.44939
;
326.87002,213.5105 326.87002,213.5105 328.84126,210.46216
324.79731,213.01631 326.87002,213.5105 326.87002,213.5105
326.87002,213.5105 326.87002,213.5105 326.87002,213.5105
;
307.53461,211.91301 307.53461,211.91301 319.35314,214.09374
303.45161,208.96451 307.53461,211.91301 307.53461,211.91301
307.53461,211.91301 307.53461,211.91301 307.53461,211.91301
;
320.76378,211.70936 320.76378,211.70936 320.90523,208.88516
316.98414,209.18783 320.76378,211.70936 320.76378,211.70936
320.76378,211.70936 320.76378,211.70936 320.76378,211.70936
;
316.79083,210.3355 316.79083,210.3355 323.3836,208.00602
313.66626,209.59484 316.79083,210.3355 316.79083,210.3355
316.79083,210.3355 316.79083,210.3355 316.79083,210.3355
;
296.39326,209.97151 296.39326,209.97151 300.85761,209.33573
295.17414,207.69524 296.39326,209.97151 296.39326,209.97151
296.39326,209.97151 296.39326,209.97151 296.39326,209.97151
;
312.47649,209.22431 312.47649,209.22431 311.74182,206.59763
308.45753,209.17721 312.47649,209.22431 312.47649,209.22431
312.47649,209.22431 312.47649,209.22431 312.47649,209.22431
;
307.91564,208.78505 307.91564,208.78505 312.93685,207.37564
334.50478,203.61352 317.7073,205.60296 316.25495,207.09512
305.07954,205.06855 307.91564,208.78505 307.91564,208.78505
307.91564,208.78505 307.91564,208.78505 307.91564,208.78505
;
264.63582,207.51327 264.63582,207.51327 266.51579,205.72575
263.79727,203.71083 264.63582,207.51327 264.63582,207.51327
264.63582,207.51327 264.63582,207.51327 264.63582,207.51327
;
349.74451,207.05465 349.74451,207.05465 352.61626,204.01122
346.9336,205.97197 349.74451,207.05465 349.74451,207.05465
349.74451,207.05465 349.74451,207.05465 349.74451,207.05465
;
326.90645,205.4848 326.90645,205.4848 332.77164,206.23656
332.48385,202.02879 326.90645,205.4848 326.90645,205.4848
326.90645,205.4848 326.90645,205.4848 326.90645,205.4848
;
300.38985,204.91885 300.38985,204.91885 301.54684,201.5099
298.58432,205.26636 300.38985,204.91885 300.38985,204.91885
300.38985,204.91885 300.38985,204.91885 300.38985,204.91885
;
338.20546,205.3912 338.20546,205.3912 363.15279,204.92055
341.74355,201.75431 338.20546,205.3912 338.20546,205.3912
338.20546,205.3912 338.20546,205.3912 338.20546,205.3912
;
289.45476,202.79516 289.45476,202.79516 288.07309,200.86439
288.67608,201.69141 289.45476,202.79516 289.45476,202.79516
289.45476,202.79516 289.45476,202.79516 289.45476,202.79516
;
263.13544,201.36276 263.13544,201.36276 264.95615,191.45659
257.62384,202.1973 263.13545,201.36276 263.13545,201.36276
263.13544,201.36276 263.13544,201.36276 263.13544,201.36276
;
283.82128,200.39295 283.82128,200.39295 286.89288,199.26417
280.72187,199.4717 283.82128,200.39295 283.82128,200.39295
283.82128,200.39295 283.82128,200.39295 283.82128,200.39295
;
288.86149,200.18942 288.86149,200.18942 289.81063,198.59498
287.6455,196.81191 288.86149,200.18942 288.86149,200.18942
288.86149,200.18942 288.86149,200.18942 288.86149,200.18942
;
362.55225,196.16423 362.55225,196.16423 363.25805,193.60015
359.3713,196.62055 362.55225,196.16423 362.55225,196.16423
362.55225,196.16423 362.55225,196.16423 362.55225,196.16423
;
239.68424,196.22433 239.68424,196.22433 243.98104,192.98621
237.93277,184.36836 239.68424,196.22433 239.68424,196.22433
239.68424,196.22433 239.68424,196.22433 239.68424,196.22433
;
263.10544,195.86615 263.10544,195.86615 263.42217,195.03814
261.36661,189.26329 263.10544,195.86615 263.10544,195.86615
263.10544,195.86615 263.10544,195.86615 263.10544,195.86615
;
308.71889,195.87115 308.71889,195.87115 312.79654,195.52588
306.29447,193.7833 308.71889,195.87115 308.71889,195.87115
308.71889,195.87115 308.71889,195.87115 308.71889,195.87115
;
406.53855,194.00248 406.53855,194.00248 409.64764,189.80732
402.52523,190.98581 406.53855,194.00248 406.53855,194.00248
406.53855,194.00248 406.53855,194.00248 406.53855,194.00248
;
287.70212,193.39676 287.70212,193.39676 288.54598,189.25139
284.21745,193.5473 287.70212,193.39676 287.70212,193.39676
287.70212,193.39676 287.70212,193.39676 287.70212,193.39676
;
270.9072,192.94136 270.9072,192.94136 273.90401,192.08095
271.12828,190.52586 270.9072,192.94136 270.9072,192.94136
270.9072,192.94136 270.9072,192.94136 270.9072,192.94136
;
299.37649,191.18158 299.37649,191.18158 303.52356,187.09333
296.16574,188.5022 299.37649,191.18158 299.37649,191.18158
299.37649,191.18158 299.37649,191.18158 299.37649,191.18158
;
295.88961,191.28549 295.88961,191.28549 299.81921,189.72251
292.73437,189.20849 295.88961,191.28549 295.88961,191.28549
295.88961,191.28549 295.88961,191.28549 295.88961,191.28549
;
299.41233,187.9593 299.41233,187.9593 302.092,185.60702
296.75695,187.47149 299.41233,187.9593 299.41233,187.9593
299.41233,187.9593 299.41233,187.9593 299.41233,187.9593
;
278.83898,184.2271 278.83898,184.2271 283.26043,183.72409
276.92459,181.52072 278.83898,184.2271 278.83898,184.2271
278.83898,184.2271 278.83898,184.2271 278.83898,184.2271
;
299.88547,184.2301 299.88547,184.2301 304.75573,181.90712
297.54178,179.95756 299.88547,184.2301 299.88547,184.2301
299.88547,184.2301 299.88547,184.2301 299.88547,184.2301
;
402.54903,181.39221 402.54903,181.39221 407.92259,176.48931
399.88857,176.22407 402.54903,181.39221 402.54903,181.39221
402.54903,181.39221 402.54903,181.39221 402.54903,181.39221
;
298.00961,177.62105 298.00961,177.62105 300.72762,175.61867
296.63323,174.85018 298.00961,177.62105 298.00961,177.62105
298.00961,177.62105 298.00961,177.62105 298.00961,177.62105
;
281.5127,172.23565 281.5127,172.23565 285.1417,170.15484
270.22888,163.62466 273.31684,166.55208 273.24654,167.78325
278.74364,170.23075 281.5127,172.23565 281.5127,172.23565
281.5127,172.23565 281.5127,172.23565 281.5127,172.23565
;
289.5801,170.89506 289.5801,170.89506 290.15322,166.24045
297.36953,169.25311 291.68541,163.85664 288.65279,153.14194
268.05848,165.81927 283.45751,160.63118 292.79612,162.57051
288.98369,165.12912 290.66852,169.81414 286.85186,169.48067
289.21,170.63389 289.5801,170.89506 289.5801,170.89506
289.5801,170.89506 289.5801,170.89506 289.5801,170.89506
;
288.37306,169.41327 288.37306,169.41327 289.72708,164.94126
286.17871,167.31932 288.37306,169.41327 288.37306,169.41327
288.37306,169.41327 288.37306,169.41327 288.37306,169.41327
;
307.927,166.05167 307.927,166.05167 309.75055,156.3106
321.26699,155.48082 328.4367,157.48965 322.20729,151.57291
304.11966,157.78573 307.927,166.05167 307.927,166.05167
307.927,166.05167 307.927,166.05167 307.927,166.05167
;
332.83481,162.6706 332.83481,162.6706 339.47328,159.44687
339.93678,151.23725 336.25292,146.75697 331.00125,136.15766
329.651,142.25678 335.10001,146.28198 338.60003,151.77911
335.44215,161.44476 332.83481,162.6706 332.83481,162.6706
332.83481,162.6706 332.83481,162.6706 332.83481,162.6706
;
270.51054,162.6223 270.51054,162.6223 266.50014,156.57335
282.52901,139.92201 278.69504,142.07299 273.95002,147.59406
266.08313,154.45668 270.51054,162.6223 270.51054,162.6223
270.51054,162.6223 270.51054,162.6223 270.51054,162.6223
;
235.67728,162.35771 235.67728,162.35771 239.08621,161.57674
234.77333,158.38348 235.67728,162.35771 235.67728,162.35771
235.67728,162.35771 235.67728,162.35771 235.67728,162.35771
;
314.75902,162.13147 314.75902,162.13147 315.24116,159.8788
311.54352,161.79277 314.75902,162.13147 314.75902,162.13147
314.75902,162.13147 314.75902,162.13147 314.75902,162.13147
;
384.93201,158.04863 384.93201,158.04863 387.33391,155.4353
381.602,155.99776 384.93201,158.04863 384.93201,158.04863
384.93201,158.04863 384.93201,158.04863 384.93201,158.04863
;
345.73006,142.78908 345.73006,142.78908 350.32236,141.88251
341.52416,140.62637 345.73006,142.78908 345.73006,142.78908
345.73006,142.78908 345.73006,142.78908 345.73006,142.78908
;
447.54082,141.19105 447.54082,141.19105 446.09128,137.00121
455.85392,113.65696 450.20011,125.57152 446.9458,129.23586
447.08031,136.33396 447.54082,141.19105 447.54082,141.19105
447.54082,141.19105 447.54082,141.19105 447.54082,141.19105
;
327.73114,140.13271 327.73114,140.13271 330.02617,137.67468
324.36213,137.79015 327.73114,140.13271 327.73114,140.13271
327.73114,140.13271 327.73114,140.13271 327.73114,140.13271
;
368.54093,138.51689 368.54093,138.51689 369.3135,134.30103
365.54172,139.2436 368.54093,138.51689 368.54093,138.51689
368.54093,138.51689 368.54093,138.51689 368.54093,138.51689
;
328.39155,138.17878 328.39155,138.17878 327.62631,135.01265
322.84458,139.12025 328.39155,138.17878 328.39155,138.17878
328.39155,138.17878 328.39155,138.17878 328.39155,138.17878
;
351.536,138.36883 351.536,138.36883 352.41758,135.4464
348.71721,136.95401 351.536,138.36883 351.536,138.36883
351.536,138.36883 351.536,138.36883 351.536,138.36883
;
296.25708,136.69431 296.25708,136.69431 298.07135,131.97018
291.34696,135.53219 296.25708,136.69431 296.25708,136.69431
296.25708,136.69431 296.25708,136.69431 296.25708,136.69431
;
307.86657,136.59951 307.86657,136.59951 310.22242,135.50243
304.57433,135.70281 307.86657,136.59951 307.86657,136.59951
307.86657,136.59951 307.86657,136.59951 307.86657,136.59951
;
299.91482,133.5179 299.91482,133.5179 300.52086,128.11339
297.74538,134.46439 299.91482,133.5179 299.91482,133.5179
299.91482,133.5179 299.91482,133.5179 299.91482,133.5179
;
262.04382,131.2652 262.04382,131.2652 261.17104,128.65408
258.0472,131.1659 262.04382,131.2652 262.04382,131.2652
262.04382,131.2652 262.04382,131.2652 262.04382,131.2652
;
409.06501,128.8166 409.06501,128.8166 408.63562,125.25072
407.74407,131.60874 409.06501,128.8166 409.06501,128.8166
409.06501,128.8166 409.06501,128.8166 409.06501,128.8166
;
300.92003,126.72713 300.92003,126.72713 303.16723,124.36708
299.78973,123.93194 300.92003,126.72713 300.92003,126.72713
300.92003,126.72713 300.92003,126.72713 300.92003,126.72713
;
302.64278,124.25768 302.64278,124.25768 305.36902,122.36406
304.02742,118.01479 302.64278,124.25768 302.64278,124.25768
302.64278,124.25768 302.64278,124.25768 302.64278,124.25768
;
301.31764,120.16017 301.31764,120.16017 303.33459,116.8747
298.61903,121.04435 301.31764,120.16017 301.31764,120.16017
301.31764,120.16017 301.31764,120.16017 301.31764,120.16017
;
451.59727,120.02435 451.59727,120.02435 452.84317,117.6877
449.91768,117.7232 451.59727,120.02435 451.59727,120.02435
451.59727,120.02435 451.59727,120.02435 451.59727,120.02435
;
351.50998,117.90771 351.50998,117.90771 351.3586,113.9095
349.55414,115.08953 351.50998,117.90771 351.50998,117.90771
351.50998,117.90771 351.50998,117.90771 351.50998,117.90771
;
451.11516,117.89661 451.11516,117.89661 454.28221,115.07522
450.10194,116.1429 451.11516,117.89661 451.11516,117.89661
451.11516,117.89661 451.11516,117.89661 451.11516,117.89661
;
285.08301,110.85216 285.08301,110.85216 289.40517,104.97289
285.13671,100.12826 285.08301,110.85216 285.08301,110.85216
285.08301,110.85216 285.08301,110.85216 285.08301,110.85216
;
447.61677,105.91327 447.61677,105.91327 449.39968,100.84656
446.77555,98.391877 447.61677,105.91327 447.61677,105.91327
447.61677,105.91327 447.61677,105.91327 447.61677,105.91327
;
312.99755,103.71353 312.99755,103.71353 313.7117,99.955447
311.03124,104.8505 312.99755,103.71353 312.99755,103.71353
312.99755,103.71353 312.99755,103.71353 312.99755,103.71353
;
288.02127,103.44383 288.02127,103.44383 291.86517,97.581637
282.33412,98.631597 288.02127,103.44383 288.02127,103.44383
288.02127,103.44383 288.02127,103.44383 288.02127,103.44383
;
300.65545,103.0883 300.65545,103.0883 301.76588,97.490947
301.07471,102.27129 300.65545,103.0883 300.65545,103.0883
300.65545,103.0883 300.65545,103.0883 300.65545,103.0883
;
450.56423,97.707387 450.56423,97.707387 454.9003,87.664717
450.87331,86.890757 450.56423,97.707387 450.56423,97.707387
450.56423,97.707387 450.56423,97.707387 450.56423,97.707387
;
299.15614,95.480767 299.15614,95.480767 302.79866,96.048787
299.90774,90.704027 299.15614,95.480767 299.15614,95.480767
299.15614,95.480767 299.15614,95.480767 299.15614,95.480767
;
442.02204,93.102547 442.02204,93.102547 444.89242,92.227707
439.81281,90.945057 442.02204,93.102547 442.02204,93.102547
442.02204,93.102547 442.02204,93.102547 442.02204,93.102547
;
299.92507,91.464707 299.92507,91.464707 299.77168,87.542657
298.50314,93.609707 299.92507,91.464707 299.92507,91.464707
299.92507,91.464707 299.92507,91.464707 299.92507,91.464707
;
438.59092,92.054917 438.59092,92.054917 441.68553,89.476027
437.01684,90.603107 438.59092,92.054917 438.59092,92.054917
438.59092,92.054917 438.59092,92.054917 438.59092,92.054917
;
409.75197,90.259197 409.75197,90.259197 412.73082,85.502947
405.23185,88.436897 409.75197,90.259197 409.75197,90.259197
409.75197,90.259197 409.75197,90.259197 409.75197,90.259197
;
228.95337,78.749377 228.95337,78.749377 232.62194,77.928607
225.2848,77.928607 228.95337,78.749377 228.95337,78.749377
228.95337,78.749377 228.95337,78.749377 228.95337,78.749377
;
235.83793,78.522107 235.83793,78.522107 238.36427,73.825667
228.83853,78.632707 235.83793,78.522107 235.83793,78.522107
235.83793,78.522107 235.83793,78.522107 235.83793,78.522107
;
232.08058,77.691047 232.08058,77.691047 234.38656,75.928967
229.90576,76.047887 232.08058,77.691047 232.08058,77.691047
232.08058,77.691047 232.08058,77.691047 232.08058,77.691047
;
295.74541,77.195157 295.74541,77.195157 295.89724,71.835857
296.13075,76.492837 295.74541,77.195157 295.74541,77.195157
295.74541,77.195157 295.74541,77.195157 295.74541,77.195157
;
239.3368,75.492157 239.3368,75.492157 237.49066,73.071727
234.27573,76.518347 239.3368,75.492157 239.3368,75.492157
239.3368,75.492157 239.3368,75.492157 239.3368,75.492157
;
290.32439,75.500157 290.32439,75.500157 292.31244,74.378447
287.00508,75.325357 290.32439,75.500157 290.32439,75.500157
290.32439,75.500157 290.32439,75.500157 290.32439,75.500157
;
276.67768,75.574357 276.67768,75.574357 281.57802,73.664207
273.57207,73.469267 274.32795,70.247297 272.65119,69.763287
272.66836,74.919237 276.67768,75.574357 276.67768,75.574357
276.67768,75.574357 276.67768,75.574357 276.67768,75.574357
;
280.67851,74.516027 280.67851,74.516027 282.22686,73.577817
281.58028,69.294597 279.78612,72.888737 279.78612,72.888737
279.75342,73.986527 279.75342,73.986527 279.75342,73.986527
280.67856,74.515697 280.67856,74.515697 280.67856,74.515697
280.67851,74.516027 280.67851,74.516027 280.67851,74.516027
;
272.08045,74.091217 272.08045,74.091217 276.46733,71.592957
269.54092,73.383387 272.08045,74.091217 272.08045,74.091217
272.08045,74.091217 272.08045,74.091217 272.08045,74.091217
;
254.90336,72.752137 254.90336,72.752137 258.04134,71.741267
251.2634,72.106367 254.90336,72.752137 254.90336,72.752137
254.90336,72.752137 254.90336,72.752137 254.90336,72.752137
;
277.46031,70.265557 277.46031,70.265557 277.29078,68.195437
273.57808,68.194657 277.46031,70.265557 277.46031,70.265557
277.46031,70.265557 277.46031,70.265557 277.46031,70.265557
;
279.2245,68.746667 279.2245,68.746667 280.31854,65.389017
275.51593,70.112717 279.2245,68.746667 279.2245,68.746667
279.2245,68.746667 279.2245,68.746667 279.2245,68.746667
;
280.34553,69.576887 280.34553,69.576887 282.95471,67.917267
279.4899,66.590697 280.34553,69.576887 280.34553,69.576887
280.34553,69.576887 280.34553,69.576887 280.34553,69.576887
;
426.80172,69.227837 426.80172,69.227837 437.02141,70.633927
424.97652,65.965117 426.80172,69.227837 426.80172,69.227837
426.80172,69.227837 426.80172,69.227837 426.80172,69.227837
;
421.88802,68.342417 421.88802,68.342417 430.79771,65.654827
411.14921,67.075307 421.88835,68.342457 421.88835,68.342457
421.88802,68.342417 421.88802,68.342417 421.88802,68.342417
;
417.24455,67.789367 417.24455,67.789367 417.55506,65.094237
413.87269,67.153507 417.24455,67.789367 417.24455,67.789367
417.24455,67.789367 417.24455,67.789367 417.24455,67.789367
;
315.40719,65.870987 315.40719,65.870987 318.99411,62.722497
313.36771,63.665897 315.40719,65.870987 315.40719,65.870987
315.40719,65.870987 315.40719,65.870987 315.40719,65.870987
;
306.97098,63.334297 306.97098,63.334297 317.45329,59.843527
296.84374,62.947667 306.97098,63.334297 306.97098,63.334297
306.97098,63.334297 306.97098,63.334297 306.97098,63.334297
;
321.02836,62.168807 321.02836,62.168807 322.23693,57.388927
314.94008,60.169387 321.02836,62.168807 321.02836,62.168807
321.02836,62.168807 321.02836,62.168807 321.02836,62.168807
;
266.34781,61.629617 266.34781,61.629617 268.93529,58.585487
257.58408,60.667497 266.34781,61.629617 266.34781,61.629617
266.34781,61.629617 266.34781,61.629617 266.34781,61.629617
;
234.15684,61.285267 234.15684,61.285267 243.68887,57.404467
229.22363,58.220487 234.15684,61.285267 234.15684,61.285267
234.15684,61.285267 234.15684,61.285267 234.15684,61.285267
;
324.34334,61.105087 324.34334,61.105087 328.67426,58.279697
321.81034,52.746027 324.34334,61.105087 324.34334,61.105087
324.34334,61.105087 324.34334,61.105087 324.34334,61.105087
;
315.14391,60.757707 315.14391,60.757707 318.31616,58.888417
313.22334,57.344527 315.14391,60.757707 315.14391,60.757707
315.14391,60.757707 315.14391,60.757707 315.14391,60.757707
;
232.12614,59.365757 232.12614,59.365757 242.10457,54.099727
230.17767,56.988817 232.12614,59.365757 232.12614,59.365757
232.12614,59.365757 232.12614,59.365757 232.12614,59.365757
;
327.06356,57.935487 327.06356,57.935487 328.57822,52.306157
325.57814,48.246917 326.60709,54.407707 327.37297,55.543807
325.21736,57.411317 327.06356,57.935487 327.06356,57.935487
327.06356,57.935487 327.06356,57.935487 327.06356,57.935487
;
236.90385,55.657757 236.90385,55.657757 241.52644,54.198637
233.99065,52.946007 236.90385,55.657757 236.90385,55.657757
236.90385,55.657757 236.90385,55.657757 236.90385,55.657757
;
331.82583,55.818827 331.82583,55.818827 334.21703,53.764897
329.86491,53.809007 331.82583,55.818827 331.82583,55.818827
331.82583,55.818827 331.82583,55.818827 331.82583,55.818827
;
245.48959,55.466047 245.48959,55.466047 254.2105,56.726287
241.95472,49.635037 245.48959,55.466047 245.48959,55.466047
245.48959,55.466047 245.48959,55.466047 245.48959,55.466047
;
333.99295,54.338607 333.99295,54.338607 339.96582,47.259957
336.25575,51.625877 336.55059,44.824057 340.24807,41.600447
334.38138,42.561637 332.27406,45.235537 326.50987,52.756897
333.36919,43.275887 327.34077,46.755187 322.13647,52.785337
330.66061,48.576097 333.95836,46.499247 337.64759,49.655087
332.53825,50.070357 333.99296,54.338607 333.99296,54.338607
333.99295,54.338607 333.99295,54.338607 333.99295,54.338607
;
320.99765,53.739767 320.99765,53.739767 325.59581,52.733377
320.21317,51.971197 320.99765,53.739767 320.99765,53.739767
320.99765,53.739767 320.99765,53.739767 320.99765,53.739767
;
240.68487,53.125267 240.68487,53.125267 250.89709,52.004327
234.52931,52.499637 240.68487,53.125267 240.68487,53.125267
240.68487,53.125267 240.68487,53.125267 240.68487,53.125267
;
366.89074,53.349377 366.89074,53.349377 369.33916,51.034377
362.80315,50.773747 366.89074,53.349377 366.89074,53.349377
366.89074,53.349377 366.89074,53.349377 366.89074,53.349377
;
352.17706,51.952927 352.17706,51.952927 355.8825,45.829787
349.53283,51.793827 352.17706,51.952927 352.17706,51.952927
352.17706,51.952927 352.17706,51.952927 352.17706,51.952927
;
330.39965,51.938227 330.39965,51.938227 336.72663,46.753167
331.06443,52.314567 330.39965,51.938227 330.39965,51.938227
330.39965,51.938227 330.39965,51.938227 330.39965,51.938227
;
322.2927,51.497257 322.2927,51.497257 324.98451,50.696657
318.84984,49.876327 322.2927,51.497257 322.2927,51.497257
322.2927,51.497257 322.2927,51.497257 322.2927,51.497257
;
233.37516,51.232667 233.37516,51.232667 232.88253,46.272107
229.59442,50.322797 233.37516,51.232667 233.37516,51.232667
233.37516,51.232667 233.37516,51.232667 233.37516,51.232667
;
339.89043,50.762307 339.89043,50.762307 345.12311,46.291247
337.77011,46.800867 339.89043,50.762307 339.89043,50.762307
339.89043,50.762307 339.89043,50.762307 339.89043,50.762307
;
229.98673,50.187707 229.98673,50.187707 234.4356,48.840857
226.97054,47.742067 229.98673,50.187707 229.98673,50.187707
229.98673,50.187707 229.98673,50.187707 229.98673,50.187707
;
317.8954,49.708757 317.8954,49.708757 324.81994,50.804187
316.67772,47.088487 317.8954,49.708757 317.8954,49.708757
317.8954,49.708757 317.8954,49.708757 317.8954,49.708757
;
349.77975,50.136127 349.77975,50.136127 352.86439,49.725877
345.91088,47.830767 349.77975,50.136127 349.77975,50.136127
349.77975,50.136127 349.77975,50.136127 349.77975,50.136127
;
358.47121,50.174327 358.47121,50.174327 362.5685,48.924097
357.11816,47.527257 358.47121,50.174327 358.47121,50.174327
358.47121,50.174327 358.47121,50.174327 358.47121,50.174327
;
355.86411,49.050267 355.86411,49.050267 358.93831,45.638927
353.06903,48.774727 355.86411,49.050267 355.86411,49.050267
355.86411,49.050267 355.86411,49.050267 355.86411,49.050267
;
372.5748,48.885097 372.5748,48.885097 373.11102,41.066917
368.67103,50.242747 372.5748,48.885097 372.5748,48.885097
372.5748,48.885097 372.5748,48.885097 372.5748,48.885097
;
377.10408,48.057657 377.10408,48.057657 378.57346,45.423137
375.57701,46.252057 377.10408,48.057657 377.10408,48.057657
377.10408,48.057657 377.10408,48.057657 377.10408,48.057657
;
391.8485,48.036757 391.8485,48.036757 397.31969,46.225997
384.92612,46.406667 391.8485,48.036757 391.8485,48.036757
391.8485,48.036757 391.8485,48.036757 391.8485,48.036757
;
339.97746,47.704937 339.97746,47.704937 341.80077,45.907357
342.66936,38.111487 339.97746,47.704937 339.97746,47.704937
339.97746,47.704937 339.97746,47.704937 339.97746,47.704937
;
326.19854,46.646597 326.19854,46.646597 334.58775,42.691437
326.40663,42.917987 326.19854,46.646597 326.19854,46.646597
326.19854,46.646597 326.19854,46.646597 326.19854,46.646597
;
360.3084,46.646597 360.3084,46.646597 365.3714,44.041537
358.39497,45.662437 360.3084,46.646597 360.3084,46.646597
360.3084,46.646597 360.3084,46.646597 360.3084,46.646597
;
397.84572,46.641597 397.84572,46.641597 399.79333,44.457777
391.52419,45.313327 397.84572,46.641597 397.84572,46.641597
397.84572,46.641597 397.84572,46.641597 397.84572,46.641597
;
368.30058,45.235877 368.30058,45.235877 373.92784,44.756697
367.45863,41.917297 368.30058,45.235877 368.30058,45.235877
368.30058,45.235877 368.30058,45.235877 368.30058,45.235877
;
339.3158,44.600977 339.3158,44.600977 339.13121,42.463517
336.86202,46.047927 339.3158,44.601017 339.3158,44.601017
339.3158,44.600977 339.3158,44.600977 339.3158,44.600977
;
355.87706,45.084687 355.87706,45.084687 352.04195,42.207627
354.32419,43.837587 355.87706,45.084687 355.87706,45.084687
355.87706,45.084687 355.87706,45.084687 355.87706,45.084687
;
365.77381,44.030187 365.77381,44.030187 367.32577,41.264157
360.8718,44.016487 365.77381,44.030187 365.77381,44.030187
365.77381,44.030187 365.77381,44.030187 365.77381,44.030187
;
340.56961,43.545297 340.56961,43.545297 352.98514,37.281557
344.21969,37.360987 340.56961,43.545297 340.56961,43.545297
340.56961,43.545297 340.56961,43.545297 340.56961,43.545297
;
382.32823,43.532497 382.32823,43.532497 394.82108,39.898077
374.27269,42.063257 382.32823,43.532497 382.32823,43.532497
382.32823,43.532497 382.32823,43.532497 382.32823,43.532497
;
334.39293,42.788327 334.39293,42.788327 348.50411,41.090017
333.19929,37.418937 333.85342,42.997607 333.85342,42.997607
334.39289,42.788327 334.39289,42.788327 334.39289,42.788327
334.39293,42.788327 334.39293,42.788327 334.39293,42.788327
;
347.50362,43.119187 347.50362,43.119187 349.74931,41.528677
346.27477,38.399517 347.50362,43.119187 347.50362,43.119187
347.50362,43.119187 347.50362,43.119187 347.50362,43.119187
;
397.31927,42.876157 397.31927,42.876157 396.1535,39.106307
392.91632,42.157887 397.31927,42.876157 397.31927,42.876157
397.31927,42.876157 397.31927,42.876157 397.31927,42.876157
;
358.18228,41.778677 358.18228,41.778677 361.80738,36.397697
352.74578,41.398167 358.18228,41.778677 358.18228,41.778677
358.18228,41.778677 358.18228,41.778677 358.18228,41.778677
;
350.1717,41.650357 350.1717,41.650357 353.14197,38.268267
346.471,39.514437 350.1717,41.650357 350.1717,41.650357
350.1717,41.650357 350.1717,41.650357 350.1717,41.650357
;
338.77224,39.307827 338.77224,39.307827 345.597,37.791757
338.18174,38.005117 338.77224,39.307827 338.77224,39.307827
338.77224,39.307827 338.77224,39.307827 338.77224,39.307827
;
390.46325,39.806747 390.46325,39.806747 393.58231,37.473607
386.35371,38.950727 390.46325,39.806747 390.46325,39.806747
390.46325,39.806747 390.46325,39.806747 390.46325,39.806747
;
343.66172,39.325607 343.66172,39.325607 346.31703,37.985117
341.07487,36.685487 343.66172,39.325607 343.66172,39.325607
343.66172,39.325607 343.66172,39.325607 343.66172,39.325607
;
352.305,38.885847 352.305,38.885847 355.43571,38.192637
361.48464,37.167757 353.92489,36.410997 350.5829,34.344337
350.96429,37.655627 352.305,38.885847 352.305,38.885847
352.305,38.885847 352.305,38.885847 352.305,38.885847
;
377.02164,38.730267 377.02164,38.730267 379.26861,37.310607
372.74897,38.261737 377.02164,38.730267 377.02164,38.730267
377.02164,38.730267 377.02164,38.730267 377.02164,38.730267
;
381.29836,38.087437 381.29836,38.087437 383.98156,35.493597
378.28207,31.219747 379.07134,36.063637 381.33852,34.314497
378.53942,38.345797 381.29836,38.087437 381.29836,38.087437
381.29836,38.087437 381.29836,38.087437 381.29836,38.087437
;
359.63756,37.491297 359.63756,37.491297 360.99752,31.040027
357.45288,37.944877 359.63756,37.491297 359.63756,37.491297
359.63756,37.491297 359.63756,37.491297 359.63756,37.491297
;
347.26284,37.296947 347.26284,37.296947 352.81266,33.033917
341.60771,32.769667 347.26284,37.296947 347.26284,37.296947
347.26284,37.296947 347.26284,37.296947 347.26284,37.296947
;
384.03694,37.474737 384.03694,37.474737 393.12148,32.264607
379.66378,34.553427 384.03694,37.474737 384.03694,37.474737
384.03694,37.474737 384.03694,37.474737 384.03694,37.474737
;
344.68967,37.121957 344.68967,37.121957 347.59933,35.808457
343.63008,35.483627 344.68967,37.121957 344.68967,37.121957
344.68967,37.121957 344.68967,37.121957 344.68967,37.121957
;
390.408,36.769187 390.408,36.769187 399.46439,36.169927
387.59497,33.975697 390.408,36.769187 390.408,36.769187
390.408,36.769187 390.408,36.769187 390.408,36.769187
;
450.41716,36.764187 450.41716,36.764187 453.16799,34.290007
449.35293,32.990487 450.41716,36.764187 450.41716,36.764187
450.41716,36.764187 450.41716,36.764187 450.41716,36.764187
;
366.54082,35.711247 366.54082,35.711247 369.87845,34.141777
364.08462,32.431117 366.54082,35.711247 366.54082,35.711247
366.54082,35.711247 366.54082,35.711247 366.54082,35.711247
;
363.8329,34.322817 363.8329,34.322817 370.23081,32.376047
357.91628,32.919057 363.8329,34.322817 363.8329,34.322817
363.8329,34.322817 363.8329,34.322817 363.8329,34.322817
;
449.2839,33.947357 449.2839,33.947357 451.2829,32.007907
446.74475,32.792647 449.2839,33.947357 449.2839,33.947357
449.2839,33.947357 449.2839,33.947357 449.2839,33.947357
;
359.85473,33.241807 359.85473,33.241807 362.44855,32.240747
356.88917,32.084777 359.85473,33.241807 359.85473,33.241807
359.85473,33.241807 359.85473,33.241807 359.85473,33.241807
;
386.32626,33.044387 386.32626,33.044387 387.32864,30.707407
383.64751,32.544917 386.32626,33.044387 386.32626,33.044387
386.32626,33.044387 386.32626,33.044387 386.32626,33.044387
;
357.86478,31.640007 357.86478,31.640007 361.21866,26.966667
354.39162,31.558607 357.86478,31.640007 357.86478,31.640007
357.86478,31.640007 357.86478,31.640007 357.86478,31.640007
;
228.50382,31.477157 228.50382,31.477157 235.36882,27.138807
229.24703,25.827237 228.50382,31.477157 228.50382,31.477157
228.50382,31.477157 228.50382,31.477157 228.50382,31.477157
;
310.42089,30.264277 310.42089,30.264277 314.3494,25.762177
306.54552,31.030387 310.42089,30.264277 310.42089,30.264277
310.42089,30.264277 310.42089,30.264277 310.42089,30.264277
;
384.65049,30.771597 384.65049,30.771597 380.61889,27.004507
381.62447,31.283837 384.65049,30.771597 384.65049,30.771597
384.65049,30.771597 384.65049,30.771597 384.65049,30.771597
;
349.61898,29.352137 349.61898,29.352137 353.19712,27.000577
346.00081,29.025037 349.61898,29.352137 349.61898,29.352137
349.61898,29.352137 349.61898,29.352137 349.61898,29.352137
;
379.36602,27.520687 379.36602,27.520687 386.46412,25.700827
377.03647,26.579507 379.36602,27.520687 379.36602,27.520687
379.36602,27.520687 379.36602,27.520687 379.36602,27.520687
;
273.24658,25.479937 273.24658,25.479937 275.14893,22.373527
269.43745,22.442527 273.24658,25.479937 273.24658,25.479937
273.24658,25.479937 273.24658,25.479937 273.24658,25.479937
;
225.17208,24.408177 225.17208,24.408177 228.73393,23.005677
221.66417,21.124567 225.17208,24.408177 225.17208,24.408177
225.17208,24.408177 225.17208,24.408177 225.17208,24.408177
;
446.39041,23.710647 446.39041,23.710647 449.59942,19.721037
442.40261,22.693267 446.39041,23.710647 446.39041,23.710647
446.39041,23.710647 446.39041,23.710647 446.39041,23.710647
;
444.73603,20.402077 444.73603,20.402077 449.66989,19.006867
440.30996,18.903427 444.73603,20.402077 444.73603,20.402077
444.73603,20.402077 444.73603,20.402077 444.73603,20.402077
;
293.28312,19.835487 293.28312,19.835487 296.4977,16.628027
289.70043,18.179777 293.28312,19.835487 293.28312,19.835487
293.28312,19.835487 293.28312,19.835487 293.28312,19.835487
;
234.06865,12.395967 234.06865,12.395967 237.27299,7.5518674
227.36552,10.143777 234.06865,12.395967 234.06865,12.395967
234.06865,12.395967 234.06865,12.395967 234.06865,12.395967
;
342.70726,6.7986274 342.70726,6.7986274 347.46223,2.8140474
339.18241,6.9938774 342.70726,6.7986274 342.70726,6.7986274
342.70726,6.7986274 342.70726,6.7986274 342.70726,6.7986274
;
247.03323,3.8081074 247.03323,3.8081074 248.47237,3.0019074
248.62076,1.9698574 247.03323,3.8081074 247.03323,3.8081074
247.03323,3.8081074 247.03323,3.8081074 247.03323,3.8081074
;
233.82235,3.4745274 233.82235,3.4745274 234.9903,1.4388174
230.0833,2.5195574 233.82235,3.4745274 233.82235,3.4745274
233.82235,3.4745274 233.82235,3.4745274 233.82235,3.4745274
;
241.23004,3.6077074 241.23004,3.6077074 248.32023,3.2903574
239.46508,-3.0507726 241.23004,3.6077074 241.23004,3.6077074
241.23004,3.6077074 241.23004,3.6077074 241.23004,3.6077074
;
250.05266,2.1911974 250.05266,2.1911974 251.94966,-0.01181258
247.66802,-1.1409826 250.05266,2.1911974 250.05266,2.1911974
250.05266,2.1911974 250.05266,2.1911974 250.05266,2.1911974
;
442.21582,2.1294974 442.21582,2.1294974 442.28332,-0.86772258
438.83469,1.9910374 442.21582,2.1294974 442.21582,2.1294974
442.21582,2.1294974 442.21582,2.1294974 442.21582,2.1294974
;
434.13865,0.75763742 434.13865,0.75763742 437.86865,-0.04808258
430.12449,-1.0499326 434.13865,0.75763742 434.13865,0.75763742
434.13865,0.75763742 434.13865,0.75763742 434.13865,0.75763742
;
443.60019,0.31511742 443.60019,0.31511742 444.54717,-2.5462026
439.54173,-0.86718258 443.60019,0.31511742 443.60019,0.31511742
443.60019,0.31511742 443.60019,0.31511742 443.60019,0.31511742
;
250.49314,-2.7422926 250.49314,-2.7422926 256.27807,-2.0405226
250.11813,-5.6755926 250.49314,-2.7422926 250.49314,-2.7422926
250.49314,-2.7422926 250.49314,-2.7422926 250.49314,-2.7422926
;
253.81313,-3.4478426 253.81313,-3.4478426 259.72817,-6.3736026
248.49119,-4.7493426 253.81313,-3.4478426 253.81313,-3.4478426
253.81313,-3.4478426 253.81313,-3.4478426 253.81313,-3.4478426
;
430.11614,-4.3829526 430.11614,-4.3829526 434.32067,-6.5308426
425.52706,-6.9582426 430.11614,-4.3829526 430.11614,-4.3829526
430.11614,-4.3829526 430.11614,-4.3829526 430.11614,-4.3829526
;
253.65756,-4.8589526 253.65756,-4.8589526 252.45956,-7.5739926
253.94066,-5.2023726 253.65756,-4.8589526 253.65756,-4.8589526
253.65756,-4.8589526 253.65756,-4.8589526 253.65756,-4.8589526
;
437.31182,-5.2117326 437.31182,-5.2117326 436.71751,-8.8822226
433.79318,-7.1804626 437.31182,-5.2117326 437.31182,-5.2117326
437.31182,-5.2117326 437.31182,-5.2117326 437.31182,-5.2117326
;
252.07895,-6.3323926 252.07895,-6.3323926 253.88313,-7.7543026
249.20271,-7.0779526 252.07895,-6.3323926 252.07895,-6.3323926
252.07895,-6.3323926 252.07895,-6.3323926 252.07895,-6.3323926
;
256.11726,-6.4589626 256.11726,-6.4589626 260.20572,-10.149753
256.9629,-12.233553 255.72148,-6.5602826 255.72148,-6.5602826
256.11726,-6.4589626 256.11726,-6.4589626 256.11726,-6.4589626
;
428.56815,-8.6647226 428.56815,-8.6647226 428.95029,-16.070463
426.15973,-7.1518226 428.56815,-8.6647226 428.56815,-8.6647226
428.56815,-8.6647226 428.56815,-8.6647226 428.56815,-8.6647226
;
404.39857,-14.383953 404.39857,-14.383953 404.98416,-18.713183
400.90283,-16.247883 404.39857,-14.383953 404.39857,-14.383953
404.39857,-14.383953 404.39857,-14.383953 404.39857,-14.383953
;
413.19374,-15.545903 413.19374,-15.545903 414.81359,-21.618373
417.72076,-19.993543 416.54294,-21.677873 412.43955,-27.446263
411.98065,-25.865673 412.81209,-22.353233 410.46404,-24.003943
416.74555,-13.996323 408.90904,-20.966933 411.09734,-19.455053
410.9263,-16.861733 413.19374,-15.545903 413.19374,-15.545903
413.19374,-15.545903 413.19374,-15.545903 413.19374,-15.545903
;
372.53392,-15.892063 372.53392,-15.892063 370.70349,-27.045673
372.73506,-13.745973 372.53392,-15.892063 372.53392,-15.892063
372.53392,-15.892063 372.53392,-15.892063 372.53392,-15.892063
;
380.86385,-17.470763 380.86385,-17.470763 384.28903,-28.313623
373.00608,-31.611223 379.78678,-21.183133 378.48706,-18.730723
381.07004,-19.403553 380.86385,-17.470763 380.86385,-17.470763
380.86385,-17.470763 380.86385,-17.470763 380.86385,-17.470763
;
421.77827,-17.443563 421.77827,-17.443563 423.05912,-19.310723
417.04014,-21.296943 421.77827,-17.443563 421.77827,-17.443563
421.77827,-17.443563 421.77827,-17.443563 421.77827,-17.443563
;
410.94168,-17.571413 410.94168,-17.571413 409.09955,-21.026833
405.28681,-21.825133 410.00978,-18.028423 410.00978,-18.028423
410.94168,-17.571413 410.94168,-17.571413 410.94168,-17.571413
;
403.82552,-19.316503 403.82552,-19.316503 411.02605,-23.501623
394.67022,-29.175323 403.81752,-22.592713 404.92233,-21.447333
403.18966,-20.411303 403.82552,-19.316503 403.82552,-19.316503
403.82552,-19.316503 403.82552,-19.316503 403.82552,-19.316503
;
391.89108,-19.769143 391.89108,-19.769143 390.95601,-23.566763
391.19571,-20.601253 391.89108,-19.769143 391.89108,-19.769143
391.89108,-19.769143 391.89108,-19.769143 391.89108,-19.769143
;
370.98805,-20.381133 370.98805,-20.381133 372.197,-25.729083
368.29603,-25.770093 370.98805,-20.381133 370.98805,-20.381133
370.98805,-20.381133 370.98805,-20.381133 370.98805,-20.381133
;
289.98392,-20.733913 289.98392,-20.733913 293.55673,-21.280693
288.88514,-22.962793 289.98392,-20.733913 289.98392,-20.733913
289.98392,-20.733913 289.98392,-20.733913 289.98392,-20.733913
;
418.76643,-21.719733 418.76643,-21.719733 421.95274,-23.325093
414.7776,-22.518213 418.76643,-21.719733 418.76643,-21.719733
418.76643,-21.719733 418.76643,-21.719733 418.76643,-21.719733
;
393.29651,-23.706413 393.29651,-23.706413 394.35584,-26.989503
391.49554,-23.150663 393.29651,-23.706413 393.29651,-23.706413
393.29651,-23.706413 393.29651,-23.706413 393.29651,-23.706413
;
300.21448,-29.906133 300.21448,-29.906133 302.65672,-31.158273
297.33264,-31.441373 300.21448,-29.906133 300.21448,-29.906133
300.21448,-29.906133 300.21448,-29.906133 300.21448,-29.906133
;
611.21511,-38.020063 611.21511,-38.020063 619.28907,-41.825413
622.41017,-50.694363 622.81877,-58.498893 632.54441,-70.872613
631.89515,-70.606143 631.80529,-54.058883 641.11373,-67.421293
642.01209,-49.538293 652.0292,-51.668843 657.77339,-57.827843
642.95539,-49.690323 641.60067,-63.684653 624.87823,-44.165123
642.0379,-83.989273 632.35477,-79.824233 632.35877,-74.270133
623.91399,-55.861013 618.585,-65.104563 609.07962,-65.358863
608.59482,-62.491113 607.67321,-54.457133 619.06845,-48.734723
605.19896,-51.151713 611.21511,-38.020063 611.21511,-38.020063
611.21511,-38.020063 611.21511,-38.020063 611.21511,-38.020063
;
612.511,-41.297963 612.511,-41.297963 615.13304,-58.574913
625.71069,-55.299033 612.511,-41.297963 612.511,-41.297963
612.511,-41.297963 612.511,-41.297963 612.511,-41.297963
;
612.39543,-54.247843 612.39543,-54.247843 604.24792,-64.132543
628.37337,-62.919463 614.52056,-54.688813 614.52056,-54.688813
612.39532,-54.247843 612.39532,-54.247843 612.39532,-54.247843
612.39543,-54.247843 612.39543,-54.247843 612.39543,-54.247843
;
338.15446,-38.372843 338.15446,-38.372843 343.31676,-44.834283
340.18847,-40.147463 338.15446,-38.372843 338.15446,-38.372843
338.15446,-38.372843 338.15446,-38.372843 338.15446,-38.372843
;
82.864889,-39.564273 82.864889,-39.564273 88.928449,-44.007583
88.640329,-58.234593 96.899639,-56.364513 115.70987,-53.100713
108.07889,-56.131633 98.603879,-59.769793 111.45172,-72.709603
90.396599,-56.817363 92.249939,-62.361733 82.640249,-69.741433
82.306529,-53.436543 89.702639,-57.694803 85.530909,-53.643643
72.589759,-42.814583 82.864889,-39.564273 82.864889,-39.564273
82.864889,-39.564273 82.864889,-39.564273 82.864889,-39.564273
;
82.745999,-43.125223 82.745999,-43.125223 81.528279,-49.832293
90.649339,-54.727573 82.745999,-43.125223 82.745999,-43.125223
82.745999,-43.125223 82.745999,-43.125223 82.745999,-43.125223
;
86.628369,-60.245063 86.628369,-60.245063 85.382199,-63.105853
92.071189,-62.121663 86.628369,-60.245063 86.628369,-60.245063
86.628369,-60.245063 86.628369,-60.245063 86.628369,-60.245063
;
98.072819,-62.361733 98.072819,-62.361733 94.283479,-61.282233
101.895,-64.951933 98.072819,-62.361733 98.072819,-62.361733
98.072819,-62.361733 98.072819,-62.361733 98.072819,-62.361733
;
589.92652,-48.522493 589.92652,-48.522493 603.25919,-54.515673
568.25958,-56.654213 587.20914,-60.470413 593.96391,-68.590863
577.1669,-78.458883 571.63534,-71.417503 574.10298,-63.709053
574.0613,-43.272743 578.21906,-57.775623 582.52393,-55.303253
585.28251,-50.331813 589.92652,-48.522493 589.92652,-48.522493
589.92652,-48.522493 589.92652,-48.522493 589.92652,-48.522493
;
580.30486,-61.863453 580.30486,-61.863453 566.14216,-66.279213
584.78377,-78.073953 585.93235,-63.030463 585.93235,-63.030463
584.90616,-62.496733 584.90616,-62.496733 584.90616,-62.496733
580.30488,-61.863453 580.30488,-61.863453 580.30488,-61.863453
580.30486,-61.863453 580.30486,-61.863453 580.30486,-61.863453
;
58.428679,-51.439043 58.428679,-51.439043 66.676789,-55.403163
83.892329,-52.592643 77.041729,-59.945493 80.812529,-71.000803
75.314539,-79.863483 73.995769,-61.053513 69.289959,-62.728613
55.011569,-45.670803 57.378969,-58.414113 77.114579,-65.167013
44.176889,-67.741113 53.768399,-51.891893 53.768399,-51.891893
58.428679,-51.439043 58.428679,-51.439043 58.428679,-51.439043
;
69.096219,-55.306173 69.096219,-55.306173 68.437849,-61.558633
76.332649,-58.397993 69.096219,-55.306173 69.096219,-55.306173
69.096219,-55.306173 69.096219,-55.306173 69.096219,-55.306173
;
59.035149,-61.257143 59.035149,-61.257143 58.357179,-64.641993
64.743079,-62.944033 59.035149,-61.257143 59.035149,-61.257143
59.035149,-61.257143 59.035149,-61.257143 59.035149,-61.257143
;
597.52218,-51.669473 597.52218,-51.669473 599.12983,-71.190263
593.83841,-60.308433 595.00857,-52.952673 596.22026,-51.899753
596.42033,-52.217633 597.52218,-51.669473 597.52218,-51.669473
597.52218,-51.669473 597.52218,-51.669473 597.52218,-51.669473
;
660.56966,-52.570283 660.56966,-52.570283 671.15696,-51.846713
671.57939,-64.125643 668.79838,-58.743323 647.64555,-48.205993
667.03582,-74.348653 666.61045,-71.900523 656.54254,-57.639453
658.76874,-80.241983 655.57724,-75.659203 655.947,-64.382283
649.71212,-58.719373 660.56966,-52.570283 660.56966,-52.570283
660.56966,-52.570283 660.56966,-52.570283 660.56966,-52.570283
;
10.896759,-54.540603 10.896759,-54.540603 11.962519,-50.944043
3.8461691,-91.988733 6.2543391,-64.427963 7.0334191,-60.747983
3.8119791,-52.871113 10.896759,-54.540603 10.896759,-54.540603
10.896759,-54.540603 10.896759,-54.540603 10.896759,-54.540603
;
28.046439,-55.306173 28.046439,-55.306173 25.967469,-62.842953
39.687579,-66.776873 37.944549,-57.455743 36.435209,-64.788213
56.920329,-71.164873 39.200479,-67.653403 37.094119,-88.707953
36.029419,-56.307103 27.907419,-65.696423 27.833519,-71.122483
40.428429,-69.380563 27.313489,-72.566683 23.417229,-67.883463
24.461459,-57.949123 26.740379,-56.893683 26.740379,-56.893683
27.245499,-55.747153 27.245499,-55.747153 27.245499,-55.747153
28.046289,-55.306183 28.046289,-55.306183 28.046289,-55.306183
28.046439,-55.306173 28.046439,-55.306173 28.046439,-55.306173
;
16.161379,-56.852263 16.161379,-56.852263 26.562139,-55.012773
24.921659,-76.272233 14.023519,-62.596373 12.381639,-60.180793
14.016519,-57.910293 16.161379,-56.852263 16.161379,-56.852263
16.161379,-56.852263 16.161379,-56.852263 16.161379,-56.852263
;
17.541999,-61.908073 17.541999,-61.908073 14.961679,-64.807423
26.813549,-64.521913 17.541999,-61.908073 17.541999,-61.908073
17.541999,-61.908073 17.541999,-61.908073 17.541999,-61.908073
;
598.55628,-66.635983 598.55628,-66.635983 601.48507,-72.962593
587.1155,-67.874723 598.55628,-66.635983 598.55628,-66.635983
598.55628,-66.635983 598.55628,-66.635983 598.55628,-66.635983
;
