427.0,480.0 427.0,480.0 284.66667,480.0
142.33333,480.0 0.0,480.0 0.0,320.0
0.0,160.0 0.0,0.0 284.66667,0.0
569.33333,0.0 854.0,0.0 854.0,160.0
854.0,320.0 854.0,480.0 711.66667,480.0
569.33333,480.0 427.0,480.0 427.0,480.0
427.0,480.0 427.0,480.0 427.0,480.0
;
194.51036,479.0 194.51036,479.0 202.81977,468.34885
209.11706,452.72689 219.57837,442.1493 235.23323,420.58126
260.62492,411.08024 282.21219,396.80181 293.16941,391.48246
287.93499,392.29239 289.07577,381.57375 298.31628,366.4848
296.07469,346.46077 299.32702,329.49002 299.21991,316.5574
303.44928,302.49784 300.40039,290.25 304.8091,281.57865
295.61496,280.53836 294.72967,276.54093 297.18872,263.89783
290.89128,257.22727 295.14368,247.37891 298.39725,238.271
299.46391,231.2373 301.99331,221.22535 317.18983,183.64805
323.61383,141.5184 347.66386,107.96642 368.97912,77.947549
403.75026,55.657372 441.53587,57.979729 453.35202,57.73887
464.89775,63.234443 473.73814,69.069575 492.7878,67.503596
506.51232,82.881828 517.99843,96.5 525.68403,108.12131
533.88632,123.60794 538.60094,138.32927 543.33542,150.19817
549.22553,164.96036 549.73984,176.0 554.20358,195.68193
557.57044,219.48718 562.01237,240.69902 566.57106,270.66584
565.11892,301.59731 562.49993,332.00045 565.06779,324.81386
568.62005,351.57529 564.66216,346.75 562.28445,355.24047
570.27009,344.03801 567.82384,359.20878 565.86636,369.84629
574.77632,378.75843 581.67704,383.87302 587.97277,391.8255
601.93538,394.45289 609.63837,399.50005 617.8037,403.9047
628.3381,409.63211 638.0,413.05141 640.53236,423.35478
655.53742,421.10105 661.45569,430.00005 677.24794,426.73772
663.36769,444.27167 668.31494,450.9537 676.39945,460.01017
685.07181,468.59835 691.5,478.97426 706.38129,483.4442
693.53631,467.08497 697.98457,469.50959 695.12623,456.14265
697.94817,476.21264 690.5653,461.74115 686.19356,450.40494
673.8303,442.94602 672.34639,431.00005 683.91768,439.19061
666.52326,422.71393 660.79503,421.95036 643.71507,414.06798
658.49047,417.11764 649.19069,412.60181 639.74036,406.9986
629.164,403.70378 619.5,398.91754 639.90129,401.66727
615.36108,395.67529 607.75,393.25154 600.83114,388.59502
592.07468,384.16454 583.73953,379.50005 580.507,370.92961
581.73521,365.62034 577.76052,355.7809 574.15707,340.92199
575.02677,343.96883 579.94982,347.0938 582.45402,347.263
572.68298,341.63697 576.59598,337.51557 571.16928,320.36074
575.12045,301.32203 576.98177,284.03423 577.60361,272.5714
579.15273,258.45347 579.65644,245.86269 576.20773,256.10734
577.29476,267.69518 575.76247,278.50005 573.39945,269.9484
571.87114,256.57441 572.3267,271.64952 576.82591,278.95479
569.61399,290.97496 571.30406,293.75005 567.81543,286.12472
570.41399,282.80567 569.10405,270.7892 570.53173,255.57481
569.84051,262.51946 569.96983,253.90066 568.89461,249.76717
565.59793,251.22989 567.76916,242.413 570.32964,227.78668
564.32493,246.60968 565.67934,233.27302 566.52382,227.90403
561.70829,200.52438 565.61214,213.28393 566.72422,223.00191
571.78804,225.73263 569.0248,213.22123 564.78296,200.98442
567.11602,208.67812 564.6358,196.99073 562.9732,192.93249
561.51652,176.7365 560.04587,181.25011 555.37053,184.79436
556.07073,165.94096 552.52141,166.78869 552.23247,172.24622
552.27177,154.91707 550.51741,160.66632 550.25443,159.08614
543.15768,140.92553 550.26054,149.87024 553.7782,153.04205
551.59392,157.2757 554.78996,165.00003 559.39663,159.49145
546.65559,137.22122 553.70174,145.1083 555.31629,143.50541
556.04625,142.22569 548.83479,131.56862 543.06091,122.11891
540.45735,110.49749 531.66089,103.0366 520.76001,105.42064
531.03944,96.064313 535.12079,103.49509 545.96308,116.00447
532.52324,98.763323 529.37539,93.768748 524.18289,84.244061
516.78959,78.459257 508.92652,72.526846 503.63585,65.524916
491.59308,62.21903 495.55742,64.955899 504.04887,69.423067
490.27575,63.500688 488.25003,65.040069 500.46547,58.9124
490.63911,62.083828 479.50003,60.837602 493.46757,53.526683
468.47057,64.776471 463.65778,58.63207 455.90768,54.425937
450.14119,56.12437 447.11803,53.0 440.18978,53.414588
430.03764,54.733059 429.28254,53.95384 430.04016,55.049952
414.35325,56.984722 407.5,58.13836 395.45416,60.943644
388.87412,64.60961 397.0,62.90593 381.32587,66.821492
369.13152,79.939985 358.0,90.173724 340.67136,106.98767
331.75142,131.06992 318.48781,151.29987 316.68086,157.57532
305.50482,178.10754 310.52794,175.14688 311.65643,186.02951
307.42362,192.57663 302.5965,203.64089 306.83632,199.53267
304.57555,206.72369 298.78783,216.25021 301.04034,200.82977
293.13273,228.75153 292.23595,234.67651 288.77033,253.82479
294.05086,236.34743 295.32886,227.0 297.4547,232.25782
292.20009,246.23673 288.61709,253.30818 288.79724,261.69465
283.92275,266.48527 286.95318,279.57615 285.43095,293.09883
295.82145,304.83246 295.87813,317.19995 296.50989,324.01863
289.78012,321.62997 286.88394,333.94542 284.46086,347.70786
292.55156,327.82568 292.27643,327.66979 292.78702,320.51276
297.77335,325.82506 294.38676,338.3605 294.27873,345.52895
287.62153,365.04661 289.0,364.0 288.53544,369.45407
286.09208,377.22744 282.53771,374.98408 284.3993,379.0224
285.47643,383.21006 278.72161,389.25946 278.37499,384.10882
280.31628,395.83345 270.35019,399.27053 260.9669,403.21864
256.40012,409.67933 247.5,414.09893 260.80141,401.34122
233.82698,424.05781 236.00606,418.97975 230.2611,425.2521
222.81924,435.15549 214.39523,442.5 207.00896,454.49184
197.69991,465.53554 193.0495,479.0 193.0495,479.0
194.51036,479.0 194.51036,479.0 194.51036,479.0
;
689.68765,470.0 689.68765,470.0 686.78364,466.43493
669.57534,451.2954 680.03117,453.24141 678.31843,454.88556
685.65605,461.98018 689.16237,468.31134 689.16237,468.31134
689.96764,470.0 689.96764,470.0 689.96764,470.0
689.68765,470.0 689.68765,470.0 689.68765,470.0
;
578.16008,374.40106 578.16008,374.40106 570.31357,366.85756
575.1028,365.84285 571.85601,356.97096 569.73604,354.6266
573.04033,348.81353 569.0,346.15873 570.23321,333.37572
570.33857,337.41182 573.16801,347.90737 574.4006,354.62245
580.5205,374.51819 576.07026,368.66821 574.36815,374.71567
581.63942,370.45149 578.16008,374.40106 578.16008,374.40106
578.16008,374.40106 578.16008,374.40106 578.16008,374.40106
;
570.01043,336.0 570.01043,336.0 566.25495,329.7318
563.19122,317.50741 571.0,328.0 568.49564,330.67645
570.73796,333.85608 570.01043,336.0 570.01043,336.0
570.01043,336.0 570.01043,336.0 570.01043,336.0
;
571.51588,319.0 571.51588,319.0 567.67558,319.0586
568.52341,308.56902 570.70033,299.5 571.93782,310.25397
573.00157,300.99733 572.00689,318.20834 572.00689,318.20834
572.03168,319.0 572.03168,319.0 572.03168,319.0
571.51579,319.0 571.51579,319.0 571.51579,319.0
571.51588,319.0 571.51588,319.0 571.51588,319.0
;
298.22496,302.17504 298.22496,302.17504 294.75998,302.48822
291.44666,283.98607 298.04728,298.72504 297.93648,299.85598
301.26895,301.37296 298.22496,302.17504 298.22496,302.17504
298.22496,302.17504 298.22496,302.17504 298.22496,302.17504
;
563.06461,199.89547 563.06461,199.89547 555.78369,199.82187
562.98521,181.90806 563.06461,199.89547 563.06461,199.89547
563.06461,199.89547 563.06461,199.89547 563.06461,199.89547
;
546.89866,138.16398 546.89866,138.16398 543.4674,129.13864
545.27856,135.30387 549.42928,135.77136 555.92835,143.40888
546.9462,133.69356 546.89866,138.16398 546.89866,138.16398
546.89866,138.16398 546.89866,138.16398 546.89866,138.16398
;
536.34201,120.13112 536.34201,120.13112 531.65153,115.72921
529.29339,111.17042 535.99998,115.86852 528.95646,104.10909
543.91791,122.77525 536.34201,120.13112 536.34201,120.13112
536.34201,120.13112 536.34201,120.13112 536.34201,120.13112
;
526.51546,96.0 526.51546,96.0 513.94603,91.199032
528.3808,93.704852 517.05452,84.454384 504.2357,69.173825
523.09914,90.249393 516.17427,80.246332 521.03128,85.673114
528.28032,91.297148 525.66012,94.32809 528.47102,91.63765
528.07841,94.206814 526.51546,96.0 526.51546,96.0
526.51546,96.0 526.51546,96.0 526.51546,96.0
;
506.63422,76.0 506.63422,76.0 495.28096,69.066554
502.19919,66.58516 506.29832,74.032759 499.8982,69.660372
508.09901,76.5617 506.63422,76.0 506.63422,76.0
506.63422,76.0 506.63422,76.0 506.63422,76.0
;
383.94798,479.0 383.94798,479.0 384.53544,465.96794
388.64165,471.29657 388.30902,474.69098 383.67371,481.91213
396.65793,479.40161 389.17802,468.54102 388.40647,455.45508
391.68265,466.71255 393.87082,473.32533 404.55114,485.09934
391.24137,465.32708 391.55262,458.77405 384.22561,442.33617
397.611,461.49012 404.30836,463.91245 410.06078,468.56106
425.72576,481.83709 427.88482,477.87298 408.65232,465.53728
391.43049,450.64763 375.85416,433.9717 373.19169,442.14623
380.95337,454.69822 375.78576,464.25004 378.52943,460.05007
379.07151,478.40914 383.94797,479.0 383.94797,479.0
383.94798,479.0 383.94798,479.0 383.94798,479.0
;
383.25092,466.5 383.25092,466.5 383.54223,476.97341
374.44067,455.76454 382.26835,452.25 379.86601,454.45824
378.31301,447.44456 376.0,436.68517 378.36001,445.8629
384.19855,441.62075 383.342,452.0933 385.32569,441.98025
387.77123,452.8848 387.06744,461.0 382.48165,447.32364
385.91816,460.03292 383.25092,466.5 383.25092,466.5
383.25092,466.5 383.25092,466.5 383.25092,466.5
;
500.01998,479.0 500.01998,479.0 509.26803,474.33508
516.85632,464.14104 523.27371,455.5 521.47242,461.59854
517.65432,484.32247 525.83353,477.06589 529.26931,459.3152
530.423,440.30903 536.27341,423.5 534.51639,430.09521
536.87403,450.88267 541.11231,447.0 543.73685,455.65779
542.11683,464.12152 537.01701,471.5 539.5533,490.87016
542.06775,455.85759 542.0,477.75193 550.73026,482.00564
543.77862,459.30673 545.43733,452.45838 544.93568,438.35905
540.96153,424.58887 537.68014,410.91495 532.7074,410.02747
532.18163,434.60057 531.13618,424.19098 532.31626,417.92113
535.30488,404.30533 528.69669,395.1037 529.16272,389.77287
514.91059,369.80657 521.56734,383.28579 524.96266,390.22835
531.33342,407.78058 522.80245,393.0 524.42439,399.59569
532.11009,408.05024 528.11798,417.28664 527.68096,422.81086
529.52891,430.21388 524.0,439.11803 532.6738,436.23245
527.55489,445.59944 521.84202,451.91022 516.01091,462.69833
506.3799,471.02358 498.00001,479.0 498.00001,479.0
499.95931,479.0 499.95931,479.0 499.95931,479.0
500.02001,479.0 500.02001,479.0 500.02001,479.0
500.01998,479.0 500.01998,479.0 500.01998,479.0
;
374.22831,465.0 374.22831,465.0 370.99651,457.59674
375.04112,448.01539 370.49883,446.43973 368.06157,430.9393
368.59992,459.05179 372.86244,464.06499 372.86244,464.06499
373.24264,465.0 373.24264,465.0 373.24264,465.0
374.22831,465.0 374.22831,465.0 374.22831,465.0
;
362.75563,447.0 362.75563,447.0 363.05039,433.60409
359.40904,430.01789 361.74778,445.5 362.24993,447.19432
362.47314,452.59381 362.75563,447.0 362.75563,447.0
362.75563,447.0 362.75563,447.0 362.75563,447.0
;
392.12244,410.0 392.12244,410.0 394.66818,404.1176
378.72262,395.76426 392.12244,410.0 392.12244,410.0
392.12244,410.0 392.12244,410.0 392.12244,410.0
;
389.77994,400.87722 389.77994,400.87722 383.3236,393.65374
384.45741,380.80347 379.79968,371.5 377.52982,379.9835
382.73328,389.80776 385.19019,398.55871 386.68046,399.35238
388.23039,400.15437 389.77994,400.87722 389.77994,400.87722
389.77994,400.87722 389.77994,400.87722 389.77994,400.87722
;
504.52883,379.0 504.52883,379.0 500.88163,363.4713
512.18308,381.1834 507.637,370.15138 501.59328,358.56048
503.82609,344.00249 501.62376,331.18901 509.69203,319.92288
516.86947,307.82285 519.3781,294.0 530.77735,298.30839
543.42193,281.18293 533.25117,273.87257 522.82977,261.80504
534.84607,276.89774 534.85948,281.5 533.13279,288.94838
529.26186,267.78955 531.08926,286.45844 520.13216,297.23598
522.45937,286.03276 527.96953,278.5 522.17747,273.56359
526.0743,283.22343 519.90744,289.8675 516.36903,286.2488
524.03591,274.0256 522.23679,266.5 523.86833,274.93367
526.84394,266.80273 523.61338,263.63088 533.92353,233.84592
531.71663,200.02941 519.00021,171.50483 516.30854,161.41802
509.72332,149.6028 507.87016,141.0 504.00231,150.85847
516.9449,162.22297 517.19563,173.5 511.25825,171.00726
507.2899,146.88601 507.71087,157.49578 507.62767,168.64096
514.61108,170.96718 518.57347,179.93839 519.9843,188.42432
525.0676,203.13106 522.89225,208.43379 520.29881,214.06551
528.86642,218.90267 526.62388,227.91393 525.08581,242.75545
523.06145,257.53678 516.6494,271.25 518.28658,277.45646
516.6716,290.08501 514.15865,299.3557 510.80597,312.15964
503.55434,323.28028 495.97417,333.94686 502.49255,336.48039
498.71914,355.44765 501.0886,364.4559 502.14712,369.27535
499.66508,376.01905 504.52883,379.0 504.52883,379.0
504.52883,379.0 504.52883,379.0 504.52883,379.0
;
375.28048,375.0 375.28048,375.0 378.53081,370.87655
367.80883,344.51967 379.13741,354.59662 389.13619,363.07505
398.44449,367.14035 383.74893,354.68912 373.74646,339.59441
376.8472,350.83806 367.98735,339.26642 349.91896,318.20449
341.71169,291.07748 339.14043,263.86167 335.68531,249.88846
336.1471,231.10807 346.0,221.0 342.16397,236.28518
349.2136,217.097 352.79843,212.51639 356.27914,214.15396
369.00433,217.48377 377.76835,214.94479 384.57811,209.50353
401.41525,220.1563 397.73128,207.8644 390.48165,196.528
377.77034,193.70407 365.09876,195.50246 367.13154,192.68766
375.33829,174.76625 386.37183,182.80811 397.04093,187.52199
409.45664,181.19215 392.13195,180.54629 383.4389,173.61283
384.65499,178.12066 378.50003,178.0205 367.83685,176.27664
362.24166,189.67008 356.58585,196.92002 361.69059,197.42338
367.58147,196.00946 378.40615,197.39357 395.79849,203.48537
382.52357,199.21812 372.11115,197.73458 363.1873,199.90173
351.36254,200.64217 361.14341,203.21198 374.59603,201.29077
352.27744,205.53861 367.5,211.26758 358.45689,205.39762
348.62635,208.69575 343.09372,217.56165 334.42543,224.68323
331.04381,234.41984 333.0,245.41905 338.15866,273.71885
338.67494,304.62284 356.48295,328.75247 361.60412,339.38482
374.71151,345.77283 372.44274,358.82183 373.81903,363.52215
372.36324,372.13016 375.28048,375.0 375.28048,375.0
375.28048,375.0 375.28048,375.0 375.28048,375.0
;
380.64388,211.0 380.64388,211.0 374.42302,211.50658
374.07115,201.32137 377.43465,201.80394 382.22859,201.47236
379.0358,204.84648 385.27192,204.25 387.98583,200.04127
387.60328,215.17013 380.64388,211.0 380.64388,211.0
380.64388,211.0 380.64388,211.0 380.64388,211.0
;
364.61965,191.92431 364.61965,191.92431 355.51418,199.49547
378.00838,172.07124 369.69189,185.65552 368.3061,188.06982
366.8861,190.24318 364.61965,191.92431 364.61965,191.92431
364.61965,191.92431 364.61965,191.92431 364.61965,191.92431
;
416.12244,316.0 416.12244,316.0 421.10845,314.83073
406.80655,309.73368 425.66711,310.99072 418.9515,313.29071
420.72729,318.41398 427.99999,312.33796 438.2475,308.34116
435.0167,314.9493 444.75809,311.77438 448.56074,315.81961
457.01348,315.9625 450.9934,305.91035 438.83929,296.81278
453.50267,307.00775 437.60162,304.31971 429.98875,301.18502
420.54116,298.73367 410.39611,297.57102 400.66201,299.43338
387.52441,300.79287 401.70513,290.31998 416.84539,290.85944
395.4334,285.66718 393.63328,295.29922 389.36947,301.13023
374.38776,309.96476 385.16825,310.75 389.38748,315.82272
391.23123,310.16923 399.83908,313.5 389.4047,307.75534
388.82837,302.45349 397.95556,304.94949 400.10876,312.43735
402.23521,303.34786 408.46853,308.68662 415.86831,309.05312
407.07479,317.15347 416.12244,316.0 416.12244,316.0
416.12244,316.0 416.12244,316.0 416.12244,316.0
;
436.5,309.86637 436.5,309.86637 416.29213,308.49793
448.65196,303.25194 436.5,309.86637 436.5,309.86637
436.5,309.86637 436.5,309.86637 436.5,309.86637
;
446.83333,310.0 446.83333,310.0 426.52531,304.32491
456.24956,306.45993 446.83333,310.0 446.83333,310.0
446.83333,310.0 446.83333,310.0 446.83333,310.0
;
424.91667,307.0 424.91667,307.0 403.45248,300.57801
445.69082,300.43051 424.91667,307.0 424.91667,307.0
424.91667,307.0 424.91667,307.0 424.91667,307.0
;
408.70032,304.69291 408.70032,304.69291 402.59083,297.91223
424.46649,303.21441 412.0,306.0 414.51289,303.2576
408.00234,301.22404 408.70032,304.69291 408.70032,304.69291
408.70032,304.69291 408.70032,304.69291 408.70032,304.69291
;
419.36914,292.72871 419.36914,292.72871 431.87741,293.51519
433.21634,287.69533 420.39791,291.07159 413.63639,290.56133
406.37441,292.30488 419.36914,292.72871 419.36914,292.72871
419.36914,292.72871 419.36914,292.72871 419.36914,292.72871
;
439.81069,273.01959 439.81069,273.01959 457.42089,260.67645
431.07863,272.84395 439.81069,273.01959 439.81069,273.01959
439.81069,273.01959 439.81069,273.01959 439.81069,273.01959
;
437.32569,270.0 437.32569,270.0 447.48355,262.5562
443.49284,251.64285 438.69002,268.0 436.38356,266.58996
434.18262,270.37993 437.32569,270.0 437.32569,270.0
437.32569,270.0 437.32569,270.0 437.32569,270.0
;
404.0,268.95288 404.0,268.95288 419.91992,267.25526
393.17318,255.79283 400.16251,268.1216 401.13567,269.46616
402.65862,268.89289 404.0,268.95288 404.0,268.95288
404.0,268.95288 404.0,268.95288 404.0,268.95288
;
430.8739,268.4706 430.8739,268.4706 443.55708,265.25787
420.72509,259.08272 420.40822,267.74166 430.09083,263.265
418.80958,270.31 430.8739,268.4706 430.8739,268.4706
430.8739,268.4706 430.8739,268.4706 430.8739,268.4706
;
395.28518,265.0 395.28518,265.0 396.54008,253.25824
396.74386,245.01536 393.00002,261.13148 394.03852,261.83736
394.033,264.6734 395.28518,265.0 395.28518,265.0
395.28518,265.0 395.28518,265.0 395.28518,265.0
;
572.5,255.36163 572.5,255.36163 578.50748,250.23553
574.72552,240.48741 572.72153,250.32362 576.27971,253.07549
565.42869,255.01611 572.5,255.36163 572.5,255.36163
572.5,255.36163 572.5,255.36163 572.5,255.36163
;
568.88916,233.22549 568.88916,233.22549 576.88208,219.77464
568.57075,236.58553 568.88916,233.22549 568.88916,233.22549
568.88916,233.22549 568.88916,233.22549 568.88916,233.22549
;
384.24712,224.86382 384.24712,224.86382 398.47374,219.62475
393.12772,214.44244 384.07606,224.23147 379.98459,224.85282
381.80937,224.70988 384.24712,224.86382 384.24712,224.86382
384.24712,224.86382 384.24712,224.86382 384.24712,224.86382
;
575.62047,220.71286 575.62047,220.71286 577.00852,200.56701
570.15865,225.87576 574.80064,215.5 575.28974,215.82799
574.19656,223.30505 575.62047,220.71286 575.62047,220.71286
575.62047,220.71286 575.62047,220.71286 575.62047,220.71286
;
479.10985,219.30365 479.10985,219.30365 487.24306,215.16223
503.41464,218.86169 506.0,208.95712 495.34025,203.09611
484.64559,195.05416 471.52823,198.24411 461.22349,197.09812
447.94872,205.30469 448.0,216.14391 460.17508,212.23235
465.61235,216.76431 475.94677,219.47655 475.94677,219.47655
477.5,219.65311 477.5,219.65311 477.5,219.65311
479.10985,219.30365 479.10985,219.30365 479.10985,219.30365
;
470.55735,214.0 470.55735,214.0 465.29073,213.22595
464.78981,199.08328 470.50005,207.0 482.0331,212.22832
467.93388,202.38659 475.91865,204.0 483.3218,200.12263
502.97886,215.31772 487.43705,208.07877 477.24176,197.19198
481.57084,216.63824 470.5574,214.0 470.5574,214.0
470.55735,214.0 470.55735,214.0 470.55735,214.0
;
497.30902,206.96086 497.30902,206.96086 488.6585,204.38893
474.84105,197.73949 491.44348,203.06477 492.73386,203.58901
499.84795,205.51651 497.30902,206.96086 497.30902,206.96086
497.30902,206.96086 497.30902,206.96086 497.30902,206.96086
;
510.0,190.86893 510.0,190.86893 508.19223,188.11524
494.96647,181.35572 486.77499,180.88928 474.91788,180.99005
459.27869,179.25055 450.2372,184.50017 460.40273,186.70161
474.04288,183.85325 485.5,184.11737 477.82118,186.5515
499.47699,187.91941 506.02572,189.875 507.32452,190.32102
508.54194,191.25481 510.0,190.86893 510.0,190.86893
510.0,190.86893 510.0,190.86893 510.0,190.86893
;
495.80576,186.98469 495.80576,186.98469 477.68218,181.00696
498.81569,182.61445 497.54071,186.97769 497.54071,186.97769
495.80576,186.98469 495.80576,186.98469 495.80576,186.98469
495.80576,186.98469 495.80576,186.98469 495.80576,186.98469
;
508.7095,186.0 508.7095,186.0 507.21077,176.86346
493.98426,178.1816 489.65137,170.0 483.161,173.14401
479.53476,169.57309 465.41828,170.69546 458.7933,168.77758
434.6336,182.83727 447.29223,176.49997 454.18023,179.80445
468.99848,173.38784 478.58613,176.76849 495.96133,185.69496
468.19169,169.66827 485.03619,175.01937 487.04173,170.82379
490.90369,175.29295 501.00879,180.69858 504.85593,180.40324
505.81457,184.32872 508.7095,186.0 508.7095,186.0
508.7095,186.0 508.7095,186.0 508.7095,186.0
;
411.24556,184.0 411.24556,184.0 408.22288,176.40717
400.88094,175.82148 391.85704,171.02532 393.66313,164.90498
403.37985,145.37143 394.49085,160.45134 389.37408,176.89253
381.89063,166.22258 394.19912,157.82776 408.64543,145.23741
418.22608,128.50143 430.4845,114.25617 435.93153,109.72033
454.32511,95.357518 438.03907,105.40782 420.54804,118.64558
411.82834,139.63452 394.80006,153.58246 389.53859,159.20667
373.65531,170.37876 388.3369,174.51598 396.01753,177.50613
404.33639,179.87775 411.24556,184.0 411.24556,184.0
411.24556,184.0 411.24556,184.0 411.24556,184.0
;
562.99171,181.71868 562.99171,181.71868 566.77175,176.49673
551.23496,161.56152 557.78282,174.19895 560.62766,175.70957
562.62046,177.06381 562.99171,181.71862 562.99171,181.71862
562.99171,181.71868 562.99171,181.71868 562.99171,181.71868
;
393.12183,152.0 393.12183,152.0 398.00272,148.41621
414.05576,130.83918 400.84285,142.72178 398.42963,145.48077
394.11373,149.58504 393.12183,152.0 393.12183,152.0
393.12183,152.0 393.12183,152.0 393.12183,152.0
;
504.6415,144.0 504.6415,144.0 505.77489,139.69327
503.89039,119.23448 503.55041,134.06691 504.86646,138.25876
498.81142,141.12008 504.6415,144.0 504.6415,144.0
504.6415,144.0 504.6415,144.0 504.6415,144.0
;
