427.0,480.0 427.0,480.0 284.66667,480.0
142.33333,480.0 0.0,480.0 0.0,320.0
0.0,160.0 0.0,0.0 284.66667,0.0
569.33333,0.0 854.0,0.0 854.0,160.0
854.0,320.0 854.0,480.0 711.66667,480.0
569.33333,480.0 427.0,480.0 427.0,480.0
427.0,480.0 427.0,480.0 427.0,480.0
;
210.6933,478.98982 210.6933,478.98982 221.02979,471.64767
227.25051,457.24788 239.08711,450.19931 251.53004,439.04151
264.34219,428.31297 277.15353,417.58347 276.21188,409.03512
286.84512,403.39315 290.34098,394.63483 291.95164,383.58702
307.93029,386.16185 303.91293,372.58149 302.61036,357.5022
310.73347,340.89868 303.41727,326.98797 295.61234,321.35898
306.34369,329.64959 300.7687,316.8979 306.19157,331.41314
306.53874,313.92142 300.0521,316.934 299.56137,329.96308
292.38828,322.80948 294.18044,311.5 293.78113,300.04586
292.34369,299.16198 294.36893,285.42093 296.3419,274.46999
296.84993,261.2577 300.49083,251.98526 300.71387,241.09436
306.94413,233.06019 309.25472,221.97014 313.74115,213.05567
315.04616,200.64004 317.99994,195.16667 315.75922,187.6162
323.61026,174.68275 326.21845,165.37125 335.04493,137.32047
355.39587,112.18136 384.49994,104.13056 404.36945,97.211891
427.53937,95.560441 447.26948,103.15575 460.86218,115.23083
483.21171,118.06612 491.22437,135.32433 492.11899,137.89286
501.30175,140.16954 494.69439,144.69659 502.46113,147.05089
506.07404,159.91509 508.31935,169.04454 508.80216,178.93234
519.25585,187.65379 514.1004,188.85924 519.46241,194.35093
517.50298,202.4624 519.65659,212.45703 524.8412,233.99068
526.98112,256.1562 526.51727,278.41805 528.36292,307.00624
512.22625,335.5192 522.38609,363.45113 534.77626,368.59232
549.02589,373.00483 561.99962,377.57286 568.06071,380.60352
572.92469,381.48278 584.44104,385.39489 596.42318,388.37553
592.99434,406.85711 605.00095,411.41988 618.37244,422.58914
632.38728,438.2215 628.99962,456.92366 627.32493,463.87507
638.82249,490.02938 635.56088,471.79879 631.98007,464.63003
630.89078,445.37625 632.97408,443.5 636.73814,452.90412
639.66384,463.35474 642.65156,472.32449 640.07585,482.09419
650.61726,480.67827 645.83296,469.5 641.06749,442.05099
626.25923,417.63846 606.99953,398.42478 590.99296,384.12061
603.77032,391.91941 612.57378,402.42209 620.21653,409.13631
622.34462,416.66958 626.99953,417.86035 616.60981,401.87307
602.09449,388.68071 585.05985,380.3833 576.83894,375.00595
566.0083,374.46079 557.19987,369.62297 550.13032,366.13227
524.02594,361.96017 531.3939,362.46334 526.33802,359.65858
528.15431,337.17517 523.99956,343.33333 524.34565,335.57448
529.79268,320.18838 529.52456,329.55113 530.68726,310.64185
541.05751,293.27578 538.07899,273.82562 539.03171,259.5703
537.25496,247.02253 535.86681,233.5 531.60598,216.80344
529.20714,198.02274 523.65759,180.91716 518.02127,179.00177
521.52709,175.81443 524.11051,174.57908 518.80308,163.38149
516.838,159.12176 511.52427,149.5 514.9987,145.00637
505.99361,143.90644 502.27703,134.6522 505.00529,133.02963
491.46936,125.50345 492.0368,120.13036 479.56402,114.86781
486.56083,112.51598 476.25229,110.30838 463.08619,105.48777
468.37841,113.36098 461.96855,103.96922 447.29051,99.387251
458.12262,101.46786 449.45014,99.0 439.03607,95.440826
432.57169,94.410318 422.3885,93.02819 415.60545,92.882127
404.14632,97.584423 402.38973,94.072055 389.37227,95.156037
388.77123,96.16574 392.5,98.757418 382.81984,100.52289
385.05343,95.451228 372.39672,103.96702 369.32441,103.58071
358.60417,112.218 351.62541,116.29818 344.34096,124.80495
335.50335,133.79166 330.44391,143.56047 327.48267,151.87728
325.65315,161.25635 321.83235,166.73578 321.60924,162.90326
317.68109,185.19278 316.96939,176.5 313.93867,188.43873
312.43702,202.2232 303.71025,212.5 297.66383,226.0897
303.90933,227.2349 299.6931,236.45221 298.1789,232.38334
291.85978,231.82349 297.83339,240.0 300.77201,244.18123
294.72727,238.79536 296.20572,252.37771 293.26449,265.8093
292.22866,258.89274 288.75987,266.09314 293.56698,260.6472
291.54945,283.2507 289.31335,290.99934 289.37475,303.41581
289.34465,319.34153 293.00003,329.05902 294.61155,331.85959
295.26021,343.20049 300.36283,350.73058 303.46597,361.89998
297.03893,372.4317 298.26539,377.02466 305.62314,378.18914
289.40167,386.77528 285.81779,392.80766 276.00462,397.96098
272.82601,409.49853 264.1202,416.87332 247.02582,438.7145
224.1872,455.61066 208.88659,479.0 208.88659,479.0
210.6933,478.9898 210.6933,478.9898 210.6933,478.9898
210.6933,478.98982 210.6933,478.98982 210.6933,478.98982
;
254.4927,432.38718 254.4927,432.38718 243.45441,445.85364
254.0705,427.18203 259.93174,425.69857 260.28733,424.56117
277.80525,402.9301 270.61302,414.28498 263.44164,427.60548
281.04601,407.6464 266.59406,424.0 263.77556,422.74684
259.44465,428.93413 254.49324,432.38718 254.49324,432.38718
254.4927,432.38718 254.4927,432.38718 254.4927,432.38718
;
617.86501,417.96832 617.86501,417.96832 612.24004,411.79905
604.93168,409.18441 599.01027,400.02011 593.6564,387.86746
610.90533,409.95397 614.50208,412.58853 615.43757,413.81308
618.10484,417.20442 617.86501,417.96832 617.86501,417.96832
617.86501,417.96832 617.86501,417.96832 617.86501,417.96832
;
301.9603,348.0 301.9603,348.0 297.86211,347.21655
301.85646,326.62223 301.9603,348.0 301.9603,348.0
301.9603,348.0 301.9603,348.0 301.9603,348.0
;
526.5318,326.55887 526.5318,326.55887 520.71881,327.46053
532.05953,310.04667 526.81806,326.1804 526.81806,326.1804
526.5318,326.55887 526.5318,326.55887 526.5318,326.55887
;
531.42904,311.0 531.42904,311.0 530.93334,306.70519
537.63842,281.81802 535.09488,297.44903 534.61916,301.9468
533.2149,307.35347 531.42904,311.0 531.42904,311.0
531.42904,311.0 531.42904,311.0 531.42904,311.0
;
530.7305,221.1548 530.7305,221.1548 531.57306,228.43305
523.04623,203.45312 528.36861,208.85208 527.61038,212.53478
531.76962,213.02232 530.7305,221.1548 530.7305,221.1548
530.7305,221.1548 530.7305,221.1548 530.7305,221.1548
;
303.66436,222.24377 303.66436,222.24377 301.16718,216.39018
312.57753,204.70436 305.9414,222.0818 305.11085,221.91775
303.56862,219.58426 303.66436,222.24377 303.66436,222.24377
303.66436,222.24377 303.66436,222.24377 303.66436,222.24377
;
497.5,133.0 497.5,133.0 495.81074,126.70202
474.80942,116.63294 479.96117,116.0 485.59365,120.58911
498.56558,125.54355 497.5,133.0 497.5,133.0
497.5,133.0 497.5,133.0 497.5,133.0
;
381.01901,479.0 381.01901,479.0 382.86523,474.90591
366.12274,457.74303 376.5,471.56172 378.33116,473.18802
378.17301,479.11284 381.01901,479.0 381.01901,479.0
381.01901,479.0 381.01901,479.0 381.01901,479.0
;
398.99697,478.84673 398.99697,478.84673 405.62831,478.77133
398.24142,470.43855 405.08068,474.54985 409.6363,483.41466
411.18301,469.95433 399.86693,469.20031 392.75432,462.7906
392.37462,446.41013 397.01911,463.7425 410.05443,474.14097
386.08837,448.20517 406.69857,461.27432 422.12574,467.09606
437.35585,475.26592 453.10503,479.00003 469.34103,481.13223
478.74449,463.63497 489.0316,453.81644 495.59231,446.78202
500.95557,420.32497 499.83559,442.91089 498.35716,463.4625
500.97858,436.22772 503.52142,448.29425 503.47762,459.24623
502.5223,466.815 505.00003,477.5 507.86283,478.71712
508.37063,476.37849 507.52512,462.5 508.36877,444.49912
503.54214,426.41434 501.61839,409.04831 505.32231,419.80728
513.03657,425.31681 512.41632,432.5386 512.48982,443.35159
518.26819,453.9122 516.23691,465.3338 516.45017,471.87907
518.59927,481.37686 521.89819,475.4585 527.95167,487.33649
526.97424,466.54369 524.5361,461.71138 522.62161,452.44868
518.21984,442.35258 517.15248,432.08497 513.46187,417.22104
506.09503,402.81787 497.06848,390.64011 494.07367,400.99506
493.33415,375.25205 485.17892,373.14359 472.29136,365.97754
485.47023,356.28861 489.34685,347.5 501.32224,319.57707
509.6576,290.13028 516.16543,260.5 511.64578,228.74326
508.53299,195.78651 495.20044,166.24746 490.29525,157.4869
485.07579,141.77057 478.36494,142.07258 468.63302,137.19896
482.07111,145.60018 483.90213,149.81646 484.45788,157.20883
491.90149,162.23985 490.9998,170.92115 498.15023,179.14684
498.42411,191.81421 502.77562,201.89413 493.21809,193.9192
479.4085,200.79486 468.98152,204.16114 461.53105,215.0038
474.92073,204.51856 482.30105,204.62329 492.59481,205.58528
496.49345,200.39283 504.9998,206.00001 501.52806,211.23331
485.84382,206.80365 477.7113,205.98561 477.4789,208.89384
459.24334,216.45264 477.6241,212.69751 490.36459,210.31037
493.49345,212.06103 504.13893,213.81904 509.17385,221.90546
509.02981,235.90713 511.40017,246.39539 515.66601,273.41334
501.42403,298.78532 495.17715,324.47556 489.85001,340.69799
480.97839,355.28339 472.06298,369.73794 473.61938,394.07354
474.13065,357.58232 481.28168,373.95039 486.51409,383.6127
493.2364,392.84533 491.27214,404.49994 496.49349,391.73803
490.52328,418.11355 496.65959,422.0735 497.55288,403.5498
498.75784,421.82692 495.81908,431.99994 492.06662,437.89844
493.28005,433.22769 491.75704,443.17602 485.0589,455.4433
496.72396,427.21534 484.81237,447.2329 474.4969,459.22159
460.5197,467.02051 447.09757,475.01797 429.13215,465.78171
407.16578,461.76609 391.57866,449.66034 389.09518,439.8282
387.58093,457.62206 385.99978,440.99994 384.08602,444.02858
383.55984,460.63909 385.84136,453.45431 388.6862,465.9845
388.04317,466.01444 392.47308,475.28162 393.27969,479.89416
395.28066,478.8033 398.99695,478.84669 398.99695,478.84669
398.99697,478.84673 398.99697,478.84673 398.99697,478.84673
;
456.70891,476.62024 456.70891,476.62024 442.82965,476.37964
469.41395,466.72409 472.72034,461.78008 482.85672,454.66135
490.50494,449.84963 477.08757,462.03811 471.21441,467.3585
465.0523,475.85433 456.70891,476.62024 456.70891,476.62024
456.70891,476.62024 456.70891,476.62024 456.70891,476.62024
;
379.66089,464.67245 379.66089,464.67245 378.64619,457.23039
377.46953,450.68547 373.78573,444.74954 375.80955,452.70829
376.19634,460.13546 379.66089,464.67245 379.66089,464.67245
379.66089,464.67245 379.66089,464.67245 379.66089,464.67245
;
369.44952,460.381 369.44952,460.381 369.74,451.39339
365.36535,451.85326 366.8709,458.9821 367.66239,459.6501
367.79045,462.28437 369.44952,460.381 369.44952,460.381
369.44952,460.381 369.44952,460.381 369.44952,460.381
;
257.33628,421.12756 257.33628,421.12756 260.96299,423.58836
270.83863,405.04553 262.04323,414.5 260.88776,414.4317
252.3462,425.66128 257.33628,421.12756 257.33628,421.12756
257.33628,421.12756 257.33628,421.12756 257.33628,421.12756
;
402.47397,414.0 402.47397,414.0 399.51186,404.62871
391.64676,404.48928 401.84615,414.0 401.84615,414.0
402.47397,414.0 402.47397,414.0 402.47397,414.0
;
394.69991,404.69502 394.69991,404.69502 393.41876,397.45338
380.33553,381.26637 379.0,382.23205 383.98005,388.48139
392.72464,403.53433 394.69991,404.69502 394.69991,404.69502
394.69991,404.69502 394.69991,404.69502 394.69991,404.69502
;
292.45159,382.55887 292.45159,382.55887 300.79345,384.22505
290.7601,377.59422 295.12131,370.54536 299.70666,362.72066
286.68652,377.60431 292.44452,381.31335 291.81377,382.97289
289.26553,386.90943 292.45152,382.55887 292.45152,382.55887
292.45159,382.55887 292.45159,382.55887 292.45159,382.55887
;
394.77152,367.96032 394.77152,367.96032 385.75093,358.46325
373.6468,347.68554 365.76012,337.00002 364.84869,334.62119
359.28002,322.7776 357.30914,314.06197 351.3252,306.84421
357.25054,288.0969 352.77662,286.48315 348.2447,289.63017
355.20219,272.33788 358.1391,270.35196 366.82655,256.97143
363.73045,262.14719 365.5283,265.15642 372.61422,266.49816
369.9366,246.44698 370.33009,258.26632 373.75381,255.73718
380.41231,245.34598 386.60746,241.25002 393.31021,236.56016
400.49136,242.81098 410.52874,238.76188 426.267,232.75161
425.69355,241.24386 413.21353,248.50002 418.58803,246.8736
433.67837,237.0952 424.89591,229.65411 419.63291,220.02191
402.76293,221.03864 418.84297,210.74906 428.45409,216.46669
440.1087,209.09257 438.04842,209.80689 442.48286,202.3675
418.89462,205.7007 427.09178,196.64666 429.21182,192.86561
439.76333,173.50416 435.86021,185.58311 432.27156,199.3018
439.77891,176.18181 443.958,173.50236 455.04272,159.92626
437.05431,178.08662 449.83899,161.84384 452.0314,152.71181
462.93811,147.33107 467.0,139.0 461.21754,144.06743
452.6671,148.09129 448.97988,154.64274 443.40081,164.83778
439.63678,168.81321 431.47697,176.59195 426.63824,185.30759
415.12288,191.77361 415.00077,202.14665 419.06944,202.71147
437.64007,208.09804 430.90654,209.58471 421.43111,206.49582
415.03431,201.39276 408.03972,213.24982 397.60279,226.73958
397.62505,221.17993 407.54627,211.65936 417.31409,205.32022
403.78363,205.55352 401.50086,214.99993 386.38648,225.62711
413.42571,224.57035 401.75086,228.2745 396.05385,234.07893
418.89011,227.71534 403.11889,234.99996 398.85809,227.08218
387.07416,230.26274 396.60743,232.74159 397.21588,237.14791
380.79575,230.1732 377.89785,241.39313 365.44911,254.95211
345.40313,266.17388 347.87304,287.35786 350.40435,311.46079
355.0168,337.74115 375.23213,353.77466 380.57633,360.18787
387.1573,364.70919 394.77152,367.96032 394.77152,367.96032
394.77152,367.96032 394.77152,367.96032 394.77152,367.96032
;
353.6268,273.54966 353.6268,273.54966 344.86553,285.78068
360.24565,254.1963 358.37679,266.73143 355.82577,268.26401
355.06774,271.1432 353.6268,273.54966 353.6268,273.54966
353.6268,273.54966 353.6268,273.54966 353.6268,273.54966
;
407.46924,219.60739 407.46924,219.60739 409.75139,213.47075
418.98846,206.13005 412.86512,215.81209 411.01333,216.92315
409.89687,219.73411 407.46924,219.60739 407.46924,219.60739
407.46924,219.60739 407.46924,219.60739 407.46924,219.60739
;
430.60654,183.66667 430.60654,183.66667 426.32262,180.87464
446.03304,163.73758 436.79066,175.69836 434.66878,178.13456
434.92042,183.77086 430.60654,183.66667 430.60654,183.66667
430.60654,183.66667 430.60654,183.66667 430.60654,183.66667
;
445.98339,336.24708 445.98339,336.24708 456.94795,336.32408
460.00163,327.90206 463.63277,326.11019 457.07921,336.7003
461.46497,332.55018 469.37785,329.60647 473.84095,333.85384
476.64069,311.68982 469.57397,306.82964 461.55271,296.3098
479.55967,325.17216 467.16197,313.72316 458.66039,309.31528
448.80386,314.14216 440.01551,310.21608 435.31095,319.60508
425.72375,311.03161 441.42073,305.27759 447.54347,305.22399
462.73923,308.53781 464.02188,302.22639 454.83668,308.67114
443.53405,298.54473 435.5,307.42679 429.49198,314.36603
412.88811,319.96266 415.27169,328.0 423.71079,342.02718
418.35895,327.0927 428.06341,334.53279 436.01361,335.25061
415.85052,329.41933 420.18045,324.46865 425.83965,316.5298
435.50584,316.43144 442.85348,319.63433 452.15557,322.8105
469.23081,308.56935 465.8488,325.13656 461.91112,320.92448
453.25641,334.24317 445.01296,329.21197 454.46949,322.18873
455.46346,324.34655 459.26013,326.09964 459.21763,311.3342
447.08908,330.66392 438.77498,327.98163 427.03152,325.24969
454.05113,333.56674 434.6728,329.99997 424.19265,334.55177
442.33026,337.9626 445.98339,336.24708 445.98339,336.24708
445.98339,336.24708 445.98339,336.24708 445.98339,336.24708
;
444.03138,317.0 444.03138,317.0 432.50461,314.1896
462.42496,311.77498 444.03138,317.0 444.03138,317.0
444.03138,317.0 444.03138,317.0 444.03138,317.0
;
430.26631,287.29596 430.26631,287.29596 422.81113,284.05209
425.18966,274.58962 432.0,267.53573 429.23393,260.35043
415.58531,282.6099 425.69926,286.01693 426.66219,286.88343
429.08375,288.28771 430.26631,287.29596 430.26631,287.29596
430.26631,287.29596 430.26631,287.29596 430.26631,287.29596
;
438.47888,285.69087 438.47888,285.69087 448.17126,285.48878
452.71678,279.44174 439.11341,280.0 431.62289,293.36931
431.89166,274.85214 431.24719,272.28892 427.06965,278.87658
429.69586,286.89883 438.47888,285.69087 438.47888,285.69087
438.47888,285.69087 438.47888,285.69087 438.47888,285.69087
;
463.94466,284.0 463.94466,284.0 480.47109,276.60338
446.87476,279.49996 463.94466,284.0 463.94466,284.0
463.94466,284.0 463.94466,284.0 463.94466,284.0
;
487.16621,240.60596 487.16621,240.60596 494.72475,238.68718
507.46944,237.77315 506.2778,230.07322 503.03347,217.33249
482.89883,219.13975 473.84755,226.35909 461.00605,237.75962
472.40549,237.83831 482.93193,238.46343 490.75971,238.54303
480.55115,242.15369 487.16621,240.60596 487.16621,240.60596
487.16621,240.60596 487.16621,240.60596 487.16621,240.60596
;
482.22695,234.90032 482.22695,234.90032 465.26616,232.43179
493.66435,231.91548 483.75,226.65575 480.1682,223.02522
494.37365,231.2329 482.22695,234.90032 482.22695,234.90032
482.22695,234.90032 482.22695,234.90032 482.22695,234.90032
;
404.52504,194.0 404.52504,194.0 412.73146,185.6694
419.76203,176.14181 426.37812,166.5 419.89436,169.10872
415.08432,176.14212 407.64785,184.779 400.01164,191.09941
398.07109,200.04961 404.52504,194.0 404.52504,194.0
404.52504,194.0 404.52504,194.0 404.52504,194.0
;
403.40253,192.96277 403.40253,192.96277 402.1374,193.65262
413.8939,179.05246 418.14891,174.1661 428.30476,163.20647
410.02701,185.77021 406.81697,189.62699 405.96288,191.04324
404.73197,192.03287 403.40253,192.96277 403.40253,192.96277
403.40253,192.96277 403.40253,192.96277 403.40253,192.96277
;
427.42268,166.0 427.42268,166.0 434.95836,158.31713
441.70177,143.47527 430.48588,159.58723 430.0472,161.38808
425.66879,164.56098 427.42268,166.0 427.42268,166.0
427.42268,166.0 427.42268,166.0 427.42268,166.0
;
319.59811,160.0 319.59811,160.0 322.36661,164.96433
323.45508,148.65261 318.0354,161.29705 317.62074,164.38887
319.02719,160.6204 319.59811,160.0 319.59811,160.0
319.59811,160.0 319.59811,160.0 319.59811,160.0
;
