427.0,480.0 427.0,480.0 284.66667,480.0
142.33333,480.0 0.0,480.0 0.0,320.0
0.0,160.0 0.0,0.0 284.66667,0.0
569.33333,0.0 854.0,0.0 854.0,160.0
854.0,320.0 854.0,480.0 711.66667,480.0
569.33333,480.0 427.0,480.0 427.0,480.0
427.0,480.0 427.0,480.0 427.0,480.0
;
183.44547,479.0 183.44547,479.0 190.02309,471.03962
195.44129,459.04773 203.95593,451.1083 212.61799,439.31304
225.78115,432.15392 236.10971,421.94977 239.02931,420.8824
252.36614,409.50556 259.84044,404.00229 265.23831,397.69599
266.3953,389.20907 273.9832,382.5 279.15467,373.93052
288.44327,366.80401 286.48162,355.70349 284.40607,344.52633
290.90964,333.75066 284.03265,324.76854 288.97544,327.81326
282.60628,312.2727 281.92458,316.85895 282.66126,327.31428
274.81847,305.61543 274.86151,298.78723 271.29209,287.59532
276.19236,282.48033 273.00579,279.39771 280.32146,279.42421
271.14338,270.75702 275.30417,257.58333 274.49012,243.5765
283.46733,229.17157 285.14947,217.0 276.62272,231.96122
287.25206,207.34536 287.81882,201.12066 299.13611,164.11166
303.49675,122.10818 330.91323,92.51016 355.97358,65.974185
395.52199,48.902792 431.50007,60.538749 440.88155,63.551274
445.97617,73.202815 456.31694,73.020104 466.1305,76.436995
475.27026,81.311971 482.09827,89.36554 472.92264,92.685706
489.18677,94.593121 483.22264,91.0 487.39792,95.026205
489.38969,102.01063 480.5,94.852781 488.38491,104.58305
493.23861,98.038759 497.81767,112.2656 502.20478,119.71085
504.95159,129.56354 507.0703,135.25 509.71989,132.96331
508.46352,145.00836 514.17196,150.39374 515.15422,152.13519
523.71003,171.89639 517.9517,164.715 516.53015,172.41896
522.46955,180.76936 522.18013,189.25986 531.60537,229.33114
534.20672,272.1087 520.62557,311.5 521.2964,320.75149
518.86021,342.57435 522.09385,340.61567 527.04429,350.76197
542.44886,349.92851 552.50029,353.98036 536.85232,354.02976
558.0453,357.58614 563.19149,359.38995 573.26959,369.88878
592.84897,361.21114 598.96516,376.50085 604.02758,398.05833
630.13572,405.83461 634.45682,427.93336 639.85796,443.31312
636.89061,460.07929 640.96487,475.75 647.47365,485.19661
640.37129,460.16754 641.46871,453.71525 638.85802,430.2662
651.00974,457.52642 648.14347,456.5 648.65296,458.39672
649.59582,462.61617 649.71111,465.64842 653.08336,469.11784
651.47277,461.77043 648.81029,450.26859 642.83058,429.06101
632.83436,408.49487 619.38935,391.44726 623.8302,395.06348
632.19943,402.99148 619.91038,387.70484 606.42866,371.63126
588.2619,360.68466 568.01102,355.68711 556.00941,350.0033
543.2461,348.34175 530.90265,343.70285 528.49231,333.81366
526.1161,328.22896 525.4014,321.17621 525.7603,313.23815
531.04018,306.12765 527.00276,297.5 530.14347,317.32199
532.10835,284.95126 535.96036,288.45919 533.88658,299.17913
536.41485,292.8337 537.94358,284.5 545.25693,249.22791
540.13756,213.3017 532.71432,178.5 533.72552,166.36444
530.79565,171.18842 528.99995,163.92267 530.4508,167.01444
525.45411,157.42392 524.12025,150.04368 533.31559,160.83531
530.99656,156.94301 524.42257,144.0 524.45997,155.40664
523.0926,132.51569 517.25899,128.5 514.84904,114.59778
510.27922,117.22512 506.99991,106.12038 503.36754,98.472483
494.49868,92.337962 489.50262,85.538214 483.53369,83.837059
484.68069,70.900473 490.49989,85.047401 497.50988,86.665566
483.22985,73.251823 478.81541,70.996044 477.22766,76.192238
490.69658,78.266456 477.74364,75.1986 468.55085,70.234944
467.34673,61.879853 453.62424,65.631402 443.63981,62.47195
458.87095,60.655386 445.54519,61.464396 439.59023,61.441806
431.002,48.947398 437.60271,56.493993 436.14478,56.819101
418.39472,52.269978 418.04252,51.465144 414.14971,53.637792
392.95881,51.20395 403.50032,53.800643 388.43949,53.334788
373.33631,59.05381 360.24006,64.717832 358.91672,64.810602
356.94351,66.910099 349.33365,68.809321 354.77605,68.875961
333.6534,78.840576 331.11246,85.087784 318.60536,95.863142
309.47961,109.64681 303.55752,124.70102 298.28382,131.22916
308.2857,126.34693 300.73133,139.9518 297.33729,140.0263
299.19546,151.2603 295.76442,156.35422 293.95291,166.15233
294.37574,152.61525 291.62643,169.18934 289.18782,176.98811
290.13079,178.29522 283.77083,190.87844 279.25759,203.78618
274.81299,217.50639 271.31769,230.44223 275.3597,219.30721
276.67084,230.97605 274.13355,238.55345 267.28094,259.41405
267.46996,282.12139 268.92531,303.72204 271.27706,295.55304
270.64504,304.70799 270.86315,318.72644 268.70164,329.24095
283.01387,345.79468 275.69133,333.69098 285.02186,331.9633
279.76059,338.81313 282.58544,343.01572 282.34847,343.98147
280.48736,369.3897 276.71728,352.5 275.14631,355.62799
270.88033,347.30022 272.79706,355.63397 272.69936,350.76431
277.41766,363.33435 277.17222,362.91239 278.03688,360.69962
285.18507,363.55291 277.74246,369.89624 271.28744,377.65979
275.37119,360.26207 272.99998,363.5 273.14672,354.21833
265.81238,370.64403 273.62252,372.19818 275.63785,376.61385
273.69452,372.29718 268.97674,382.64111 257.20932,389.39321
259.36604,390.71026 250.97814,399.85164 248.02177,406.37556
239.32287,415.66357 237.49588,415.8064 246.92472,404.27719
243.15541,404.11582 234.13427,415.4166 221.89992,431.0161
204.58965,441.09824 193.84525,458.09844 190.67451,463.11833
180.29649,475.18371 183.44547,479.0 183.44547,479.0
183.44547,479.0 183.44547,479.0 183.44547,479.0
;
256.08422,403.56106 256.08422,403.56106 242.95654,414.44126
270.44221,386.64472 256.11362,403.53486 256.11362,403.53486
256.08422,403.56106 256.08422,403.56106 256.08422,403.56106
;
617.72766,396.96673 617.72766,396.96673 611.42237,395.93067
598.25949,373.67965 609.32385,385.79273 612.28495,388.48165
615.99003,395.98236 617.72766,396.96673 617.72766,396.96673
617.72766,396.96673 617.72766,396.96673 617.72766,396.96673
;
277.68841,329.28933 277.68841,329.28933 277.41962,325.60219
269.91223,314.59296 277.77261,321.02249 277.98361,323.12439
280.89028,328.64155 277.68841,329.28933 277.68841,329.28933
277.68841,329.28933 277.68841,329.28933 277.68841,329.28933
;
535.60009,282.51321 535.60009,282.51321 531.62643,290.97112
539.88634,267.78894 536.5,262.5 530.18951,280.08074
534.94998,263.68651 533.82547,254.16753 539.09873,243.43989
533.44653,267.20172 537.76089,257.5 540.40565,265.75125
538.14572,274.52893 535.60009,282.51321 535.60009,282.51321
535.60009,282.51321 535.60009,282.51321 535.60009,282.51321
;
276.94762,227.53237 276.94762,227.53237 273.48222,218.9373
278.70877,215.57462 280.77476,204.75024 282.95696,197.52381
287.97949,189.67167 283.11878,204.99993 278.4721,212.66413
278.91839,216.72247 277.21977,224.04406 276.38999,224.86267
278.90081,227.23689 276.94762,227.53237 276.94762,227.53237
276.94762,227.53237 276.94762,227.53237 276.94762,227.53237
;
478.0,79.0 478.0,79.0 473.74696,76.893756
454.7758,68.985424 465.34035,70.992985 467.54162,74.69637
481.53859,75.565806 478.0,79.0 478.0,79.0
478.0,79.0 478.0,79.0 478.0,79.0
;
381.25101,479.0 381.25101,479.0 373.53931,462.28136
387.06216,485.25324 382.1555,473.70876 379.39143,464.75066
375.21084,462.14317 375.87942,451.58208 373.05022,432.56472
368.74813,454.25135 367.59944,436.58357 363.81713,417.45681
368.22252,449.31028 364.99999,440.92267 362.94261,436.75747
356.42196,412.13901 361.35603,423.82512 363.96493,436.59802
369.34365,418.28613 358.16403,416.55182 354.88403,420.92432
361.30739,433.83093 361.89069,441.70711 364.9314,454.17491
362.51365,444.39913 366.61668,451.0 374.96914,455.96204
372.79795,471.04827 366.70578,453.9608 365.15128,457.68975
377.22959,476.00595 371.99992,464.56574 375.21304,462.7635
375.41976,478.3912 381.251,479.0 381.251,479.0
381.25101,479.0 381.25101,479.0 381.25101,479.0
;
388.41667,478.5981 388.41667,478.5981 396.70608,480.70712
379.80863,466.37694 385.0,463.83333 389.61663,466.08225
393.07124,482.0013 392.51138,468.23862 401.07261,467.94734
387.51324,477.23943 400.4752,479.0 412.69307,478.6517
394.27294,475.03472 397.86532,464.03475 392.80324,456.94407
392.84033,454.26814 399.97977,464.27013 400.11757,472.40829
405.7168,473.07049 409.50008,475.40354 409.95203,469.95226
411.25497,474.24849 400.04892,462.90469 395.80085,453.20388
396.02442,454.00671 392.23315,450.0 391.06369,439.07266
388.63477,443.24512 399.36603,446.76139 418.1905,454.54564
437.94349,462.10428 457.42121,466.78389 473.36073,464.43161
483.52088,449.14121 494.67775,438.81855 499.355,427.9627
506.941,428.88297 502.03063,427.5 504.63628,410.8949
505.90542,439.71486 505.88103,445.17904 506.67657,456.44006
506.45528,467.72133 506.364,479.0 512.22161,480.2505
505.99478,461.099 511.72221,477.30954 511.63661,455.81092
510.66678,432.6244 509.57787,410.5 509.11343,426.2573
504.67692,399.68257 508.12569,396.1731 510.59179,400.12778
517.20324,413.28084 517.56034,417.85541 516.673,428.76048
521.13679,433.48128 519.67885,443.70387 523.57628,454.69834
519.21159,469.68063 523.13929,479.0 525.23384,463.86296
522.16398,470.25869 527.57667,479.0 532.51251,474.28914
528.90284,457.98192 527.20406,449.41432 530.26718,440.77603
522.03142,432.09189 522.64521,422.57309 519.88493,402.76764
510.38701,384.56385 499.80479,367.91712 495.15601,367.39817
485.78177,350.30401 482.07204,345.22798 503.78677,318.53359
509.26492,284.1167 516.01394,251.5 526.88899,221.1768
511.3295,190.99381 504.53532,161.6379 497.93011,138.09892
486.74757,115.57862 469.95167,97.714999 471.13103,104.57845
476.8233,110.1513 480.31675,117.33719 483.19504,126.24545
488.54332,131.22376 491.85899,140.5 492.54645,144.54572
505.13035,163.87026 495.58889,156.5 484.24468,149.91833
469.31685,157.07276 458.10987,161.92626 450.85143,175.86261
462.70356,157.54072 469.7078,165.48376 463.64205,168.21895
465.74725,165.42976 460.99992,170.18159 465.34486,174.03666
477.17887,167.27136 484.91654,168.01588 495.19171,166.71901
486.38455,169.62141 500.62748,170.99375 508.88378,175.0324
507.30125,189.88092 511.58276,198.20114 519.90268,219.53587
516.45031,242.1945 510.33665,263.58068 504.87543,292.70107
497.42449,322.83955 477.17422,345.49975 476.41327,356.18253
475.91623,368.79448 481.46026,363.87275 479.91609,362.29704
476.3468,345.17505 484.90584,354.36242 490.20102,361.48807
493.48796,373.19879 496.12051,380.74154 502.92637,386.13522
494.61344,397.88958 493.70556,405.49975 501.53781,386.83436
498.74081,403.48221 503.08217,405.16021 505.16689,390.64479
502.37057,426.14518 498.90663,422.45883 494.31371,423.59796
501.21461,428.06613 495.60514,429.99975 492.11096,429.64568
495.10242,438.07088 491.0769,434.48856 480.51739,444.61484
499.99436,435.06175 484.99996,442.11449 480.10104,446.27754
483.60995,446.47786 473.65129,454.2832 471.25789,461.22425
447.78237,467.0794 455.01056,460.20334 468.94408,454.4216
484.25066,445.56982 489.71157,431.37805 479.63906,443.60857
463.15384,453.94075 448.17115,460.99975 426.45914,454.27541
402.31047,447.45642 383.99993,434.88172 387.47699,440.69056
372.61583,418.70816 376.25652,433.95488 376.59266,444.43826
378.3698,453.70332 382.33988,463.32784 378.46735,466.49341
385.8513,469.38335 385.4623,477.70017 384.7691,479.80188
387.41653,478.3153 388.41667,478.5981 388.41667,478.5981
388.41667,478.5981 388.41667,478.5981 388.41667,478.5981
;
384.91918,460.0 384.91918,460.0 382.60935,455.58842
381.89081,451.76624 384.6368,451.29966 380.06355,439.25184
392.90259,461.11609 385.9701,458.45907 385.9701,458.45907
385.96947,458.49997 385.96947,458.49997 385.96947,458.49997
384.91928,459.99997 384.91928,459.99997 384.91928,459.99997
384.91918,460.0 384.91918,460.0 384.91918,460.0
;
509.19317,446.5 509.19317,446.5 507.87954,461.86593
505.69877,424.96434 508.1031,437.5 510.1039,440.40908
510.23027,443.14065 509.19317,446.5 509.19317,446.5
509.19317,446.5 509.19317,446.5 509.19317,446.5
;
502.71034,166.59702 502.71034,166.59702 495.79388,160.66498
482.51333,165.38735 476.0,164.1094 459.25846,161.42489
482.10888,160.52764 485.99999,158.00004 496.37876,157.90974
497.17396,160.64857 502.81512,166.00911 502.81512,166.00911
502.92066,166.4127 502.92066,166.4127 502.92066,166.4127
502.71033,166.59706 502.71033,166.59706 502.71033,166.59706
502.71034,166.59702 502.71034,166.59702 502.71034,166.59702
;
623.59362,479.0 623.59362,479.0 637.88532,480.61062
617.2321,466.1817 618.18727,479.0 619.98938,479.0
621.79161,479.0 623.59362,479.0 623.59362,479.0
623.59362,479.0 623.59362,479.0 623.59362,479.0
;
385.75,429.96349 385.75,429.96349 384.23131,420.52177
373.88446,413.7329 383.83378,427.29444 385.09086,427.23144
384.50926,430.00128 385.75,429.96349 385.75,429.96349
385.75,429.96349 385.75,429.96349 385.75,429.96349
;
392.39396,406.0 392.39396,406.0 390.59467,397.11303
379.81747,390.09483 376.13187,380.35433 370.88323,372.29403
365.79963,367.60154 373.63669,379.53885 380.08454,388.14587
386.07542,397.67467 392.39396,406.0 392.39396,406.0
392.39396,406.0 392.39396,406.0 392.39396,406.0
;
385.95588,386.0 385.95588,386.0 382.43477,379.43642
380.60451,373.68212 376.20851,363.91866 372.27896,345.866
372.87545,361.59364 377.47377,371.34472 379.73901,376.42194
380.25746,383.82068 385.95588,386.0 385.95588,386.0
385.95588,386.0 385.95588,386.0 385.95588,386.0
;
568.71862,367.90574 568.71862,367.90574 564.397,361.93388
547.53371,353.70538 564.14747,365.23035 565.6843,366.09484
567.15579,367.09427 568.71862,367.90574 568.71862,367.90574
568.71862,367.90574 568.71862,367.90574 568.71862,367.90574
;
372.97933,353.0 372.97933,353.0 372.88083,346.99766
359.35305,328.15173 369.18333,347.18536 370.70197,348.57138
370.37391,353.395 372.97933,353.0 372.97933,353.0
372.97933,353.0 372.97933,353.0 372.97933,353.0
;
383.27826,342.0 383.27826,342.0 380.48697,336.31951
366.93336,328.83745 361.90062,321.0 358.23666,321.23258
342.17904,298.08589 352.77119,309.07399 352.0022,308.04019
343.56899,293.42936 342.8532,285.59373 345.86985,277.2203
336.40062,277.90851 336.99956,264.89176 338.48379,264.66456
342.13228,283.82891 340.29005,267.51348 336.73394,257.91207
338.06903,249.31557 341.71647,239.63182 347.0503,241.65129
345.24579,234.97134 352.0385,222.00989 354.6406,220.27495
348.4201,238.1153 356.51438,219.75677 365.92995,210.48216
349.7051,220.50405 363.08224,207.74886 361.00387,217.97418
368.09624,202.28087 374.82141,209.06384 386.93978,209.35416
398.78343,207.9098 410.17806,203.63008 422.65329,208.77975
410.21346,187.39985 402.02403,187.545 394.40754,183.08209
374.50158,191.66637 387.5195,178.5 391.63716,167.0562
405.17541,174.41314 413.50004,174.16446 428.04377,174.5059
413.06452,165.31539 404.41621,169.08247 405.67723,161.53813
392.84365,167.06954 387.93638,169.91128 375.68307,164.71237
372.07007,183.66617 365.35277,190.49927 362.28293,202.31282
377.08218,187.87964 366.00003,194.70212 372.27411,186.61556
376.27871,175.6169 384.14576,169.85726 384.62877,178.92885
371.33,186.53412 375.23385,192.4836 380.41717,192.1861
373.94155,185.96169 384.77746,177.9191 393.1275,166.93307
380.41705,190.47193 376.49939,188.99927 381.12182,189.83689
395.86138,184.65613 403.11054,190.60901 412.51863,196.68674
388.20855,185.0234 382.28173,190.63401 363.08865,198.4652
379.63042,194.03962 374.77397,200.27996 366.03935,206.32575
361.81784,203.32715 353.29075,212.74864 342.34298,220.2655
340.98973,234.90145 331.88359,244.16499 333.51948,273.80854
338.02304,307.05378 361.48438,328.0805 367.90501,333.27482
376.08136,338.16507 383.27826,341.99997 383.27826,341.99997
383.27826,342.0 383.27826,342.0 383.27826,342.0
;
335.08051,256.74927 335.08051,256.74927 332.02188,257.08884
333.44881,238.46296 340.0,235.67751 344.91876,227.51799
348.26366,217.52426 356.30035,211.5 346.33406,225.01861
338.04722,240.23508 335.08051,256.74927 335.08051,256.74927
335.08051,256.74927 335.08051,256.74927 335.08051,256.74927
;
390.15318,203.81212 390.15318,203.81212 378.02555,201.5237
378.29246,190.0781 390.0,195.25589 393.77664,198.09477
399.89844,201.84356 390.15318,203.81212 390.15318,203.81212
390.15318,203.81212 390.15318,203.81212 390.15318,203.81212
;
387.47593,201.0 387.47593,201.0 394.95812,194.88648
371.83885,193.21485 387.47593,201.0 387.47593,201.0
387.47593,201.0 387.47593,201.0 387.47593,201.0
;
401.5,200.81805 401.5,200.81805 388.98828,202.40151
412.09421,191.27849 401.5,200.81805 401.5,200.81805
401.5,200.81805 401.5,200.81805 401.5,200.81805
;
422.85262,310.72804 422.85262,310.72804 414.39471,300.01528
432.52512,311.92986 438.82821,308.76294 442.78075,308.47324
421.1509,303.60126 442.5,306.48149 449.75222,309.93499
467.52579,294.69468 460.12018,303.07593 448.2744,306.84475
457.36433,310.88544 462.44269,304.50971 471.96365,300.11179
474.49329,309.31112 476.18996,294.17397 473.00852,287.65308
462.1342,282.37982 453.54475,284.04454 442.30915,283.42842
432.87001,287.77857 423.92963,293.00009 428.84627,282.54208
410.08992,303.76048 419.22833,310.29462 418.98017,311.18139
423.23827,312.40856 422.85262,310.72804 422.85262,310.72804
422.85262,310.72804 422.85262,310.72804 422.85262,310.72804
;
427.84362,305.98469 427.84362,305.98469 421.85488,302.33213
434.22191,304.28915 419.52988,300.86323 428.32767,290.75235
437.01101,292.47952 448.9357,292.3302 459.63437,289.54881
465.9097,289.13254 468.91116,294.83402 463.98885,309.22315
468.29221,285.55595 458.1825,297.29476 447.78179,293.91523
454.01339,300.02398 439.24747,298.78397 418.94825,297.55997
440.63621,298.44037 427.84362,305.98469 427.84362,305.98469
427.84362,305.98469 427.84362,305.98469 427.84362,305.98469
;
442.91667,290.0 442.91667,290.0 430.903,287.98243
456.37695,285.05517 442.91667,290.0 442.91667,290.0
442.91667,290.0 442.91667,290.0 442.91667,290.0
;
453.41667,289.0 453.41667,289.0 439.57607,285.67294
467.37756,286.30355 453.41667,289.0 453.41667,289.0
453.41667,289.0 453.41667,289.0 453.41667,289.0
;
423.98506,258.28928 423.98506,258.28928 415.74935,258.52856
413.35246,233.33328 413.57852,248.37244 413.01051,254.04034
419.35736,258.32668 423.98506,258.28928 423.98506,258.28928
423.98506,258.28928 423.98506,258.28928 423.98506,258.28928
;
429.36286,255.50106 429.36286,255.50106 438.34285,254.96955
452.63227,250.21069 436.97844,246.72041 433.8854,248.48484
421.67527,257.40284 429.36286,255.50106 429.36286,255.50106
429.36286,255.50106 429.36286,255.50106 429.36286,255.50106
;
267.60058,253.0 267.60058,253.0 267.74662,245.81932
276.47512,229.42904 269.28037,238.78411 267.97487,240.41682
266.52562,260.13707 267.60058,253.0 267.60058,253.0
267.60058,253.0 267.60058,253.0 267.60058,253.0
;
460.45842,251.75049 460.45842,251.75049 475.34489,247.55166
447.96519,239.08745 456.2457,252.001 457.64984,251.9174
459.05434,251.83414 460.45842,251.75049 460.45842,251.75049
460.45842,251.75049 460.45842,251.75049 460.45842,251.75049
;
418.10633,248.0 418.10633,248.0 420.9229,244.95836
423.52974,227.10219 418.88686,240.5 419.32488,241.81397
415.77012,248.50272 418.10633,248.0 418.10633,248.0
418.10633,248.0 418.10633,248.0 418.10633,248.0
;
489.5,201.93296 489.5,201.93296 496.19923,199.50031
512.58236,197.46214 503.89885,188.74335 497.25786,176.54613
478.8878,180.1846 468.83036,186.26053 456.86431,198.49291
463.71332,203.44959 477.16793,201.13358 481.27801,201.40783
485.45561,203.44162 489.5,201.93296 489.5,201.93296
489.5,201.93296 489.5,201.93296 489.5,201.93296
;
480.18083,197.17751 480.18083,197.17751 465.83534,195.05921
473.4897,198.18654 475.0,190.78602 467.02699,189.17203
494.20817,186.90448 476.0,190.26804 475.14032,193.87366
488.64249,193.13328 480.18083,197.17751 480.18083,197.17751
480.18083,197.17751 480.18083,197.17751 480.18083,197.17751
;
501.37244,187.91843 501.37244,187.91843 494.04154,182.97155
469.25793,183.42856 489.91768,183.06718 493.56068,182.74296
502.59962,184.99828 501.37244,187.91843 501.37244,187.91843
501.37244,187.91843 501.37244,187.91843 501.37244,187.91843
;
423.55902,171.0 423.55902,171.0 426.80555,162.15172
411.51982,165.52496 407.0,159.88691 410.47694,151.93842
394.96188,166.49821 404.87225,151.59496 408.6614,157.648
409.80927,139.07935 417.25504,137.23481 425.05775,126.92932
431.8921,115.90139 438.35757,104.71446 426.68184,113.97047
422.57889,131.51615 411.81209,142.50032 420.73203,126.81373
428.35573,110.46196 441.1684,97.50032 445.77898,98.667081
441.56345,90.153396 432.49203,103.94252 424.91798,111.80805
420.09254,121.84141 413.61608,130.50032 422.39373,124.20223
406.36525,145.38035 403.70417,149.06181 399.27649,155.51209
397.57168,147.57079 390.85345,160.45147 400.89431,153.4867
392.77708,165.62868 409.43525,165.29021 409.50685,168.30054
421.27971,166.12569 423.55902,171.0 423.55902,171.0
423.55902,171.0 423.55902,171.0 423.55902,171.0
;
388.86122,158.0 388.86122,158.0 397.40708,152.48311
402.22861,137.85692 391.5402,152.96376 391.09282,153.26046
386.10587,158.75159 388.86122,158.0 388.86122,158.0
388.86122,158.0 388.86122,158.0 388.86122,158.0
;
388.00221,142.0 388.00221,142.0 396.56023,133.02236
399.30664,124.254 388.92963,138.0 395.73948,122.9509
380.71793,153.14582 388.00228,142.0 388.00228,142.0
388.00221,142.0 388.00221,142.0 388.00221,142.0
;
404.57243,145.0 404.57243,145.0 408.84062,139.42226
417.46321,129.3153 408.97354,135.33392 407.45927,143.27312
400.82395,141.82482 404.57243,145.0 404.57243,145.0
404.57243,145.0 404.57243,145.0 404.57243,145.0
;
468.68407,100.64926 468.68407,100.64926 468.14412,92.718011
442.72368,89.805663 460.23485,95.806705 464.11203,95.551817
466.4605,99.654514 468.68407,100.64926 468.68407,100.64926
468.68407,100.64926 468.68407,100.64926 468.68407,100.64926
;
