427.0,480.0 427.0,480.0 284.66667,480.0
142.33333,480.0 0.0,480.0 0.0,320.0
0.0,160.0 0.0,0.0 284.66667,0.0
569.33333,0.0 854.0,0.0 854.0,160.0
854.0,320.0 854.0,480.0 711.66667,480.0
569.33333,480.0 427.0,480.0 427.0,480.0
427.0,480.0 427.0,480.0 427.0,480.0
;
191.34029,478.9706 191.34029,478.9706 199.42119,474.37664
201.60203,460.8666 209.85674,454.61443 223.1731,437.65026
242.28321,426.4997 258.87057,413.07328 270.38765,409.18865
274.10517,400.42681 278.04324,392.60744 279.87246,383.42421
293.56764,380.69319 293.9875,371.81251 306.52329,361.66588
305.27447,343.46558 310.25119,329.22396 304.17941,316.83272
300.21124,302.66784 299.27084,289.1912 301.06268,277.8894
303.30042,266.69395 302.21141,255.68108 303.52176,242.77393
314.85501,230.83007 313.97934,218.64601 306.55967,224.62322
317.87119,214.986 316.8323,209.11043 323.78491,191.70549
329.82534,174.15311 333.41026,155.78284 343.27441,122.41066
357.11782,85.90552 389.91625,68.975656 416.65377,55.069883
449.47182,46.921041 478.54726,57.814947 495.10796,71.253061
517.95458,75.454259 530.75065,93.377167 538.44866,100.9809
541.45897,112.14193 546.00065,121.86592 548.13376,129.22976
551.49752,142.12235 554.12626,142.5 556.00399,154.31911
557.35663,151.60903 557.21052,160.46868 556.60034,167.85473
566.09101,178.3135 559.99921,182.93726 558.24312,192.49534
569.02251,177.94698 560.71989,191.67744 562.11059,205.68101
563.91874,218.47813 567.73964,231.92561 562.88878,239.39399
568.38869,250.90312 564.835,260.21764 562.74517,277.03679
561.41555,294.27848 554.97884,309.92944 553.33131,298.18826
541.52632,320.05032 548.1659,318.03208 554.37718,320.80859
537.10069,336.16429 540.35739,345.90234 535.69222,358.27011
549.71457,362.97692 558.97605,365.1421 571.91217,370.66333
560.40034,368.77913 576.71815,373.86204 586.33665,383.24642
600.92565,378.72069 610.49923,388.02136 617.70479,395.36638
620.29029,407.23272 627.25132,415.94024 644.50541,431.96894
654.75529,455.31709 651.99923,479.00068 662.78815,478.1107
652.90092,461.18716 655.55537,454.1112 663.56675,470.98303
653.70209,442.81187 660.88604,458.42231 662.90876,461.46916
666.62304,484.62261 665.27818,472.60418 665.58218,471.18343
673.82873,485.82559 666.38894,468.12984 660.60153,450.13179
649.42365,432.94709 640.98928,416.42194 635.21892,403.3315
622.49049,392.3128 611.24851,384.00321 601.07459,374.77226
582.01447,373.09397 569.5,364.22577 560.9263,362.12828
549.64954,361.45807 547.23086,351.13068 557.00602,339.14941
538.36199,356.1808 546.96989,340.5 545.98437,334.11116
558.28993,325.17143 554.84558,321.59549 558.20805,320.55474
562.0906,303.94176 564.17291,295.5 566.17519,282.63776
570.06895,280.90378 572.80627,271.48681 576.68734,259.28476
568.8743,270.18285 573.00204,253.1951 575.54016,250.34812
577.78448,262.8054 574.33905,271.34542 571.49177,280.49322
568.33147,291.17076 574.63524,286.5 575.08867,291.0158
574.82962,296.12587 578.85715,279.57189 588.91849,233.78299
578.22921,186.62475 569.17805,141.5 563.04025,125.71506
557.56144,109.37994 545.608,97.0 542.5912,105.4692
542.0191,87.11284 533.85763,84.771178 525.20816,80.268473
526.25816,71.757412 513.14302,70.0 518.65911,66.044329
517.31054,64.278715 501.9034,65.110924 490.86272,58.647344
490.57273,54.924106 479.92291,51.885132 469.59078,48.593038
458.7091,48.285011 448.6904,47.966586 428.95119,49.173346
408.33517,50.292279 391.75219,62.050504 372.94463,71.649395
355.76067,87.351206 347.48206,106.50228 343.60803,110.26944
342.0345,119.91572 338.50052,129.15055 332.69789,142.97079
325.91045,156.18949 324.18752,171.11688 323.36195,180.287
313.18529,187.59475 313.78533,196.11866 320.00711,184.45581
321.84063,183.77129 318.11514,194.12158 311.88438,212.75136
314.10606,195.71344 311.44897,201.46788 310.59043,211.50952
306.6465,219.99023 303.07884,227.92068 297.31578,235.50145
294.79543,252.22131 300.84422,234.85247 308.27599,220.69177
299.40548,244.23194 300.00371,250.06005 294.68594,264.32143
290.6849,280.77214 292.96475,296.55137 299.60687,300.95949
294.8378,329.54325 298.00001,313.42267 303.20548,314.94592
300.37976,331.01572 301.46919,332.02895 293.25981,339.45735
306.62321,349.53969 299.05162,352.14965 295.70614,363.49018
302.3253,337.10467 294.21787,352.7688 294.94892,353.25887
300.30513,362.93616 290.15653,370.48452 289.36546,378.99603
277.05602,382.87669 272.36602,390.69489 261.99071,395.55674
272.00271,394.17477 258.16124,404.51348 234.46645,428.64721
203.26822,446.88905 189.18057,478.99997 189.18057,478.99997
191.13969,478.97327 191.13969,478.97327 191.13969,478.97327
191.34029,478.97027 191.34029,478.97027 191.34029,478.97027
191.34029,478.9706 191.34029,478.9706 191.34029,478.9706
;
654.56487,447.0 654.56487,447.0 649.36234,441.49945
649.12909,438.82119 642.98597,428.85518 634.08324,411.69865
646.59872,428.79868 649.32066,436.12653 650.67892,439.41178
654.74084,444.67744 654.56487,447.0 654.56487,447.0
654.56487,447.0 654.56487,447.0 654.56487,447.0
;
253.16351,413.14482 253.16351,413.14482 241.53524,421.61584
269.8817,396.43954 261.95206,405.53599 258.57154,412.09455
258.19701,408.95453 253.16351,413.14482 253.16351,413.14482
253.16351,413.14482 253.16351,413.14482 253.16351,413.14482
;
301.55103,342.0 301.55103,342.0 298.6435,329.15255
312.06487,327.27725 301.55103,342.0 301.55103,342.0
301.55103,342.0 301.55103,342.0 301.55103,342.0
;
575.00867,246.07252 575.00867,246.07252 575.30079,253.16953
571.72238,235.94595 572.33621,229.5 574.3612,252.40721
579.3814,214.86941 577.62633,229.37775 578.11611,235.83641
577.41476,240.63451 575.00867,246.07252 575.00867,246.07252
575.00867,246.07252 575.00867,246.07252 575.00867,246.07252
;
579.8434,228.5 579.8434,228.5 578.92047,236.33403
577.77638,210.20747 576.76785,204.89881 578.80295,208.60032
580.25989,221.34585 579.8434,228.5 579.8434,228.5
579.8434,228.5 579.8434,228.5 579.8434,228.5
;
575.5,204.0 575.5,204.0 573.28915,201.08901
571.88476,192.47481 573.22875,183.43791 577.52287,190.19996
573.46807,202.97301 576.92917,201.5 576.92917,201.5
575.95678,203.20098 575.95678,203.20098 575.95678,203.20098
575.5,204.0 575.5,204.0 575.5,204.0
;
576.75608,189.22204 576.75608,189.22204 576.23781,187.18623
568.19587,157.80687 572.94129,179.28235 568.17466,181.41156
568.66352,158.6553 563.41753,151.50859 567.11469,154.90838
566.4043,149.12191 561.86001,138.06023 557.92847,130.60934
551.83864,121.99181 552.07145,113.66702 547.92925,108.14508
551.67499,121.56455 546.44587,107.67489 544.91888,96.862349
550.10184,110.01085 554.18643,115.69269 559.71614,123.53581
561.73007,133.33977 568.00001,140.86852 568.25099,157.4841
575.82483,172.49836 576.75608,189.22204 576.75608,189.22204
576.75608,189.22204 576.75608,189.22204 576.75608,189.22204
;
523.0,77.953455 523.0,77.953455 509.82076,73.615871
513.75363,68.664914 521.5,76.397615 519.52434,76.120906
525.15507,78.2878 523.0,77.953455 523.0,77.953455
523.0,77.953455 523.0,77.953455 523.0,77.953455
;
405.25,58.059916 405.25,58.059916 396.97706,58.117016
425.68263,50.321061 409.66018,56.371657 408.16991,56.882298
406.71048,57.471395 405.25,58.059916 405.25,58.059916
405.25,58.059916 405.25,58.059916 405.25,58.059916
;
394.37996,478.99709 394.37996,478.99709 396.61625,469.48541
392.40471,466.5071 393.9326,455.37879 392.06868,438.30253
390.35932,453.04852 391.16483,461.74992 391.11193,467.11672
390.59087,475.80419 394.37996,478.99709 394.37996,478.99709
394.37996,478.99709 394.37996,478.99709 394.37996,478.99709
;
406.50147,479.00009 406.50147,479.00009 412.80524,476.97222
397.9644,452.79984 405.0,464.72736 408.84467,471.81646
420.07051,488.23964 414.09134,470.63576 408.15224,465.58283
404.10268,445.93596 412.12658,462.01059 413.14068,469.14594
429.37553,487.44387 419.45029,472.7214 414.82198,464.83668
405.79558,443.98188 420.86036,458.00009 439.18431,464.21324
456.54424,476.53964 475.79199,479.00009 491.84576,482.21817
499.00736,463.82524 510.72041,456.50009 515.35673,453.06913
523.68361,428.20439 521.31856,439.90111 522.48014,445.99718
523.98268,457.12552 523.84187,468.50009 525.44774,489.10807
531.80566,470.6759 529.16796,459.62298 530.36059,441.41836
525.5356,423.62561 523.9189,406.00009 519.21125,389.26145
528.56363,413.41805 530.1582,418.50009 535.72106,427.71144
535.2433,439.25169 536.44363,448.74101 535.53697,458.65743
537.34933,469.09633 539.03806,479.00009 552.09032,481.19439
542.99623,462.85274 544.48306,455.34937 539.94036,435.08338
537.82936,413.97753 526.30132,396.00009 519.84023,382.07244
519.89177,382.02124 517.39689,386.52942 516.05352,377.60255
502.2971,366.3797 514.15184,360.39469 534.01876,336.86622
544.51708,306.94757 552.35317,277.46409 559.89748,255.70714
566.15658,232.37355 558.09163,209.75744 554.06959,192.40182
554.44828,174.36947 547.26398,157.6297 540.89381,136.70086
531.61835,114.92597 515.88461,99.652218 504.78778,93.021621
504.11306,101.67436 513.63391,99.981416 518.03559,104.24271
515.44421,113.2436 523.57192,119.84706 525.14255,119.7186
529.4273,128.35398 534.53084,138.57441 539.17612,148.57633
541.97032,159.34166 546.38628,169.44901 535.11707,159.92408
518.41612,168.8004 506.1178,173.25063 504.56584,182.66279
522.653,168.70306 530.0,171.49486 536.08348,166.80622
556.73533,175.08001 545.09328,176.86575 534.78409,177.28241
521.61192,171.57143 514.70979,179.0 497.06728,185.20722
522.26781,181.93193 529.17309,180.57032 540.08149,182.35621
548.76968,177.95726 544.95026,183.06132 554.46272,185.08995
548.99252,202.60785 553.60889,210.89359 560.83953,233.16824
555.19441,255.94439 547.69929,277.27685 540.69595,306.09863
530.3675,335.47554 510.88429,358.12867 502.21282,359.53509
492.30235,381.0968 499.73517,375.96153 501.66955,358.78834
511.3,377.58414 511.24218,385.41502 509.24685,405.33294
517.10816,383.75086 515.06999,400.95044 512.38107,408.30052
510.80606,425.41375 516.33102,409.5 522.56316,425.97972
517.2206,387.0092 520.43715,410.48172 523.48801,420.66426
518.78589,430.78842 516.02529,440.5 519.49291,421.62009
510.42739,447.38318 515.15553,442.3173 508.92601,454.51395
515.39671,435.86284 506.96244,450.662 492.26964,464.97974
506.47736,442.34615 509.91065,441.92319 497.74899,455.90433
482.0041,468.29562 464.50021,473.988 449.7141,465.46143
429.96616,461.27738 417.77499,451.065 413.26217,449.75936
401.25765,443.99287 397.1581,438.50032 397.28197,448.52599
400.76783,458.23224 401.56137,467.70253 403.47642,470.85457
403.08667,478.06024 406.50147,479.00009 406.50147,479.00009
406.50147,479.00009 406.50147,479.00009 406.50147,479.00009
;
477.03406,476.9298 477.03406,476.9298 459.5272,477.2204
481.7402,469.39319 487.08627,465.98362 496.22741,467.42798
504.93959,455.50849 492.93804,468.38973 487.62732,471.15331
483.74151,478.52626 477.03406,476.9298 477.03406,476.9298
477.03406,476.9298 477.03406,476.9298 477.03406,476.9298
;
526.9956,468.0 526.9956,468.0 526.9629,492.45094
524.17244,451.20326 527.66769,458.5 527.44366,461.66667
527.21963,464.83333 526.9956,468.0 526.9956,468.0
526.9956,468.0 526.9956,468.0 526.9956,468.0
;
406.25123,454.74959 406.25123,454.74959 396.20359,443.00363
403.68348,446.9583 408.16712,451.99864 407.50682,452.89395
408.04574,454.98848 406.25123,454.74959 406.25123,454.74959
406.25123,454.74959 406.25123,454.74959 406.25123,454.74959
;
388.15964,461.9922 388.15964,461.9922 390.62685,453.35866
383.90556,447.43922 383.16503,436.41383 377.76664,433.21869
385.11084,451.7884 384.99999,456.31915 386.03106,457.76606
386.29411,461.65102 388.15964,461.9922 388.15964,461.9922
388.15964,461.9922 388.15964,461.9922 388.15964,461.9922
;
387.78525,447.75606 387.78525,447.75606 387.10496,431.39789
383.1293,435.76476 387.42618,449.5 387.42618,449.5
387.78525,447.75606 387.78525,447.75606 387.78525,447.75606
;
408.60808,440.64914 408.60808,440.64914 408.38661,430.25512
398.41989,421.53396 406.0,436.09937 404.8062,438.33445
407.87899,439.62465 408.60808,440.64914 408.60808,440.64914
408.60808,440.64914 408.60808,440.64914 408.60808,440.64914
;
381.0,433.0 381.0,433.0 383.5139,428.71356
392.80951,433.20802 378.78602,427.0 380.69199,428.25257
378.85062,433.28457 381.0,433.0 381.0,433.0
381.0,433.0 381.0,433.0 381.0,433.0
;
419.61306,421.72027 419.61306,421.72027 419.74746,407.48511
405.71077,395.79651 404.02713,382.51677 400.38079,378.2427
396.83283,353.78926 397.77229,369.4461 401.7269,383.65176
389.52884,370.69525 400.04418,385.14897 405.9655,397.9636
416.91476,407.71928 419.13606,422.19727 419.13606,422.19727
419.61306,421.72027 419.61306,421.72027 419.61306,421.72027
;
587.89166,385.44095 587.89166,385.44095 580.76318,377.29096
569.20975,371.85314 584.02467,382.98382 585.20947,383.112
586.79942,386.72125 587.89166,385.44095 587.89166,385.44095
587.89166,385.44095 587.89166,385.44095 587.89166,385.44095
;
408.65004,346.0 408.65004,346.0 406.59703,339.24845
397.19908,332.45729 393.1929,329.92645 388.70119,320.09542
376.66809,313.81584 378.0,301.93723 373.67638,297.57065
377.55233,287.29728 371.42118,278.91768 369.61628,260.09812
364.81668,271.59881 368.41194,284.47727 370.26516,304.97747
380.08837,328.29134 397.57159,338.0 400.76427,339.71979
404.59202,344.23309 408.65004,346.0 408.65004,346.0
408.65004,346.0 408.65004,346.0 408.65004,346.0
;
459.65499,321.0 459.65499,321.0 457.23087,314.30719
465.93589,317.24078 476.5,318.031 488.69887,320.25943
499.3836,315.01377 511.0,315.03596 516.52473,319.78694
518.0005,299.93798 507.61853,299.84636 494.68791,295.98751
480.03711,300.13524 468.11681,302.43956 464.01677,302.51376
474.12146,291.81816 460.22087,304.83756 449.35605,310.41766
453.60933,310.3799 455.4138,315.50875 458.75354,317.0418
454.52961,322.88064 459.65499,321.0 459.65499,321.0
459.65499,321.0 459.65499,321.0 459.65499,321.0
;
484.28628,317.0 484.28628,317.0 473.464,316.46891
495.30243,314.90341 497.64286,311.5 507.58855,308.83822
494.44239,317.2124 486.94659,317.0 486.94659,317.0
484.98729,317.0 484.98729,317.0 484.98729,317.0
484.28628,317.0 484.28628,317.0 484.28628,317.0
;
463.5,313.89858 463.5,313.89858 451.51027,306.36609
484.29052,309.26317 465.17775,312.85217 454.11407,307.53221
469.20614,315.77668 463.5,313.89858 463.5,313.89858
463.5,313.89858 463.5,313.89858 463.5,313.89858
;
504.38935,312.0 504.38935,312.0 503.93253,307.81147
489.97946,303.5874 502.62058,304.47772 505.7444,307.43699
511.64725,309.76566 504.38935,312.0 504.38935,312.0
504.38935,312.0 504.38935,312.0 504.38935,312.0
;
478.0,307.85943 478.0,307.85943 459.43582,305.53771
479.7796,307.0939 487.5,305.98791 484.55233,307.95421
481.46323,308.17553 478.0,307.85943 478.0,307.85943
478.0,307.85943 478.0,307.85943 478.0,307.85943
;
565.51093,308.0 565.51093,308.0 573.26412,299.62094
573.98994,289.6518 565.58473,303.67516 563.74802,304.42343
564.45182,307.46508 565.51093,308.0 565.51093,308.0
565.51093,308.0 565.51093,308.0 565.51093,308.0
;
515.47626,302.0 515.47626,302.0 512.35263,290.50523
505.19623,285.03711 513.5567,299.77749 514.82133,299.31793
514.25726,302.3719 515.47626,302.0 515.47626,302.0
515.47626,302.0 515.47626,302.0 515.47626,302.0
;
302.82457,294.25846 302.82457,294.25846 303.6082,278.10303
295.96614,303.43068 302.82457,294.25846 302.82457,294.25846
302.82457,294.25846 302.82457,294.25846 302.82457,294.25846
;
477.42288,291.59641 477.42288,291.59641 482.56475,288.28715
508.14285,291.85886 489.68061,288.93798 485.90248,283.8745
468.71996,295.79944 477.42288,291.59641 477.42288,291.59641
477.42288,291.59641 477.42288,291.59641 477.42288,291.59641
;
466.25,271.99062 466.25,271.99062 466.81989,266.00412
445.84932,259.47771 460.25,268.97039 462.2643,269.64174
464.08089,271.99633 466.25,271.99062 466.25,271.99062
466.25,271.99062 466.25,271.99062 466.25,271.99062
;
486.41667,269.9682 486.41667,269.9682 482.31208,266.02768
479.01382,262.7607 487.0,263.24982 477.7202,252.66537
472.08558,274.83783 465.75848,262.86424 459.51216,257.15416
471.30904,274.63649 480.67779,268.20056 483.28634,267.48565
484.40389,269.98279 486.41667,269.9682 486.41667,269.9682
486.41667,269.9682 486.41667,269.9682 486.41667,269.9682
;
502.26215,265.62711 502.26215,265.62711 519.90976,261.16037
491.56122,256.11208 501.9168,265.71971 501.9168,265.71971
502.26215,265.62711 502.26215,265.62711 502.26215,265.62711
502.26215,265.62711 502.26215,265.62711 502.26215,265.62711
;
459.93312,263.0 459.93312,263.0 461.87696,255.82899
469.37421,238.05296 457.75883,254.09223 465.2262,250.04232
455.60125,256.92369 459.93312,263.0 459.93312,263.0
459.93312,263.0 459.93312,263.0 459.93312,263.0
;
373.57074,247.37824 373.57074,247.37824 381.392,240.3104
384.58785,234.33343 392.0,227.98457 390.81981,236.28001
377.54195,240.25502 385.0,246.0 389.92274,239.94704
393.54278,227.1246 401.3798,222.0 409.61596,219.23609
409.94543,212.49309 420.19882,215.3696 432.0269,218.39373
444.84815,212.06412 456.01578,212.77779 465.99824,214.21533
455.11636,197.72413 449.71838,195.09637 433.82113,195.26793
429.99139,187.20357 444.42383,180.34572 453.49173,181.45885
465.80768,185.81746 465.75459,181.0 473.48458,179.23724
473.65966,175.26027 463.11789,172.0 447.57361,171.86792
453.22311,157.73363 461.09903,154.77801 467.34005,146.87716
466.47107,140.41892 473.72759,131.45922 479.93171,118.49009
489.60685,107.64205 500.35714,98.023174 492.95282,98.009854
485.44871,109.30439 479.60234,115.17088 477.4802,122.77637
463.10109,134.73925 468.00063,135.96477 461.84636,146.77995
454.72246,157.10579 446.00777,166.00714 446.62367,160.13806
442.49308,168.3178 450.53985,158.06447 450.25912,149.11849
464.1501,145.87466 464.90013,136.66592 457.89115,145.6031
447.4652,148.38553 441.56689,158.49335 428.69548,176.50316
449.9593,155.41762 449.34268,154.79759 444.68925,161.42215
437.58599,170.9796 445.3896,168.61815 446.61298,174.67976
467.15165,173.52313 465.45308,179.37963 456.19966,180.68784
446.19691,168.76608 437.81288,176.78712 422.51425,170.30388
418.6027,192.41784 408.0,198.80242 407.04021,201.23462
430.81198,191.09285 418.21667,195.18341 416.07077,195.57465
427.74122,177.57017 433.83234,178.16876 439.33179,180.22622
416.92684,197.6579 431.0,194.97853 425.95977,195.22472
404.79764,204.49534 418.5,200.25232 435.93295,198.32664
429.18426,200.00331 429.9593,206.00012 439.56802,196.67016
436.97762,217.6628 427.00714,207.42926 422.04097,194.55893
412.62805,212.38583 403.81948,213.88751 396.6479,218.33473
383.09899,227.91599 383.15212,233.00012 382.47737,235.83964
362.62119,254.92171 373.57074,247.37824 373.57074,247.37824
373.57074,247.37824 373.57074,247.37824 373.57074,247.37824
;
392.79705,226.0 392.79705,226.0 395.32374,218.80583
406.2746,215.58344 393.5941,226.0 393.5941,226.0
392.79705,226.0 392.79705,226.0 392.79705,226.0
;
443.2391,208.82098 443.2391,208.82098 436.34154,205.78708
452.15772,202.19175 443.56015,208.77538 443.56015,208.77538
443.2391,208.82098 443.2391,208.82098 443.2391,208.82098
;
429.5,193.0 429.5,193.0 427.90029,187.62574
448.57388,173.92612 432.99751,189.1822 430.31031,189.59131
432.16863,194.04556 429.5,193.0 429.5,193.0
429.5,193.0 429.5,193.0 429.5,193.0
;
395.42209,216.51033 395.42209,216.51033 411.17599,203.31628
393.86526,208.64158 391.0,220.1339 392.47403,218.92604
393.94806,217.71819 395.42209,216.51033 395.42209,216.51033
395.42209,216.51033 395.42209,216.51033 395.42209,216.51033
;
530.0,215.36815 530.0,215.36815 539.73193,213.39249
550.00861,211.16317 552.0,203.80242 543.6385,198.03269
551.64744,192.83026 535.62235,192.69367 523.58191,190.90564
506.60523,198.38254 507.0,211.8652 510.95078,211.98676
532.23362,211.46268 525.51487,215.9056 526.96929,215.73631
528.50069,215.54889 530.0,215.36815 530.0,215.36815
530.0,215.36815 530.0,215.36815 530.0,215.36815
;
521.92126,208.86382 521.92126,208.86382 508.50492,211.19901
517.56228,192.10749 522.55006,203.5 530.53882,202.55526
526.18753,208.47738 521.92126,208.86382 521.92126,208.86382
521.92126,208.86382 521.92126,208.86382 521.92126,208.86382
;
517.0252,206.0 517.0252,206.0 530.97183,202.89925
509.08146,198.62231 517.0252,206.0 517.0252,206.0
517.0252,206.0 517.0252,206.0 517.0252,206.0
;
533.35184,207.63804 533.35184,207.63804 521.0271,208.0872
545.37208,197.19579 533.35184,207.63804 533.35184,207.63804
533.35184,207.63804 533.35184,207.63804 533.35184,207.63804
;
421.84335,164.0 421.84335,164.0 430.43849,155.51207
439.5521,145.14207 446.23363,134.5 437.81668,143.77945
428.38613,154.52495 421.84335,164.0 421.84335,164.0
421.84335,164.0 421.84335,164.0 421.84335,164.0
;
468.68482,143.69479 468.68482,143.69479 479.87531,131.93101
475.02561,131.26244 467.55456,144.39333 467.55456,144.39333
468.68482,143.69479 468.68482,143.69479 468.68482,143.69479
;
479.78982,128.88486 479.78982,128.88486 481.1411,124.24113
495.90211,108.05371 489.0597,111.56368 485.94058,114.47741
474.73847,133.67522 479.78982,128.88486 479.78982,128.88486
479.78982,128.88486 479.78982,128.88486 479.78982,128.88486
;
