427.0,480.0 427.0,480.0 284.66667,480.0
142.33333,480.0 0.0,480.0 0.0,320.0
0.0,160.0 0.0,0.0 284.66667,0.0
569.33333,0.0 854.0,0.0 854.0,160.0
854.0,320.0 854.0,480.0 711.66667,480.0
569.33333,480.0 427.0,480.0 427.0,480.0
427.0,480.0 427.0,480.0 427.0,480.0
;
154.01459,479.0 154.01459,479.0 159.4479,473.58417
163.1939,460.59776 168.2959,452.43281 180.0176,429.63605
197.32951,409.29203 217.27386,393.39245 235.8962,385.24087
254.81543,374.6281 272.65547,364.76469 275.34245,357.28477
291.73564,353.31109 287.4921,341.18682 288.71639,327.3913
291.89305,311.84144 288.10972,298.15853 278.06014,305.25585
292.79473,298.48222 286.55929,305.47752 278.52579,306.62256
276.85383,264.61057 278.99994,279.83325 275.0698,274.65674
277.06305,267.02464 277.57476,256.3969 277.07085,245.0681
280.86686,232.29034 284.27706,222.99992 285.59424,217.50017
287.91626,206.34585 290.96937,200.5 287.19516,205.82544
296.09561,183.66546 297.08097,177.62612 309.38464,144.27762
314.96361,108.98305 334.01647,78.80653 357.73818,42.833067
403.19267,21.060608 446.0,31.303032 450.26001,37.32118
455.55498,38.308526 465.49874,43.004028 480.42406,44.666569
492.48303,55.836728 502.94315,66.282998 507.1816,72.186556
508.14604,74.567985 508.52894,78.607158 513.10018,75.78431
517.51251,93.125902 521.73402,99.377748 526.01128,107.03243
528.02867,116.1055 531.46942,120.23643 529.79753,122.93628
535.65086,133.31478 535.9043,141.82285 540.41383,148.72795
539.57503,158.46778 544.32987,167.40623 554.84359,207.15714
559.32545,249.43479 547.77124,289.50003 549.52781,309.58967
549.33797,332.59456 562.05488,348.86447 576.39538,353.5439
570.81322,356.3383 579.23729,360.20979 581.80665,363.76372
599.22996,379.52259 586.1251,365.60411 574.49082,354.84563
606.49364,372.80507 594.71711,368.95422 599.41109,373.07423
610.00161,374.41125 618.63396,379.90599 632.9133,381.46143
621.7064,400.64743 633.25214,406.07154 651.1801,420.98672
660.94871,443.55631 659.54036,466.82138 657.63305,482.24555
667.4683,481.02456 662.66998,466.5 665.5759,440.29015
651.17462,416.66982 632.20676,399.83627 629.47395,392.31189
632.55753,378.47702 620.83799,377.16034 612.97771,372.7693
602.41327,371.09151 597.00004,363.76674 608.34171,366.86052
586.93334,358.17566 588.36696,359.21304 585.8274,354.93857
572.91304,354.23585 570.00004,346.21398 562.66208,338.09401
561.07583,333.71769 564.28282,343.93388 559.74602,338.90773
561.28731,338.85284 557.64311,329.85519 556.38299,316.53083
550.63029,305.09734 551.28508,291.5 554.64388,297.01165
552.04516,305.8356 557.29587,314.5 557.03458,310.2199
554.16087,293.46008 558.789,285.11864 563.1517,266.34778
561.41834,278.11653 558.27218,274.15156 561.58689,276.86364
552.83513,304.34828 553.0,286.88197 554.99114,285.95774
553.93987,274.25031 555.88717,268.56549 559.78271,249.97529
561.03137,231.16179 560.50008,212.19813 563.66863,200.19064
564.26734,228.81294 564.85361,218.5 566.64594,204.6596
558.68768,207.01054 558.768,200.5 555.56737,220.05173
554.26349,180.71324 559.18409,196.27379 562.93046,207.43738
557.49093,180.32736 557.06337,174.5 554.02673,177.19131
552.76869,187.23538 551.19021,170.57034 547.00766,157.57115
553.91348,165.79541 548.1571,152.39321 542.79383,136.37214
538.98542,118.91955 534.41967,103.24711 537.59908,109.41679
545.8786,118.04452 538.00007,105.25424 532.81837,95.459944
530.72245,93.347586 524.52172,81.351654 518.03757,75.487819
516.03228,64.206225 514.10035,67.056016 507.99045,54.349141
504.30227,60.022878 511.94306,65.066217 510.8504,69.768159
505.43452,57.34131 498.34389,54.278134 503.26584,54.110264
477.40741,41.940623 491.1944,47.518254 489.64744,43.862923
476.68347,37.658862 494.25269,44.489937 491.71064,48.977366
502.82368,57.70029 508.06146,53.537985 502.57241,41.82392
505.04478,56.292733 502.05562,49.100994 492.26349,41.861905
497.20656,42.903867 487.0,40.397174 490.91679,35.37552
477.38555,35.704842 473.12511,36.862678 464.49946,40.894844
467.02997,34.96235 456.39497,31.830061 461.36037,32.854799
479.70166,32.399443 459.49181,30.826492 446.74506,29.045728
434.93269,22.209382 421.5,24.399019 415.4521,22.184229
408.1966,26.602819 396.75146,28.112392 390.37631,28.906214
365.14667,35.310476 382.5,32.876006 374.83016,38.85693
367.80279,38.534428 370.12693,35.762064 363.60313,42.104462
372.04692,38.865376 359.57552,44.728909 343.56163,57.184212
326.34368,72.965134 319.00567,92.499995 314.6724,103.73249
315.10926,100.85952 314.33181,108.41569 310.89708,106.51126
313.24654,117.38939 308.34594,125.77824 307.63982,133.45041
303.41611,141.74451 300.48268,149.23017 297.92702,163.76761
284.0381,177.01777 287.84861,191.73188 284.41625,200.84649
280.49929,220.50193 279.10396,210.43414 277.37954,220.39331
272.67187,233.28887 280.90693,216.5 278.87771,221.96652
275.05071,244.96316 275.01561,237.23361 268.87121,242.05286
275.4431,247.84353 272.79452,259.33653 273.68303,273.95167
270.02315,289.54356 274.5,303.31096 277.73398,301.49279
270.3461,282.43518 278.82855,302.10175 282.39563,313.46257
284.34319,314.68239 285.16652,321.01162 284.71966,330.97218
283.43339,321.68191 281.13513,337.37082 274.86736,346.71009
282.76194,340.28219 282.00022,347.92954 273.93195,348.65433
276.13225,350.96767 266.86757,358.65832 259.2905,365.95396
248.98584,372.61148 241.39199,376.99991 222.8916,385.05457
205.44047,395.3599 193.39113,411.97364 178.14992,426.11981
169.64494,442.30568 160.62692,461.17223 158.50437,465.1718
149.8274,477.62707 154.01459,479.0 154.01459,479.0
154.01459,479.0 154.01459,479.0 154.01459,479.0
;
291.67438,183.0 291.67438,183.0 287.95715,169.91415
296.68225,174.61712 291.46025,180.87477 289.13608,179.8302
293.50679,183.68472 291.67438,183.0 291.67438,183.0
291.67438,183.0 291.67438,183.0 291.67438,183.0
;
535.79035,116.51777 535.79035,116.51777 533.37785,118.28252
527.62578,106.91775 532.51448,109.44113 534.06562,104.01523
535.33228,115.03166 535.79035,116.51777 535.79035,116.51777
535.79035,116.51777 535.79035,116.51777 535.79035,116.51777
;
368.20481,479.0 368.20481,479.0 374.63566,483.1581
365.13119,464.59804 366.09783,475.85078 367.18716,476.35577
366.12003,479.89623 368.20481,479.0 368.20481,479.0
368.20481,479.0 368.20481,479.0 368.20481,479.0
;
374.54842,479.0 374.54842,479.0 373.20934,471.44363
375.63075,464.8089 371.61107,457.12234 371.99657,457.61092
368.28663,441.71051 368.36426,457.91231 369.56768,462.65637
371.47774,473.27986 374.54842,479.0 374.54842,479.0
374.54842,479.0 374.54842,479.0 374.54842,479.0
;
384.83036,477.97688 384.83036,477.97688 381.22952,468.73855
379.71606,458.03752 381.24913,475.5 380.8465,476.30645
385.11089,480.72213 384.83036,477.97688 384.83036,477.97688
384.83036,477.97688 384.83036,477.97688 384.83036,477.97688
;
388.0,479.0 388.0,479.0 394.35675,478.75934
389.64043,474.0233 396.00001,478.60534 393.03167,464.16621
391.42574,470.32792 388.01537,461.51638 379.15001,446.12644
392.07822,465.85643 392.78425,463.54908 406.36808,474.68496
393.39602,461.30952 389.92824,453.18165 386.72013,447.85176
385.41279,435.18161 381.46472,426.00926 388.29064,427.85439
400.75469,437.9727 410.12069,442.19614 428.83528,448.30967
448.95797,464.8275 468.44452,452.02551 483.79266,444.6324
499.77825,436.10418 508.12731,420.5 506.62945,426.09712
500.43388,446.22761 509.97679,437.88036 507.02962,453.60032
518.33011,433.42134 515.58433,434.86113 515.68988,420.97001
519.31167,407.50479 519.28952,393.55035 520.82668,402.94302
525.55273,411.47419 525.99677,420.79823 526.28803,435.82555
520.87868,450.41293 523.98906,465.5 518.03837,458.23247
519.85756,481.06424 524.07436,477.04211 522.52254,460.02736
527.48005,491.4164 529.46298,470.62841 531.01056,460.02434
531.65311,451.63987 530.10738,441.54093 531.41215,414.11193
526.60507,386.27395 514.82175,361.59561 509.42531,367.24236
511.00411,353.38765 503.85989,346.11222 490.10516,333.46971
499.55554,343.05794 504.8983,352.72148 509.89981,361.5408
504.07013,362.42343 506.18897,376.16759 505.14964,390.97289
512.46925,359.86855 511.00003,383.09248 509.32959,388.45623
498.19371,405.87168 503.72945,404.75 508.86841,388.05888
512.34995,391.31738 511.15649,406.01106 504.75327,428.44846
483.60268,442.94556 462.49182,450.91952 456.15104,457.18293
433.20933,451.58714 451.3051,450.03708 466.67562,446.78091
484.46079,440.6308 492.00003,426.30967 477.41659,440.94248
456.35247,448.85383 435.90887,450.11741 417.59886,443.3662
400.61408,433.96179 384.00003,423.81515 384.03983,423.0811
370.50452,414.332 369.85932,412.95376 370.51607,424.15289
364.00992,431.65041 367.43108,442.5 368.54269,427.20399
369.2405,439.73745 370.76664,432.44683 371.61136,438.29795
375.23472,461.27197 377.20108,448.07052 380.20149,442.14676
370.42702,440.89687 375.4631,438.38094 381.92431,441.18821
380.14379,462.91776 382.85943,454.5 381.85239,462.83404
394.96544,473.65308 385.99987,474.72604 386.54158,476.24544
384.46948,480.53088 387.99996,479.0 387.99996,479.0
388.0,479.0 388.0,479.0 388.0,479.0
;
383.72352,443.60981 383.72352,443.60981 378.75629,434.62561
382.58351,434.85117 376.07678,429.32372 376.02988,412.67195
381.1287,426.14042 379.05077,427.05975 380.08861,421.29825
382.13026,441.38916 383.72352,443.60981 383.72352,443.60981
383.72352,443.60981 383.72352,443.60981 383.72352,443.60981
;
506.28459,440.0 506.28459,440.0 503.5861,429.45326
516.75644,426.61533 511.00161,432.88296 509.24881,434.73074
508.46546,438.97032 506.28459,440.0 506.28459,440.0
506.28459,440.0 506.28459,440.0 506.28459,440.0
;
373.19873,436.20127 373.19873,436.20127 369.10782,432.41174
370.86354,407.65931 373.52159,428.83723 373.76703,430.9173
375.22004,434.76586 373.19873,436.20127 373.19873,436.20127
373.19873,436.20127 373.19873,436.20127 373.19873,436.20127
;
516.79585,396.74313 516.79585,396.74313 517.08195,416.16265
511.89026,379.00155 517.06247,389.93612 517.02727,392.19139
516.88132,394.47533 516.79585,396.74313 516.79585,396.74313
516.79585,396.74313 516.79585,396.74313 516.79585,396.74313
;
400.54098,479.0 400.54098,479.0 402.24528,473.40857
389.60668,461.86982 400.54098,479.0 400.54098,479.0
400.54098,479.0 400.54098,479.0 400.54098,479.0
;
498.90215,478.45 498.90215,478.45 505.68085,464.48501
502.20212,460.82474 498.0087,477.5 498.18834,478.11127
497.43443,481.04952 498.90215,478.45 498.90215,478.45
498.90215,478.45 498.90215,478.45 498.90215,478.45
;
506.13372,471.0 506.13372,471.0 510.76043,455.58153
508.77064,460.05446 503.78485,471.35799 500.85494,476.9159
503.26469,485.34359 506.13372,471.0 506.13372,471.0
506.13372,471.0 506.13372,471.0 506.13372,471.0
;
360.48453,454.82415 360.48453,454.82415 358.26587,443.72553
359.03996,441.05032 361.62109,438.00651 363.70408,426.94867
358.73011,417.65653 357.9437,407.0 356.6882,404.06695
357.72516,433.38721 353.60774,411.5 354.97834,413.82212
356.49137,395.86054 352.71807,406.8639 349.50032,416.73012
356.32208,430.33492 355.8607,437.41396 354.81477,439.63355
358.68832,448.82218 360.48453,454.82415 360.48453,454.82415
360.48453,454.82415 360.48453,454.82415 360.48453,454.82415
;
359.1045,435.43541 359.1045,435.43541 354.13682,427.10157
357.43125,415.78035 359.98489,432.69098 359.03701,433.24386
361.0851,435.45367 359.1045,435.43541 359.1045,435.43541
359.1045,435.43541 359.1045,435.43541 359.1045,435.43541
;
501.13771,454.25374 501.13771,454.25374 508.21679,442.98974
502.29482,442.45513 499.25354,454.74646 499.25354,454.74646
501.13771,454.25374 501.13771,454.25374 501.13771,454.25374
;
363.99294,452.50437 363.99294,452.50437 369.50795,438.0152
355.45949,444.50136 363.99294,452.50437 363.99294,452.50437
363.99294,452.50437 363.99294,452.50437 363.99294,452.50437
;
521.77497,433.5 521.77497,433.5 527.68427,425.42636
522.97922,412.60511 522.08169,428.23728 519.31669,428.97253
520.56604,439.55842 521.77497,433.5 521.77497,433.5
521.77497,433.5 521.77497,433.5 521.77497,433.5
;
490.90602,354.0 490.90602,354.0 495.35954,345.17585
489.14178,331.03504 499.05934,323.54662 514.95304,303.36406
518.5024,276.94483 526.41674,253.6571 527.70571,243.42785
529.72833,232.35996 532.42011,221.6164 537.1654,192.33886
524.52092,163.87806 517.89175,135.826 511.24022,118.86423
506.65859,99.967883 495.09065,86.184165 490.82433,90.887303
499.78599,96.541921 501.00866,104.75 504.46304,117.79222
511.49754,129.09652 514.0,142.3711 525.82454,154.38166
515.73291,154.14476 504.66005,150.12414 495.21605,148.00701
485.58117,150.39268 476.61774,153.0 489.6726,145.04519
474.13231,153.0765 468.72114,155.20745 463.19005,162.50211
482.7093,153.24388 488.46069,154.69616 505.42442,152.37575
493.73935,154.43551 507.12597,155.99991 519.28287,152.56315
519.41728,164.86495 523.81955,172.26866 532.11587,197.23595
530.80876,224.05468 522.16522,248.76092 516.2904,279.18984
508.33517,310.54022 486.79724,334.01495 494.43123,328.89458
484.99439,352.03562 490.90602,354.0 490.90602,354.0
490.90602,354.0 490.90602,354.0 490.90602,354.0
;
394.90266,336.37003 394.90266,336.37003 375.97688,320.84588
356.15371,300.24464 350.03408,274.67573 351.39939,267.47578
345.30013,259.16185 349.23136,255.40463 346.40388,247.88784
346.50418,243.00108 347.45942,235.58874 345.54129,221.1115
347.20399,250.93359 341.82353,235.47301 338.88028,234.36848
348.98779,212.07668 345.0,223.86852 346.67001,237.65571
350.9488,210.75472 356.3209,207.53415 363.09699,204.93103
363.00293,190.87009 373.69177,193.71351 388.43163,198.93611
402.15839,186.9268 416.5,191.5 418.66919,179.26048
401.90346,171.00705 391.0,172.66756 377.60284,172.53513
371.97697,179.64469 382.25762,165.85558 388.48397,152.40241
406.18299,162.6137 416.53101,160.91293 426.89286,165.24564
412.34351,151.97011 405.31474,155.29901 398.37625,151.54154
386.47214,153.96205 379.15879,158.57774 376.10433,164.40988
360.28619,184.23408 366.54971,180.81088 369.13979,175.78439
396.66871,173.64468 390.94803,175.0533 382.55631,177.3311
370.83964,178.27067 368.0,184.09061 377.08793,180.22138
389.88554,180.63287 395.95852,179.05517 393.32962,179.57328
399.85089,184.20314 394.85714,189.00001 386.43362,190.83306
378.55844,173.43666 377.41263,186.75542 385.31846,191.58761
362.50693,182.43033 364.0,192.954 351.95966,204.13115
344.23528,217.12759 337.65998,231.50001 342.14446,263.70736
347.25958,299.66402 374.16277,321.53047 380.0521,327.58005
387.29904,333.73194 394.90266,336.37003 394.90266,336.37003
394.90266,336.37003 394.90266,336.37003 394.90266,336.37003
;
408.92431,181.91878 408.92431,181.91878 406.25172,179.52669
390.0265,173.60884 401.34423,175.94869 404.85438,175.91609
407.88513,180.66389 408.92431,181.91878 408.92431,181.91878
408.92431,181.91878 408.92431,181.91878 408.92431,181.91878
;
420.99248,298.0 420.99248,298.0 420.07191,288.04055
438.64423,300.80217 447.33872,296.39914 456.65416,298.81375
476.83288,289.73515 473.83962,290.40401 478.63827,300.45849
480.41826,275.44339 470.15293,279.92785 461.23027,276.25015
445.5179,280.88692 447.99634,278.12091 440.66751,273.58714
430.73049,280.74591 423.0,283.0 425.95706,274.8229
434.71337,265.19584 444.73745,268.22043 452.89013,271.80744
470.3372,261.25011 454.13648,266.28911 443.97374,267.8131
432.53913,262.87079 426.44182,274.47286 419.89417,282.67139
417.7108,286.93189 420.0153,297.29705 420.40301,297.31715
419.33632,302.36422 420.99248,298.0 420.99248,298.0
420.99248,298.0 420.99248,298.0 420.99248,298.0
;
449.05887,293.88263 449.05887,293.88263 442.73297,291.15737
420.42452,295.83981 425.5,286.37463 432.05707,278.53519
442.27092,285.65348 449.38354,283.5571 442.90958,290.25627
452.61031,281.6014 459.90062,282.99998 468.78567,275.28778
473.97042,294.28273 458.54088,291.01325 454.28907,289.23266
452.65499,294.32523 449.05887,293.88263 449.05887,293.88263
449.05887,293.88263 449.05887,293.88263 449.05887,293.88263
;
289.0904,297.0 289.0904,297.0 295.27967,287.60358
278.64155,284.81763 285.66749,288.41404 286.83714,281.52139
286.5835,298.31375 289.0904,297.0 289.0904,297.0
289.0904,297.0 289.0904,297.0 289.0904,297.0
;
474.6547,277.67863 474.6547,277.67863 470.63496,266.51712
457.48928,261.96619 471.73252,274.27123 472.63978,274.67522
473.46191,279.5562 474.6547,277.67863 474.6547,277.67863
474.6547,277.67863 474.6547,277.67863 474.6547,277.67863
;
423.30902,246.96086 423.30902,246.96086 416.31083,243.84788
415.42032,232.84764 422.00046,224.80137 419.08783,217.23027
409.5073,237.39969 414.93633,242.4226 416.607,245.25403
420.45497,246.02863 423.30902,246.96086 423.30902,246.96086
423.30902,246.96086 423.30902,246.96086 423.30902,246.96086
;
427.75,245.4731 427.75,245.4731 433.65639,246.2279
449.21452,241.73212 435.21796,237.99994 427.95913,245.4978
420.84007,243.45099 423.39197,230.0642 419.66776,225.32198
418.31538,248.28714 427.75,245.4731 427.75,245.4731
427.75,245.4731 427.75,245.4731 427.75,245.4731
;
458.69098,242.9682 458.69098,242.9682 467.28297,243.8539
474.15261,234.67555 464.82714,239.44742 464.80114,229.60264
444.38148,241.85215 458.69098,242.9682 458.69098,242.9682
458.69098,242.9682 458.69098,242.9682 458.69098,242.9682
;
354.10238,199.40735 354.10238,199.40735 366.00855,184.81048
349.75798,198.39439 353.45273,199.99528 353.45273,199.99528
354.10238,199.40735 354.10238,199.40735 354.10238,199.40735
;
469.26862,188.0 469.26862,188.0 479.40887,182.24594
493.83365,192.17023 504.28758,185.27981 514.14325,184.42542
523.79833,177.80644 511.42788,170.37592 496.86735,162.5466
471.37534,166.90153 466.78431,184.99553 467.70431,185.86333
467.02668,189.05541 469.26862,188.0 469.26862,188.0
469.26862,188.0 469.26862,188.0 469.26862,188.0
;
486.33259,182.55561 486.33259,182.55561 478.77818,180.84072
480.96274,175.50676 480.30692,175.06446 484.75103,173.2281
495.15037,182.45461 487.0,173.0 503.58144,169.47649
493.07345,174.43348 488.2158,182.36524 488.2158,182.36524
486.33259,182.55562 486.33259,182.55562 486.33259,182.55562
486.33259,182.55561 486.33259,182.55561 486.33259,182.55561
;
509.0,177.82687 509.0,177.82687 489.99169,172.25394
509.75291,173.3856 509.0,177.82603 509.0,177.82603
509.0,177.82687 509.0,177.82687 509.0,177.82687
;
511.41667,173.91905 511.41667,173.91905 498.49453,171.35732
501.67536,167.22083 513.04205,173.62138 514.48214,174.12551
512.21218,173.87203 511.41667,173.91905 511.41667,173.91905
511.41667,173.91905 511.41667,173.91905 511.41667,173.91905
;
388.5,185.0 388.5,185.0 399.79281,182.12197
377.19119,179.51733 388.5,185.0 388.5,185.0
388.5,185.0 388.5,185.0 388.5,185.0
;
425.7,158.0 425.7,158.0 425.47261,149.80314
411.2644,150.56864 405.00886,145.66496 396.13366,144.50357
403.72246,137.98257 399.40505,139.14551 406.57993,136.13163
413.65928,127.73923 410.01613,123.0 416.19514,112.72451
424.68732,100.78322 433.31737,90.925948 436.82448,86.233003
459.94784,67.098903 446.50006,74.887856 423.38444,93.797844
406.99187,119.83924 389.65939,143.50917 385.64136,152.26047
408.62176,147.93816 404.03537,152.5963 411.18811,152.37522
420.02975,153.731 425.7,158.0 425.7,158.0
425.7,158.0 425.7,158.0 425.7,158.0
;
461.76482,152.0 461.76482,152.0 467.13244,150.82113
475.3162,147.36424 480.83448,147.99656 488.52887,141.89156
503.84934,150.42002 494.5,143.00983 504.12175,145.91985
506.30207,146.20911 515.85425,149.71009 512.00929,141.15991
500.01461,136.94156 490.50001,139.94431 480.33764,141.6433
466.82235,143.28287 460.92964,152.0 460.92964,152.0
461.76483,152.0 461.76483,152.0 461.76483,152.0
461.76482,152.0 461.76482,152.0 461.76482,152.0
;
490.9866,88.0 490.9866,88.0 501.25892,79.401722
474.68207,71.981032 488.34844,79.213613 494.18252,78.643803
487.98706,87.284953 490.9866,88.0 490.9866,88.0
490.9866,88.0 490.9866,88.0 490.9866,88.0
;
