95.454687,480.0 95.454687,480.0 63.636458,480.0
31.818229,480.0 0.0,480.0 0.0,320.0
0.0,160.0 0.0,0.0 284.66667,0.0
569.33333,0.0 854.0,0.0 854.0,160.00419
854.0,320.00838 854.0,480.01257 803.50797,479.84172
753.01593,479.67086 702.5239,479.5 698.6254,458.59313
684.82169,441.40771 678.0,421.97149 675.44038,414.59188
665.89804,409.18672 666.18763,400.31115 660.3581,396.40067
648.84592,391.71442 643.30998,388.0 637.01451,379.70115
624.76035,379.25928 618.2,371.2 618.35333,370.43532
614.08001,366.82079 613.0,364.55902 602.54348,366.52981
607.10325,362.7058 609.20189,361.12517 606.03187,360.67138
594.45422,339.93959 601.21398,348.0 606.99088,340.80305
590.33121,338.67513 591.54817,330.92214 601.9514,337.30003
589.96105,325.48859 588.70569,317.5 600.52662,323.38129
583.07911,312.32859 585.12541,304.55402 577.23712,285.82775
575.78229,265.01387 570.88464,245.86786 582.07221,246.76091
568.11204,241.52524 570.57402,235.75 572.70256,242.69312
578.08954,224.66711 572.00007,232.16667 564.98037,223.80328
573.65834,220.08652 567.30428,209.18996 561.01482,195.5009
570.48304,200.04784 561.0004,189.61774 569.99744,188.82089
558.42088,181.91485 558.0004,177.04069 557.79043,169.7408
556.66279,162.08166 553.73014,158.5 550.36459,157.85977
544.34373,151.47344 550.5,154.0 555.50509,153.86607
563.20928,146.66301 554.24489,144.0 554.22769,151.21889
547.05342,151.33585 546.36392,145.27104 550.80338,136.38311
542.2381,125.56411 538.55313,118.83282 538.15581,111.18352
527.52906,104.03672 530.56041,98.066196 526.05682,80.790451
510.83404,67.253046 498.06636,56.0 503.14253,67.409246
498.22176,59.055237 490.19726,54.645023 481.73953,49.466003
471.35778,57.618969 465.0,53.883369 457.49406,52.669361
446.44418,46.772161 440.13636,48.07298 430.86979,43.55245
427.30925,52.93739 414.44308,52.153409 404.92171,55.113669
394.20581,55.273354 386.61144,62.0 376.22804,64.911561
385.79939,65.448686 372.4415,74.189192 364.35233,78.187219
359.01525,94.569237 351.09938,89.0 351.33653,96.669704
348.67692,100.48157 341.17576,108.0819 340.69863,116.53733
332.83501,125.10897 330.13526,134.4452 320.93572,150.76453
313.95209,168.42064 308.01651,186.41651 317.66866,187.07082
308.64633,195.74547 308.25,193.35776 303.25702,193.17648
302.05213,220.6556 302.20989,208.76337 295.22311,211.76126
305.20852,224.19919 295.52566,224.9585 302.4591,230.69067
292.49183,241.58017 294.2369,250.72374 292.51281,261.98626
289.63387,276.33283 291.79792,286.0 296.22936,279.17384
296.54631,291.15862 296.79352,293.74562 306.04411,299.37013
295.92144,314.97068 299.25001,311.58766 298.83718,316.59869
304.16458,311.44174 303.33636,322.99696 296.85012,316.02132
304.77809,334.45686 295.92277,337.24997 301.95556,343.96846
294.59865,359.12242 285.81996,363.46087 271.50727,368.98878
287.92992,369.05888 274.71708,374.04575 279.35273,363.44061
263.42309,380.73364 256.27743,380.82943 250.97025,381.80647
239.41442,399.3798 237.99998,391.75508 234.7432,399.37379
229.7016,404.42861 222.86063,410.83146 208.21374,431.65915
194.01772,454.19421 190.90935,479.99992 159.09116,479.99997
127.2727,479.99981 95.454687,480.0 95.454687,480.0
95.454687,480.0 95.454687,480.0 95.454687,480.0
;
294.81818,335.55703 294.81818,335.55703 304.73091,328.67551
283.31973,332.66628 294.81818,335.55703 294.81818,335.55703
294.81818,335.55703 294.81818,335.55703 294.81818,335.55703
;
281.0,480.0 281.0,480.0 252.98189,479.38077
222.49422,481.2311 196.0,479.08797 199.6858,453.29434
213.80327,429.40632 230.51884,409.8829 241.55051,399.4864
251.71486,386.82119 267.16236,383.88501 276.90607,375.74425
290.51065,373.44347 299.71813,365.49992 303.705,355.28132
303.41259,351.87688 305.63452,342.06533 308.24034,323.52759
313.09888,304.03638 309.33945,285.58484 302.66464,277.40271
298.21523,279.30242 299.9556,263.73129 299.64668,252.52356
302.56858,240.01087 304.58515,230.95224 307.165,218.54737
312.36984,205.23595 317.00168,192.77675 321.83691,180.87827
323.48547,167.15219 328.44857,154.64267 338.76259,118.78172
360.26308,84.38169 392.76727,65.069312 409.04449,57.789711
425.9233,53.212105 443.53974,53.779759 456.09495,53.716259
465.14494,64.724104 477.53413,64.175003 497.13674,66.842195
511.31803,85.709191 520.30396,102.46124 535.6203,131.49148
547.2212,162.53099 552.23078,195.02452 557.65383,207.26776
559.74952,226.35288 562.7957,241.49993 567.51754,258.97956
567.74129,275.95576 572.08833,293.04799 570.64369,305.01934
578.89979,317.10528 580.23523,329.49993 578.66483,339.52976
587.5863,339.87218 589.44003,350.89862 598.60721,367.8176
615.09442,378.86534 632.5421,386.0529 637.58068,394.77868
648.12703,395.66758 656.40488,400.3884 671.71693,402.64648
648.82757,413.03365 661.0,418.24387 669.92381,433.10331
688.28818,444.41142 691.9371,463.16326 699.14033,475.95821
697.23316,483.87507 681.36359,479.99993 633.55227,479.99993
585.74095,479.99993 537.92963,479.99993 542.77237,466.30454
538.21888,450.36902 540.91475,435.85358 544.20317,414.0483
539.27483,392.43576 533.40164,371.49993 523.7075,372.83086
527.7826,354.20273 519.03383,353.47897 520.672,359.9731
524.34938,368.18167 523.22365,377.32893 523.62914,388.11019
523.75077,399.71445 515.37716,407.53282 509.46399,424.6886
521.51718,401.4726 516.73288,420.28185 507.06632,433.27234
493.76516,443.53295 478.20218,449.16613 470.78509,446.60254
467.27247,453.71398 467.71725,452.14405 446.9091,461.87316
428.73979,444.49991 410.50008,436.8249 399.9604,430.04735
389.69584,422.49051 384.74648,410.85367 387.3422,427.7645
381.58822,407.81521 372.44623,410.0872 374.90343,412.07231
372.84138,432.82645 377.27922,423.00007 377.78027,421.65786
375.54613,441.2471 378.84588,448.83271 378.17999,465.05825
370.59388,446.08758 371.25783,439.79909 370.62401,431.59849
376.44142,422.08799 368.04069,421.5 368.59787,432.1959
365.87414,448.56962 373.5316,457.6505 375.18274,462.46281
385.81645,479.26606 377.3147,480.0 367.55235,477.069
372.94425,476.27589 366.41828,475.0 366.00525,485.53651
347.00825,477.48905 338.56967,480.0 319.37978,480.0
300.18989,480.0 281.0,480.0 281.0,480.0
281.0,480.0 281.0,480.0 281.0,480.0
;
383.75,374.9922 383.75,374.9922 390.66001,369.16074
371.48222,364.13587 383.75,374.9922 383.75,374.9922
383.75,374.9922 383.75,374.9922 383.75,374.9922
;
388.89591,367.0 388.89591,367.0 391.95331,356.91763
382.33061,352.95535 387.74475,365.5 388.07378,366.06479
387.47887,367.72401 388.89591,367.0 388.89591,367.0
388.89591,367.0 388.89591,367.0 388.89591,367.0
;
379.62132,365.0 379.62132,365.0 379.42795,360.46915
375.77777,347.56403 376.12117,339.09846 371.68985,326.24791
371.90498,352.87165 375.81967,357.92356 376.84303,359.80266
376.74365,365.41842 379.62132,365.0 379.62132,365.0
379.62132,365.0 379.62132,365.0 379.62132,365.0
;
498.4375,362.69022 498.4375,362.69022 504.75732,345.12346
495.47479,323.681 500.26466,305.31419 507.82037,297.66998
510.19651,283.95748 515.64999,277.71172 527.22758,281.25453
540.4634,264.12594 528.21091,256.84959 529.89629,269.15978
521.61941,268.7035 524.0992,254.79537 517.13941,238.92873
524.53083,264.81847 517.93435,255.66557 517.26442,261.31454
510.80318,279.53075 514.39269,261.56687 520.21586,235.90995
528.33219,208.52664 518.58581,182.58794 515.26595,172.89459
512.96699,162.82993 509.731,153.92032 509.17084,154.77877
499.41714,149.47779 504.99991,146.11803 510.41717,158.9086
504.88085,136.79897 500.98867,131.8764 497.15079,128.87332
498.71068,112.57092 493.91004,120.77095 492.63768,130.58221
497.59192,136.63029 498.99322,145.45931 499.93439,156.40296
511.17951,163.13349 510.68218,175.14725 515.35504,186.11516
510.19292,192.67791 514.12516,203.45 516.3078,190.73665
517.56235,213.89677 516.29035,221.87046 514.49442,230.94851
512.52724,239.90827 509.96152,249.0 501.9357,258.13978
517.16664,244.20851 510.2648,259.41543 510.3332,272.39355
505.94474,285.01096 499.74655,296.73058 498.02995,303.33332
479.53719,316.21442 487.28333,316.91397 498.53276,302.6111
491.92124,330.92618 494.05844,338.36595 493.63091,345.5562
494.71928,353.40164 497.45947,357.39659 497.03694,359.08359
494.73531,363.86357 498.4375,362.69022 498.4375,362.69022
498.4375,362.69022 498.4375,362.69022 498.4375,362.69022
;
520.85426,273.35221 520.85426,273.35221 509.3471,271.69431
530.06782,266.38181 521.59456,273.17494 521.59456,273.17494
520.85426,273.35221 520.85426,273.35221 520.85426,273.35221
;
400.25,341.92584 400.25,341.92584 402.77446,338.41008
386.02923,333.31736 382.88004,327.94547 378.78505,319.6334
369.55406,319.2305 365.30301,309.14737 353.82395,291.0104
346.37591,270.89861 344.46919,249.57827 341.41102,240.04273
344.80463,234.44315 342.588,228.04463 344.98039,218.51528
349.28959,210.648 353.67484,202.6323 359.60075,195.03303
367.31826,201.48554 377.33082,198.51593 385.47291,193.80101
397.06361,204.04018 397.0,192.30008 391.25881,180.70078
379.95242,175.19227 367.31062,176.52114 373.04061,173.87786
372.21126,165.51357 383.36855,168.49825 393.09531,173.0939
403.33115,168.24244 405.6823,172.70314 415.12648,166.67494
397.48091,159.09461 391.5,156.017 381.02603,153.90044
395.69773,143.95945 399.05326,140.64907 410.82321,132.18561
407.42424,129.26787 411.67306,124.189 424.58493,111.93091
415.49701,112.19043 407.6094,124.02724 398.15853,133.31467
391.00858,136.7507 403.13515,124.06104 414.50161,114.21555
424.20572,102.09523 438.0,94.568785 434.79457,88.869358
422.24277,102.44689 417.75409,106.90771 401.5668,119.40326
387.97297,136.08823 375.0,152.44356 375.19344,156.42936
388.87031,159.97994 373.83201,161.29215 363.33704,161.32215
360.56281,173.92838 356.0,180.57143 364.93467,186.18383
357.73405,191.4516 349.59211,199.19809 340.82168,208.21631
332.79268,219.20618 335.78661,232.37669 341.89709,263.05963
345.40104,296.98666 368.28893,320.56784 374.38912,335.96309
372.08049,325.1297 382.55794,334.21686 387.1927,339.03393
394.22679,339.50612 400.25,341.92584 400.25,341.92584
400.25,341.92584 400.25,341.92584 400.25,341.92584
;
378.73241,194.0 378.73241,194.0 370.46704,186.33557
391.50692,189.22493 380.13148,193.9996 380.13148,193.9996
378.73241,193.9996 378.73241,193.9996 378.73241,193.9996
378.73241,194.0 378.73241,194.0 378.73241,194.0
;
391.10841,298.0 391.10841,298.0 386.63684,284.76403
398.15513,293.93632 409.40169,293.6022 422.56483,294.43187
419.389,291.10072 428.46418,291.4394 431.0748,288.0918
441.44177,301.67348 444.34973,290.08076 444.1373,281.97486
429.51193,277.9456 421.55398,276.75593 409.47981,275.6687
402.89871,273.39807 393.0,276.87426 400.14892,266.9033
398.50208,260.69303 389.89423,273.28983 385.5495,281.32299
375.08749,285.24987 388.00997,293.60524 391.03755,293.85053
388.72153,298.67113 391.10841,298.0 391.10841,298.0
391.10841,298.0 391.10841,298.0 391.10841,298.0
;
396.21862,286.86382 396.21862,286.86382 384.42301,282.22525
407.32268,282.26136 413.5,284.1482 432.74407,286.87427
406.541,285.31003 399.59953,284.36045 392.08974,282.44284
397.85197,284.38105 396.21862,286.86382 396.21862,286.86382
396.21862,286.86382 396.21862,286.86382 396.21862,286.86382
;
309.44098,279.0 309.44098,279.0 313.88434,274.12681
308.43217,277.36579 308.6618,265.99142 299.32753,264.90805
307.96091,279.99468 309.44097,279.0 309.44097,279.0
309.44098,279.0 309.44098,279.0 309.44098,279.0
;
436.16736,279.0 436.16736,279.0 437.77836,271.86958
419.60405,264.29223 436.16736,279.0 436.16736,279.0
436.16736,279.0 436.16736,279.0 436.16736,279.0
;
413.37244,268.90032 413.37244,268.90032 431.02029,267.28435
418.66794,265.20328 410.4044,263.71318 402.13042,266.05624
407.87178,270.08783 413.37244,268.90032 413.37244,268.90032
413.37244,268.90032 413.37244,268.90032 413.37244,268.90032
;
452.05902,262.0 452.05902,262.0 460.36607,256.37782
442.22657,257.84051 452.05902,262.0 452.05902,262.0
452.05902,262.0 452.05902,262.0 452.05902,262.0
;
431.75,251.9731 431.75,251.9731 446.46802,245.7812
435.06693,239.61579 430.0,252.0 430.0,252.0
431.75,251.9731 431.75,251.9731 431.75,251.9731
;
401.08046,248.0 401.08046,248.0 414.92069,242.04478
391.78911,242.45239 393.02522,240.04085 395.38548,233.89395
396.89979,221.8987 390.5567,227.22251 389.4633,233.98163
387.8844,240.74926 395.30875,246.22348 398.2929,245.0033
397.13371,249.87082 401.08046,248.0 401.08046,248.0
401.08046,248.0 401.08046,248.0 401.08046,248.0
;
427.76002,247.72495 427.76002,247.72495 439.51225,252.20272
435.48391,222.80639 433.66265,240.10211 431.61525,250.16949
418.30311,230.31136 414.21473,242.92828 415.87007,246.44688
423.72017,247.54354 427.76002,247.72495 427.76002,247.72495
427.76002,247.72495 427.76002,247.72495 427.76002,247.72495
;
440.11331,238.42997 440.11331,238.42997 443.48712,226.64166
429.57623,233.55547 440.11331,238.42997 440.11331,238.42997
440.11331,238.42997 440.11331,238.42997 440.11331,238.42997
;
386.34164,205.55343 386.34164,205.55343 403.15169,197.2239
377.00169,200.86279 386.34164,205.55343 386.34164,205.55343
386.34164,205.55343 386.34164,205.55343 386.34164,205.55343
;
470.31832,200.79603 470.31832,200.79603 479.77544,200.49748
488.77932,197.39394 498.0,195.58713 497.63316,186.3928
483.45683,182.44882 475.54069,179.50212 461.73116,177.62603
444.21581,180.86963 439.83476,196.09606 448.51703,199.12293
460.20194,199.97651 470.31832,200.79611 470.31832,200.79611
470.31832,200.79603 470.31832,200.79603 470.31832,200.79603
;
465.58046,195.0 465.58046,195.0 452.35981,188.85328
476.66753,195.61523 467.07605,186.76853 466.70171,181.272
479.67386,190.71156 465.58046,195.0 465.58046,195.0
465.58046,195.0 465.58046,195.0 465.58046,195.0
;
497.25,173.86487 497.25,173.86487 503.72181,173.69537
496.90029,159.58689 487.10781,159.83502 479.70347,149.49853
465.47757,156.18415 454.5,154.68017 449.27929,155.95514
429.80476,162.54269 438.53001,163.95144 445.39431,162.3543
459.23645,165.20962 442.0,166.0 441.28818,176.80172
458.95369,167.65184 466.27242,169.42204 475.63485,169.71933
484.28976,171.96052 494.5,173.72971 494.5,173.72971
496.45695,173.82581 496.45695,173.82581 496.45695,173.82581
497.25,173.86481 497.25,173.86481 497.25,173.86481
497.25,173.86487 497.25,173.86487 497.25,173.86487
;
496.714,170.0 496.714,170.0 490.5007,169.21763
475.25183,159.07427 490.4332,164.53653 492.74182,164.75022
497.25621,168.99555 496.714,170.0 496.714,170.0
496.714,170.0 496.714,170.0 496.714,170.0
;
465.75,163.73705 465.75,163.73705 453.06575,163.49683
451.558,160.09594 466.62786,161.06623 474.31652,164.25546
474.09724,164.20131 465.75,163.73705 465.75,163.73705
465.75,163.73705 465.75,163.73705 465.75,163.73705
;
418.58611,122.8393 418.58611,122.8393 421.97406,117.31119
434.0036,106.16048 432.5,102.00156 426.64091,105.76122
417.22797,120.08602 418.58611,122.8393 418.58611,122.8393
418.58611,122.8393 418.58611,122.8393 418.58611,122.8393
;
423.81245,90.292629 423.81245,90.292629 439.46229,82.937843
427.18415,82.880799 417.95885,91.124396 419.0236,95.20685
421.62565,90.785941 423.81245,90.292629 423.81245,90.292629
423.81245,90.292629 423.81245,90.292629 423.81245,90.292629
;
433.5,91.0 433.5,91.0 441.50001,90.92107
442.12292,79.380031 434.5,87.589356 431.77708,86.102584
430.51207,92.330493 433.5,91.0 433.5,91.0
433.5,91.0 433.5,91.0 433.5,91.0
;
445.45203,84.0 445.45203,84.0 457.54475,76.373254
435.84529,80.069449 445.45203,84.0 445.45203,84.0
445.45203,84.0 445.45203,84.0 445.45203,84.0
;
402.5109,78.0 402.5109,78.0 417.88883,74.56845
407.44372,68.320065 402.0,78.0 402.0,78.0
402.5109,78.0 402.5109,78.0 402.5109,78.0
;
397.5,480.0 397.5,480.0 385.30109,476.09091
409.76502,473.68568 397.5,480.0 397.5,480.0
397.5,480.0 397.5,480.0 397.5,480.0
;
454.94754,479.86382 454.94754,479.86382 438.09672,479.90922
421.24591,479.95462 404.39509,480.0 399.88573,466.98891
398.48496,473.12772 392.5507,462.14988 384.67594,443.78892
403.72088,466.90385 403.0,456.2578 394.13256,452.56349
389.07337,441.99466 393.23326,433.0 387.19457,442.99022
387.83559,418.1592 391.0,432.0 396.5143,426.78426
406.0153,441.63397 413.99458,443.4891 431.142,451.30499
448.83734,466.52972 468.45021,456.95864 483.82468,451.77245
499.084,445.61493 510.85046,434.03455 506.25262,442.08523
507.67265,452.6013 502.0,459.65741 501.69778,470.90885
515.04081,453.77535 509.181,449.24897 508.36688,437.1929
522.40646,438.42851 512.52728,446.47931 509.84112,455.11795
522.87085,449.6996 520.2,444.79993 525.1055,445.58046
522.11641,428.73749 526.10382,422.99993 528.80947,426.49135
529.55503,424.85369 528.02941,414.74689 529.6365,407.09859
533.64294,399.89822 532.00006,409.99993 538.52061,413.14052
534.77855,438.74921 534.09972,419.24993 530.04784,407.68699
533.58167,434.67943 534.98476,439.41862 533.52297,450.31116
529.75718,460.74846 530.8255,472.65264 529.82371,488.10395
520.42047,473.398 518.81817,477.5 506.80752,486.88409
509.91084,472.41051 513.8991,464.02936 515.23314,447.19546
512.95938,473.42159 505.2739,465.0 496.92448,476.15664
510.90513,482.92824 495.70358,479.75403 482.11824,479.79063
468.53289,479.82723 454.94754,479.86382 454.94754,479.86382
454.94754,479.86382 454.94754,479.86382 454.94754,479.86382
;
496.04944,466.74697 496.04944,466.74697 510.13456,456.05603
480.80519,470.70895 495.51784,467.05086 495.51784,467.05086
496.05004,466.74697 496.05004,466.74697 496.05004,466.74697
496.04944,466.74697 496.04944,466.74697 496.04944,466.74697
;
525.89301,445.0 525.89301,445.0 531.78491,445.28688
538.39159,434.20453 529.9619,430.0 535.41562,438.35272
522.51997,440.09011 525.89301,445.0 525.89301,445.0
525.89301,445.0 525.89301,445.0 525.89301,445.0
;
509.18709,75.0 509.18709,75.0 500.72503,70.761887
504.17857,61.049827 508.23241,68.527151 509.97478,69.085817
511.1289,75.070225 509.18709,75.0 509.18709,75.0
509.18709,75.0 509.18709,75.0 509.18709,75.0
;
