198.75,479.884 198.75,479.884 132.5,479.92267
66.25,479.96133 0.0,480.0 0.0,320.0
0.0,160.0 0.0,0.0 284.66667,0.0
569.33333,0.0 854.0,0.0 854.0,160.0
854.0,320.0 854.0,480.0 773.5,479.9227
693.0,479.84533 612.5,479.768 620.7389,475.53618
613.35291,462.56325 613.13127,454.5 610.72097,436.89048
614.99371,417.7861 603.51306,402.36396 595.50904,392.06592
586.84509,381.45796 584.84111,368.0 575.92687,363.06686
565.60632,355.52175 554.54017,352.35545 548.65963,346.12001
534.34688,340.66763 540.00002,332.78632 530.99385,329.95254
542.48154,323.81721 535.46781,317.11436 541.31968,317.13926
536.15303,304.90032 535.64081,296.61973 539.95305,291.40328
534.09721,279.89639 539.21391,271.75854 544.2366,248.85853
543.97899,225.30067 542.71632,202.0 536.46392,207.63503
541.75044,227.89674 538.1062,205.68387 537.98657,193.32191
537.95029,180.50494 533.93141,168.0 531.19368,157.21031
530.27423,144.59246 526.62654,135.04013 536.32587,151.62463
532.79078,137.65098 526.87863,128.45324 521.40082,118.83461
518.7382,110.11283 514.0,103.0 509.37574,96.008253
499.28124,86.303554 495.53509,78.943217 488.41395,74.940479
493.75909,72.071846 478.58365,72.627965 457.41247,71.759314
482.57704,69.310149 469.32204,67.062596 455.1006,60.991886
439.75688,55.858873 423.41585,57.627328 412.72857,59.831865
399.56041,58.43846 390.5,64.242582 410.49605,64.391101
379.57796,64.903802 386.95728,67.089044 389.59841,67.215255
371.95188,72.920507 368.32972,78.178544 362.08648,84.651101
350.51451,91.510168 348.72224,97.368673 336.34455,111.12674
334.32804,131.88653 324.20837,147.6392 324.8123,157.33565
319.62611,159.63463 317.39366,170.73814 310.24014,182.41997
308.95979,196.88495 304.92492,209.42216 306.11026,199.30502
300.71924,203.62367 300.78231,215.40723 300.94285,223.76181
298.14341,235.99595 294.63726,238.3163 295.81732,250.54356
288.43704,263.55288 292.3841,276.40307 293.54305,286.97567
290.67033,298.23941 299.30034,305.41352 302.00906,315.17375
302.53524,322.40358 297.06366,330.5 306.14668,330.5826
292.55064,339.31367 294.18402,330.0 286.1308,342.77823
269.5677,351.51901 258.92935,363.62503 245.82488,377.00694
229.65002,383.95125 214.7018,394.86775 189.47561,417.562
176.32625,449.92895 159.00006,478.19129 168.57813,482.43665
169.93376,464.12148 176.61056,458.70828 192.52908,429.61014
209.83579,398.0059 241.76893,384.12353 252.43325,378.29772
267.96113,373.47781 272.74043,363.1515 278.25767,357.76814
285.86544,350.97218 290.00006,344.26984 296.21752,337.12974
308.57751,340.65958 307.40903,327.02413 305.55905,317.24661
313.66703,308.59977 307.96744,300.86192 304.8455,292.16671
297.35182,299.40649 299.05143,283.09804 295.80732,264.73369
300.87812,245.82875 304.52528,227.8306 307.93461,220.16681
308.6054,214.23935 313.97327,206.39864 316.74059,185.96769
327.11638,166.27411 333.34556,146.61692 337.25937,130.59147
346.12967,113.66653 354.50026,101.36175 361.93634,93.226328
370.51523,82.073386 381.36121,77.54835 400.42555,64.441131
425.07865,59.521893 447.5,65.00837 458.5309,69.140298
466.91505,78.424801 478.81958,81.227034 488.23325,84.911241
496.10449,94.090268 500.07178,100.68878 507.54845,109.48535
510.85157,122.27151 516.0,133.46212 517.4254,140.88789
521.89408,151.07294 523.41142,159.25524 528.81861,177.03995
531.91599,199.44588 534.0253,219.49999 538.2831,245.65878
532.29038,271.622 529.34553,297.41647 530.18401,309.58064
529.0877,322.24346 532.22268,334.02267 527.42725,329.94184
535.00561,346.4331 539.70953,349.99332 546.82261,354.25023
552.60389,359.09784 564.40588,361.8384 575.10785,364.82705
582.05484,373.2498 584.52116,383.85054 592.76109,399.48305
608.80534,412.9983 606.99559,432.47953 606.13876,445.9686
608.12166,459.38809 610.49922,472.50032 594.21059,475.04681
610.87873,479.8984 610.37403,479.99486 576.41602,479.90576
542.45801,479.81671 508.5,479.72764 518.30229,477.5361
510.80883,460.85792 513.44432,452.62323 514.79056,428.7383
512.07373,404.73764 506.53979,381.5 502.27343,375.90023
500.31379,365.45704 495.38284,356.83712 487.84517,344.57869
493.5916,364.80306 486.44397,346.72893 478.66935,340.08916
474.86565,327.1555 485.0,321.73502 496.62208,309.27644
500.94352,290.39408 507.872,276.5 509.53642,265.96694
517.17782,259.23984 515.18253,247.60408 524.68971,223.76374
519.90863,198.43107 514.81201,174.21879 512.89251,162.52865
507.8209,148.36945 505.60887,139.72452 500.76008,127.50425
495.61876,110.96664 484.05041,102.05076 478.45816,98.676798
464.04748,98.182671 470.61016,103.65178 479.17189,101.40524
493.89399,111.28032 486.0,114.6 481.88442,119.97946
495.30293,118.21083 493.7914,130.76061 496.22988,133.46341
499.43793,144.4341 501.01199,149.52134 503.60654,156.46267
509.09386,168.62658 508.42563,170.2359 502.56724,168.46016
484.7894,160.39967 497.5,163.5 513.71848,173.94531
504.84861,159.09546 495.12621,156.74202 482.91951,157.21222
468.00928,155.62962 458.75934,164.79621 463.26717,175.49134
471.16703,169.73223 483.29621,170.57661 492.1557,170.60201
509.87235,170.52311 509.0,182.88197 516.87366,195.53002
515.03353,213.5253 514.74395,228.4062 507.22437,256.58454
500.46521,285.48083 486.42188,311.31637 484.45657,316.30326
463.5097,334.84898 474.01777,328.5 475.3333,335.8023
468.1163,352.44113 473.5562,354.23753 477.40718,344.56626
479.31727,340.06889 484.42637,353.5 485.69619,363.01299
491.63776,378.68245 485.02114,383.9198 481.40116,394.0096
482.38039,406.04736 487.1926,389.5 493.59332,375.0866
493.02913,397.40821 488.32633,403.33127 484.16856,409.09706
477.35475,422.99776 475.10233,413.67521 464.6853,422.69036
450.18155,431.18293 436.45365,429.65651 421.09044,423.66757
400.7015,420.10028 391.0314,406.99997 390.26871,413.17349
377.63741,392.3099 385.49996,406.28328 376.09816,393.92248
377.11882,400.54457 378.54913,413.95484 380.25861,417.52307
373.4023,422.32727 368.99996,416.99997 371.83042,426.11479
376.06528,436.28224 379.03806,445.99997 384.48066,443.0559
376.36826,432.72324 373.60957,425.02092 380.54322,421.39542
381.76029,432.77145 384.32008,441.99997 392.56848,449.80751
382.78102,445.65535 385.69991,456.5176 395.57955,459.68104
391.58384,483.18954 386.3526,467.98977 382.91181,454.38841
376.33658,455.899 373.04815,451.96294 368.06932,433.31779
366.83743,449.58738 372.34206,459.035 374.76921,464.22903
380.67414,487.25829 384.00002,474.67553 377.43311,458.54473
383.62252,478.10842 389.99999,478.99997 399.47897,476.17433
393.63861,482.44578 379.86627,479.77826 319.4942,479.81356
259.12201,479.84866 198.75,479.884 198.75,479.884
198.75,479.884 198.75,479.884 198.75,479.884
;
596.70644,476.0 596.70644,476.0 608.68414,476.59913
601.8856,455.28397 592.25201,463.9355 592.03192,467.42753
590.50255,477.00485 596.70644,476.0 596.70644,476.0
596.70644,476.0 596.70644,476.0 596.70644,476.0
;
373.15072,439.24928 373.15072,439.24928 376.3322,431.9728
360.67128,415.73741 366.10875,430.44208 371.50358,428.37386
362.83124,434.36798 372.39997,440.0 372.39997,440.0
373.15069,439.24928 373.15069,439.24928 373.15069,439.24928
373.15072,439.24928 373.15072,439.24928 373.15072,439.24928
;
388.10699,404.0 388.10699,404.0 392.99018,401.00221
380.18138,381.1374 384.50584,394.36431 387.37026,396.78674
384.46384,402.96096 388.10699,404.0 388.10699,404.0
388.10699,404.0 388.10699,404.0 388.10699,404.0
;
394.12962,394.41989 394.12962,394.41989 395.21556,386.39178
389.65504,370.75656 392.5,364.14778 386.77492,360.79448
389.70459,351.34194 385.0,340.99786 375.00847,338.05264
391.42092,361.19279 383.97855,354.02538 377.61,339.89654
373.55928,341.22653 381.40285,355.37543 387.07355,366.29374
391.93766,378.12144 391.08612,389.00376 389.93856,390.6863
392.10244,396.09898 394.12962,394.41989 394.12962,394.41989
394.12962,394.41989 394.12962,394.41989 394.12962,394.41989
;
413.25,337.97339 413.25,337.97339 413.55122,331.00533
400.63541,333.70918 413.25,337.97339 413.25,337.97339
413.25,337.97339 413.25,337.97339 413.25,337.97339
;
395.19098,329.96147 395.19098,329.96147 396.23406,324.20729
383.34887,316.34875 379.02573,310.23237 372.03926,304.01266
365.45481,288.48465 365.63884,287.02767 372.51201,292.21631
362.76405,273.73746 363.04467,269.07287 355.70008,262.23363
364.03222,254.4216 360.75001,248.253 367.62279,240.28247
347.82734,233.12165 360.09576,234.82279 361.36443,223.97899
362.6121,249.04364 364.8031,229.99997 367.89685,219.66823
369.61394,213.86263 372.97639,226.22522 374.48452,218.67401
376.00982,204.46365 387.44116,203.99126 384.28823,198.34691
396.07401,198.72017 402.9138,198.24705 410.15617,191.58219
427.73198,202.90745 420.01301,187.93546 417.4135,179.93694
400.74597,179.82728 402.38499,175.5351 404.15384,162.97946
418.43512,171.23743 426.97699,172.037 430.33585,169.3527
438.4221,170.75708 428.05927,161.99992 411.8475,159.23705
420.7756,149.9273 428.05891,142.25332 435.66725,133.68055
428.09041,133.18913 438.99822,122.49495 440.49723,118.23144
458.31173,111.45994 449.2,112.2 445.81081,112.8448
469.03245,93.076051 451.84786,103.42887 441.32338,112.54717
431.66994,121.19199 425.57394,132.56107 421.46207,141.37058
406.31114,149.12329 409.31469,158.79525 409.61539,161.01163
394.21391,167.29545 392.40386,176.71847 387.33454,183.26166
399.10535,196.35286 402.25945,186.0 413.1321,193.20678
392.41978,197.31428 387.54187,192.39901 378.68892,188.10509
375.39478,205.14635 367.87356,209.88265 359.05934,220.71509
349.14264,232.15914 351.0,246.83438 351.53458,277.04
361.76046,309.77972 389.11934,326.07375 391.17472,327.09372
392.92684,329.60394 395.19098,329.96147 395.19098,329.96147
395.19098,329.96147 395.19098,329.96147 395.19098,329.96147
;
411.02348,192.28361 411.02348,192.28361 378.63701,185.89447
423.9749,184.49812 411.02348,192.28361 411.02348,192.28361
411.02348,192.28361 411.02348,192.28361 411.02348,192.28361
;
434.55887,313.89764 434.55887,313.89764 449.59153,310.68891
428.83324,311.9287 423.71882,307.94376 405.08971,299.45029
428.68769,317.10778 434.55887,313.89764 434.55887,313.89764
434.55887,313.89764 434.55887,313.89764 434.55887,313.89764
;
441.70578,300.0 441.70578,300.0 438.81636,290.93282
449.57632,302.7302 453.0,297.0 451.44782,295.93223
463.56451,291.20439 467.12217,292.86748 468.18502,284.07215
477.94434,282.90982 468.00821,275.18665 466.93606,263.07439
451.05643,257.40889 446.26644,260.3316 452.88295,251.94198
433.16976,253.90692 442.99928,260.23045 432.72706,255.791
425.44164,264.56942 419.49928,271.0 412.45446,276.56068
406.47782,282.59152 411.99928,291.16354 412.13104,307.91265
416.9621,284.33049 420.09795,292.41157 426.18992,298.12751
436.75832,295.46866 441.70578,300.0 441.70578,300.0
441.70578,300.0 441.70578,300.0 441.70578,300.0
;
427.87717,289.6462 427.87717,289.6462 417.50683,292.15484
411.57865,277.11117 425.02924,276.72921 431.29407,275.03693
441.60878,278.20907 451.70049,277.89808 458.41178,267.97636
467.01228,289.20268 459.0,283.33333 458.14778,284.93485
458.9034,294.52956 453.98388,283.19605 446.57714,284.1313
431.62759,287.368 428.6912,288.17905 432.5625,288.17405
428.86036,289.0723 427.87717,289.6462 427.87717,289.6462
427.87717,289.6462 427.87717,289.6462 427.87717,289.6462
;
454.03758,291.0 454.03758,291.0 436.87594,289.22778
455.88815,281.95965 454.03758,291.0 454.03758,291.0
454.03758,291.0 454.03758,291.0 454.03758,291.0
;
463.25287,273.93304 463.25287,273.93304 454.13805,268.75518
442.062,267.58539 432.08267,268.95573 423.17322,277.86259
422.13797,265.38866 432.42893,262.59704 439.31442,262.72711
445.45906,265.32996 452.54472,262.96246 455.72963,259.3341
465.35661,271.92928 463.25287,273.93304 463.25287,273.93304
463.25287,273.93304 463.25287,273.93304 463.25287,273.93304
;
425.69634,247.0 425.69634,247.0 428.56681,243.91667
411.68117,233.20328 412.97999,239.96262 415.26851,243.939
421.64954,245.53332 425.69634,247.0 425.69634,247.0
425.69634,247.0 425.69634,247.0 425.69634,247.0
;
438.19098,244.885 438.19098,244.885 436.60408,241.31212
445.18271,237.24149 431.65748,235.0 425.2166,246.80831
423.9898,233.50539 425.0119,227.18539 423.62323,216.0322
413.06434,231.20868 417.11803,237.0 424.94208,223.9071
417.00871,247.70627 431.41947,243.52532 433.67955,243.96181
435.92171,244.4987 438.19098,244.885 438.19098,244.885
438.19098,244.885 438.19098,244.885 438.19098,244.885
;
458.04907,243.20611 458.04907,243.20611 465.36228,238.78749
472.89064,238.68171 467.07276,228.57429 463.54881,233.23749
461.50755,223.54144 461.95348,235.4526 464.35853,243.21195
449.67611,227.18342 448.7171,239.70516 449.86268,242.53208
455.10712,244.1462 458.04907,243.20611 458.04907,243.20611
458.04907,243.20611 458.04907,243.20611 458.04907,243.20611
;
450.4375,232.69251 450.4375,232.69251 457.98495,223.40101
440.63549,229.12482 450.4375,232.69251 450.4375,232.69251
450.4375,232.69251 450.4375,232.69251 450.4375,232.69251
;
295.90217,230.0 295.90217,230.0 304.33732,220.3968
295.53804,215.91442 295.90217,230.0 295.90217,230.0
295.90217,230.0 295.90217,230.0 295.90217,230.0
;
487.42299,206.63845 487.42299,206.63845 500.76445,204.11171
465.1758,200.70934 477.02325,205.69738 480.48989,206.06533
483.9162,207.10927 487.42299,206.63845 487.42299,206.63845
487.42299,206.63845 487.42299,206.63845 487.42299,206.63845
;
397.05902,205.0 397.05902,205.0 419.17477,204.22615
374.84611,201.53291 397.05902,205.0 397.05902,205.0
397.05902,205.0 397.05902,205.0 397.05902,205.0
;
486.07034,203.0 486.07034,203.0 491.04655,197.82815
504.01218,199.47086 509.0,193.35865 504.27912,178.75126
483.63951,177.31601 471.83703,183.24115 461.08273,185.88707
460.68159,203.76283 473.0,197.47641 479.06636,195.99965
481.44114,202.4771 486.07034,203.0 486.07034,203.0
486.07034,203.0 486.07034,203.0 486.07034,203.0
;
487.429,196.96959 487.429,196.96959 478.79162,193.6481
507.12857,190.72497 491.83646,196.46539 490.49642,197.39334
488.91335,196.89124 487.429,196.96959 487.429,196.96959
487.429,196.96959 487.429,196.96959 487.429,196.96959
;
482.93659,193.53279 482.93659,193.53279 480.40944,192.84165
467.35265,190.6108 476.16494,186.50105 481.33997,182.37551
503.37482,187.61363 487.55303,187.02766 479.84439,185.86813
492.33232,192.46671 482.93659,193.53279 482.93659,193.53279
482.93659,193.53279 482.93659,193.53279 482.93659,193.53279
;
392.09048,193.0 392.09048,193.0 401.00173,182.61835
376.60087,188.06189 392.09048,193.0 392.09048,193.0
392.09048,193.0 392.09048,193.0 392.09048,193.0
;
385.43715,158.0 385.43715,158.0 394.32862,149.6772
404.79182,140.64299 410.5316,130.3495 416.50934,125.25409
420.67366,117.18952 426.99998,113.86522 433.11364,102.86204
433.72838,101.27262 424.00132,111.5369 420.15678,114.73607
406.81532,134.86807 410.31545,122.5 422.68132,110.71006
412.81221,112.52377 407.54549,121.86626 399.32769,131.44058
404.55274,130.97499 403.495,135.55822 403.4363,132.68193
392.07349,140.14156 386.45272,148.91316 381.14706,155.15207
380.73013,155.78866 385.43715,158.0 385.43715,158.0
385.43715,158.0 385.43715,158.0 385.43715,158.0
;
421.68732,112.37011 421.68732,112.37011 432.38087,102.352
431.59077,95.359731 421.46488,109.26551 421.12567,110.76784
418.00619,117.90061 421.68732,112.37011 421.68732,112.37011
421.68732,112.37011 421.68732,112.37011 421.68732,112.37011
;
482.59597,114.0 482.59597,114.0 487.51124,107.81471
468.22643,101.22871 477.99564,110.3377 479.61862,111.30015
480.28835,114.60328 482.59597,114.0 482.59597,114.0
482.59597,114.0 482.59597,114.0 482.59597,114.0
;
451.87244,479.81092 451.87244,479.81092 434.08163,479.74792
416.29081,479.68486 398.5,479.62183 420.4255,482.08143
400.02071,470.05478 396.0,461.89784 391.86363,454.26681
392.61769,433.11863 396.16742,452.77216 399.31426,458.81166
406.64808,462.78288 409.43004,469.5 417.83173,483.00618
410.40372,450.54361 406.41303,460.26091 397.0847,450.40361
408.05869,443.6028 398.8418,436.02328 383.37006,428.67434
406.74616,438.78673 399.56246,433.22913 396.19646,430.6043
388.34327,415.58095 393.43588,416.00031 408.45136,425.25378
427.44779,431.14689 444.44211,435.90633 460.1996,438.24202
475.76501,425.07581 486.63272,414.61505 493.65441,395.28808
491.77191,432.43621 494.92052,411.68906 496.01917,398.97263
497.59835,387.9781 497.99993,407.08461 499.69334,415.02219
510.71199,410.7677 505.97016,425.95921 497.20084,417.75439
507.34316,434.33992 506.65102,443.22743 507.23376,454.84086
504.36311,468.56563 504.13113,478.65799 498.43642,481.74793
480.42894,479.0291 469.97769,479.87506 463.9426,479.85366
457.90752,479.83226 451.87244,479.81096 451.87244,479.81096
451.87244,479.81092 451.87244,479.81092 451.87244,479.81092
;
494.89592,456.0 494.89592,456.0 498.9171,450.34165
496.81209,429.43809 491.55874,446.65232 488.59682,453.3128
495.84469,449.75367 494.89592,456.0 494.89592,456.0
494.89592,456.0 494.89592,456.0 494.89592,456.0
;
408.89301,445.0 408.89301,445.0 417.21116,442.33586
392.6626,431.82924 406.5272,441.52897 410.36755,441.79273
403.58406,446.72621 408.89301,445.0 408.89301,445.0
408.89301,445.0 408.89301,445.0 408.89301,445.0
;
488.03138,433.0 488.03138,433.0 499.33886,434.20563
493.45028,411.08079 492.0,426.01323 490.46013,427.56061
484.01649,431.56225 488.03138,433.0 488.03138,433.0
488.03138,433.0 488.03138,433.0 488.03138,433.0
;
390.65591,440.96858 390.65591,440.96858 378.12812,431.25781
393.36118,434.50456 390.65591,440.96858 390.65591,440.96858
390.65591,440.96858 390.65591,440.96858 390.65591,440.96858
;
500.0,396.0 500.0,396.0 495.73574,388.73566
502.68298,386.2166 502.0,395.9593 502.0274,396.66694
500.66667,395.9864 500.0,396.0 500.0,396.0
500.0,396.0 500.0,396.0 500.0,396.0
;
498.68933,383.75 498.68933,383.75 497.94476,384.94702
493.43964,363.41615 498.0,377.55499 501.15399,381.81777
501.25799,380.87117 498.68933,383.75 498.68933,383.75
498.68933,383.75 498.68933,383.75 498.68933,383.75
;
484.0,165.0 484.0,165.0 466.53896,163.80065
499.64636,160.86527 484.0,165.0 484.0,165.0
484.0,165.0 484.0,165.0 484.0,165.0
;
