427.0,480.0 427.0,480.0 284.66667,480.0
142.33333,480.0 0.0,480.0 0.0,320.0
0.0,160.0 0.0,0.0 284.66667,0.0
569.33333,0.0 854.0,0.0 854.0,160.0
854.0,320.0 854.0,480.0 711.66667,480.0
569.33333,480.0 427.0,480.0 427.0,480.0
427.0,480.0 427.0,480.0 427.0,480.0
;
222.26231,479.0 222.26231,479.0 227.80243,469.67797
226.69233,453.73686 229.16522,441.78041 234.93905,419.64246
239.77088,395.47332 256.82877,378.77573 266.20458,366.34522
280.1893,360.23518 294.02133,354.10799 299.90239,344.22063
303.80331,333.23279 303.57064,321.63395 307.91499,306.17328
310.24583,289.76333 309.88082,273.66812 307.7703,265.68115
303.18336,280.65563 302.93805,281.24647 300.00902,295.52628
298.38681,279.29053 299.43522,270.99999 304.13525,265.73852
295.07071,253.7415 301.56997,245.20115 303.66538,236.51247
306.14373,230.34279 310.90389,219.94886 328.08305,182.88567
333.26529,138.27416 364.94785,109.40879 384.71822,90.815109
415.409,79.857467 441.55305,89.335591 452.62647,98.941977
470.36091,96.273537 478.79899,109.92812 488.50375,119.8152
493.41615,130.55142 498.26188,142.9493 512.45105,183.37448
522.20767,227.60855 521.90077,271.29634 522.08614,295.26988
520.10043,322.92687 534.67293,342.81662 551.42797,351.32
568.13745,360.49986 583.50005,371.08258 590.22955,378.23748
601.83372,381.347 607.81939,386.85337 597.40881,392.73191
611.57858,401.22984 617.4506,408.55079 636.65187,426.64003
637.57814,453.93524 641.31287,478.1828 648.84711,478.2341
638.48928,459.13566 640.99106,451.48873 638.26604,430.0795
626.72883,411.72628 611.41811,396.94853 609.86472,388.30195
611.82852,379.79307 597.7732,377.24999 576.19801,362.00288
555.52333,345.53675 532.11107,332.92314 530.86359,322.69423
528.08944,316.07443 526.07337,305.49999 526.83686,290.48736
524.17647,274.13543 526.09957,259.94453 527.48546,254.36974
530.36498,231.11368 529.16001,237.24999 525.372,252.5673
525.44564,215.38175 523.74354,228.94769 521.16775,245.02255
522.7781,221.13607 524.00002,216.00005 516.28666,208.68985
522.72633,205.72107 523.50006,211.00005 526.86409,220.86528
523.14904,196.7609 520.25586,192.50005 517.77946,186.08455
515.5912,172.7124 514.64038,175.44603 513.83354,163.57059
511.35957,172.77975 508.56877,159.46989 509.63498,152.87471
499.6554,141.25025 506.03184,146.44118 513.85592,152.80759
501.87761,130.91067 499.1397,124.79965 494.82867,112.33383
501.07002,129.59474 492.99091,121.48904 485.78683,112.28174
493.05081,115.32181 486.94577,108.41346 485.30134,100.7278
461.13387,95.17991 474.75107,95.719036 470.36984,87.966109
470.54892,94.955963 464.0,91.0 456.17817,94.508529
465.73685,91.188606 451.92308,89.959678 457.39282,86.354909
446.39304,88.306288 436.5,83.700542 413.26367,79.677654
390.12173,87.606316 370.0,98.150218 374.37125,99.041153
357.72887,108.85847 354.73389,115.28729 340.66557,131.50387
333.4459,152.20849 321.20911,169.67308 318.07594,173.57105
310.47424,197.57348 317.47923,183.8988 316.39731,190.87318
322.0835,186.9285 315.49383,196.75 310.89296,193.30784
316.15739,209.67108 311.86673,205.43134 309.11941,216.0809
308.69927,209.8468 305.13304,224.82655 296.90954,244.48402
308.74606,213.73514 305.53546,217.76712 292.31107,242.37339
295.34166,270.66142 296.61401,297.5 300.87949,314.14077
299.18563,295.56482 302.92896,306.45 299.89299,311.28239
297.93374,323.31233 291.31232,332.54337 282.5795,348.51876
294.78963,327.97274 296.63968,331.95838 295.93673,334.73192
280.35009,353.95116 291.0141,341.38396 295.88487,335.28751
284.88581,359.56643 280.10244,355.21413 276.79222,361.0034
261.85718,365.18974 257.10078,374.54593 237.36285,390.98127
232.45208,417.73383 226.2641,441.31982 224.40557,453.87733
222.89229,466.48813 220.7377,478.99994 220.7377,478.99994
222.26169,478.99994 222.26169,478.99994 222.26169,478.99994
222.26231,479.0 222.26231,479.0 222.26231,479.0
;
289.69048,352.7381 289.69048,352.7381 283.5717,357.81611
293.93713,344.68954 289.69048,352.7381 289.69048,352.7381
289.69048,352.7381 289.69048,352.7381 289.69048,352.7381
;
295.97746,343.33558 295.97746,343.33558 287.83486,353.08174
301.39514,329.59357 295.97746,343.33558 295.97746,343.33558
295.97746,343.33558 295.97746,343.33558 295.97746,343.33558
;
540.80902,342.98469 540.80902,342.98469 534.88864,341.16826
540.57951,339.72079 540.80902,342.98469 540.80902,342.98469
540.80902,342.98469 540.80902,342.98469 540.80902,342.98469
;
536.05902,341.0 536.05902,341.0 528.89655,338.24863
541.02287,338.96972 536.05902,341.0 536.05902,341.0
536.05902,341.0 536.05902,341.0 536.05902,341.0
;
301.0,334.0 301.0,334.0 297.04455,338.45656
304.74282,325.12729 301.0,334.0 301.0,334.0
301.0,334.0 301.0,334.0 301.0,334.0
;
298.21862,327.99801 298.21862,327.99801 295.49967,322.13864
301.08506,319.51882 298.21862,327.99801 298.21862,327.99801
298.21862,327.99801 298.21862,327.99801 298.21862,327.99801
;
308.03138,277.0 308.03138,277.0 305.43249,276.12971
310.72079,271.1096 309.0,277.0 309.0,277.0
308.03138,277.0 308.03138,277.0 308.03138,277.0
;
299.12409,269.26667 299.12409,269.26667 294.84768,272.99261
302.38229,263.49378 299.12409,269.26667 299.12409,269.26667
299.12409,269.26667 299.12409,269.26667 299.12409,269.26667
;
525.78773,250.78142 525.78773,250.78142 522.95991,253.97865
524.50864,239.64213 525.78773,250.78142 525.78773,250.78142
525.78773,250.78142 525.78773,250.78142 525.78773,250.78142
;
524.0,243.0 524.0,243.0 519.66422,240.71032
528.13867,240.50524 524.0,243.0 524.0,243.0
524.0,243.0 524.0,243.0 524.0,243.0
;
522.60417,221.72917 522.60417,221.72917 520.59004,223.48989
523.43355,214.75165 522.60417,221.72917 522.60417,221.72917
522.60417,221.72917 522.60417,221.72917 522.60417,221.72917
;
520.10844,202.59549 520.10844,202.59549 517.423,208.00868
516.2192,178.35484 520.75991,199.13103 521.31398,200.28887
520.20837,201.44021 520.10844,202.59549 520.10844,202.59549
520.10844,202.59549 520.10844,202.59549 520.10844,202.59549
;
517.0,190.0 517.0,190.0 512.32521,187.24907
520.97531,188.50521 517.0,190.0 517.0,190.0
517.0,190.0 517.0,190.0 517.0,190.0
;
320.5747,185.5 320.5747,185.5 315.38568,180.68683
326.51442,165.55822 321.92312,180.89823 321.40743,182.4099
321.32113,184.06584 320.5747,185.5 320.5747,185.5
320.5747,185.5 320.5747,185.5 320.5747,185.5
;
499.54399,134.66667 499.54399,134.66667 494.22587,132.85662
504.60012,133.85612 499.54399,134.66667 499.54399,134.66667
499.54399,134.66667 499.54399,134.66667 499.54399,134.66667
;
499.20225,131.375 499.20225,131.375 491.04288,132.41245
504.30027,125.23947 499.20225,131.375 499.20225,131.375
499.20225,131.375 499.20225,131.375 499.20225,131.375
;
485.87594,112.4574 485.87594,112.4574 482.43699,110.97892
477.68207,100.91484 485.87594,112.4574 485.87594,112.4574
485.87594,112.4574 485.87594,112.4574 485.87594,112.4574
;
480.0,106.0 480.0,106.0 475.32521,103.24907
483.97531,104.50521 480.0,106.0 480.0,106.0
480.0,106.0 480.0,106.0 480.0,106.0
;
477.85477,102.66468 477.85477,102.66468 467.33568,97.568468
476.50961,98.113374 477.85477,102.66468 477.85477,102.66468
477.85477,102.66468 477.85477,102.66468 477.85477,102.66468
;
466.5,96.0 466.5,96.0 460.83726,92.795889
471.99154,93.037736 466.5,96.0 466.5,96.0
466.5,96.0 466.5,96.0 466.5,96.0
;
319.33551,479.0 319.33551,479.0 327.32199,478.57651
306.73018,468.37959 316.4,479.0 316.4,479.0
318.3593,479.0 318.3593,479.0 318.3593,479.0
319.33551,479.0 319.33551,479.0 319.33551,479.0
;
373.5709,479.0 373.5709,479.0 378.66255,475.70965
363.34151,452.53508 378.84026,462.67263 389.22995,466.2372
379.83271,481.38619 378.33336,478.66667 383.81753,479.41163
386.94979,475.9876 389.00003,463.90242 387.79776,454.4457
382.3347,444.74988 377.09824,436.22962 369.8195,423.59226
356.86697,425.08013 363.81589,440.86025 366.63704,453.56372
369.69863,466.21586 372.14183,479.0 372.14183,479.0
373.57093,479.0 373.57093,479.0 373.57093,479.0
373.5709,479.0 373.5709,479.0 373.5709,479.0
;
385.44098,462.0 385.44098,462.0 382.12584,456.2702
389.76274,459.99022 385.44098,462.0 385.44098,462.0
385.44098,462.0 385.44098,462.0 385.44098,462.0
;
380.03729,460.91405 380.03729,460.91405 369.982,461.7064
366.44734,446.59101 373.12494,454.423 379.55838,454.6068
383.1288,453.72361 380.03729,460.91405 380.03729,460.91405
380.03729,460.91405 380.03729,460.91405 380.03729,460.91405
;
377.11803,459.0 377.11803,459.0 375.51937,455.43608
377.01128,458.12062 377.11803,459.0 377.11803,459.0
377.11803,459.0 377.11803,459.0 377.11803,459.0
;
382.84181,454.49153 382.84181,454.49153 374.2543,450.42935
377.22818,457.02163 370.0,448.0 377.28633,453.65923
380.34031,443.36505 381.02416,452.48507 381.6835,450.57118
383.7382,454.3869 382.84181,454.49153 382.84181,454.49153
382.84181,454.49153 382.84181,454.49153 382.84181,454.49153
;
368.74708,448.58626 368.74708,448.58626 366.19539,442.79618
367.71307,446.51161 368.74708,448.58626 368.74708,448.58626
368.74708,448.58626 368.74708,448.58626 368.74708,448.58626
;
375.83683,447.4965 375.83683,447.4965 366.79617,443.23873
370.03633,440.79859 366.21977,438.95597 360.2875,425.53591
376.24105,440.59893 375.83765,447.4965 375.83765,447.4965
375.83683,447.4965 375.83683,447.4965 375.83683,447.4965
;
379.0,444.0 379.0,444.0 374.32521,441.24907
382.97531,442.50521 379.0,444.0 379.0,444.0
379.0,444.0 379.0,444.0 379.0,444.0
;
373.53518,439.0 373.53518,439.0 363.99243,433.52211
373.04205,432.12572 373.53518,439.0 373.53518,439.0
373.53518,439.0 373.53518,439.0 373.53518,439.0
;
387.42524,479.0 387.42524,479.0 391.05552,474.90991
397.77095,480.6005 390.51675,468.08328 389.30086,469.76148
384.17543,479.8103 387.42524,479.0 387.42524,479.0
387.42524,479.0 387.42524,479.0 387.42524,479.0
;
398.52096,479.0 398.52096,479.0 404.48589,472.47755
399.1772,471.50242 399.59648,459.34184 393.32982,459.85631
399.03276,448.94516 394.06361,445.5 392.09263,448.47395
380.36956,417.06773 391.76794,433.78214 390.15261,442.56912
395.12845,443.93642 402.77555,453.99533 415.57924,468.62952
409.90722,458.47923 402.14845,448.52487 395.20325,434.9439
386.01198,419.67755 382.81245,406.0 385.41767,413.59125
398.93899,424.58896 392.27732,414.75783 384.46178,407.33483
376.38341,395.86942 379.27536,384.8402 395.18682,399.90968
413.31719,414.62736 433.38314,423.0 450.78901,421.37865
467.3819,412.63034 481.50006,403.67935 481.63575,400.07421
486.67191,399.74829 478.74721,413.41378 474.00489,421.34022
470.56524,430.26719 466.71063,439.19096 464.00091,452.54985
467.46172,443.90851 470.96788,438.75165 474.08974,429.037
477.71325,423.77068 482.69684,422.5 487.88548,408.13222
476.01211,434.28738 482.69688,413.42677 488.96995,403.32371
488.45633,403.44796 490.00006,414.88197 491.02586,422.97598
486.04119,427.52511 485.83668,425.72041 487.95576,425.59584
488.65432,428.47223 491.98309,418.74644 489.90848,406.60819
493.92078,419.99024 495.58098,402.91787 494.88205,385.38397
498.96011,408.57166 494.51253,415.35954 491.35246,431.28134
486.08189,445.71342 479.49372,460.5 474.09334,466.22051
470.03414,488.94861 475.50536,472.51207 481.30235,463.23041
485.01724,453.08658 488.38596,443.04301 493.67926,431.3477
495.75702,427.81637 492.5945,442.59275 489.32317,454.96653
483.61488,466.87279 479.70818,479.20285 488.85005,473.83687
488.93759,457.74678 494.10243,447.92615 500.77167,431.89853
500.36328,414.23762 504.25948,397.58345 502.69296,390.06464
509.28026,364.60784 501.65339,369.4273 494.77375,385.76623
496.3165,375.51849 501.18802,364.5 503.41132,343.07803
498.20952,377.95946 496.70561,357.80188 494.58452,340.20293
491.97288,350.98307 494.5604,362.47859 495.46126,371.29338
491.10181,381.68809 491.73007,388.09663 482.4143,399.05336
469.63484,410.85653 455.93644,413.2692 471.82854,405.97417
457.51839,409.33432 449.06504,412.92208 427.44835,415.95388
455.83302,415.20929 449.76237,416.49452 444.85201,419.72198
422.49634,422.28503 435.00057,416.51132 425.40911,422.05838
415.89148,408.43724 406.59652,404.03059 395.92646,396.1932
382.53755,386.95511 376.74286,376.22918 369.85715,365.79754
371.33246,372.05636 367.86579,379.99999 369.71055,392.20743
371.13999,361.26961 368.25056,362.6548 370.41104,354.36981
360.69885,356.14529 361.37062,368.88333 360.34526,383.77918
359.43562,399.99545 361.76248,414.49999 360.7482,405.33614
365.98695,412.38883 365.4923,417.99361 363.55774,418.04281
375.93486,429.6553 381.23451,434.69232 386.8097,436.58748
396.24237,459.84666 390.02447,451.63844 390.7184,462.69957
391.05077,466.61783 394.45195,462.84861 397.44413,467.21742
391.13685,480.11023 398.52096,479.0 398.52096,479.0
398.52096,479.0 398.52096,479.0 398.52096,479.0
;
393.0,458.0 393.0,458.0 389.04455,462.45656
396.74282,449.12729 393.0,458.0 393.0,458.0
393.0,458.0 393.0,458.0 393.0,458.0
;
385.61168,431.72166 385.61168,431.72166 381.09413,426.49503
386.12022,420.75769 385.93836,431.39498 385.93836,431.39498
385.61168,431.72166 385.61168,431.72166 385.61168,431.72166
;
389.80976,428.07071 389.80976,428.07071 384.28982,422.61586
382.73606,412.14666 390.13681,427.08958 390.13681,427.08958
389.80976,428.07071 389.80976,428.07071 389.80976,428.07071
;
381.04212,425.47397 381.04212,425.47397 376.87125,420.47738
371.51788,411.62616 367.99544,404.5 371.25694,421.75167
361.19378,400.46887 365.87793,393.63818 372.72984,402.78727
375.91611,403.10822 367.45735,390.89579 366.57,381.65909
370.2266,384.40376 372.57728,395.05386 368.16401,381.4522
376.63285,394.0862 373.01201,398.5 380.8911,411.16688
369.49635,402.92343 372.92441,409.72747 380.16317,407.59114
380.81991,410.48804 383.24109,414.48139 381.85241,421.84988
378.11858,409.58888 379.68307,412.238 374.72538,408.00527
383.41386,423.134 381.0421,425.47397 381.0421,425.47397
381.04212,425.47397 381.04212,425.47397 381.04212,425.47397
;
368.0,399.0 368.0,399.0 368.67491,396.13927
368.33586,399.009 368.0,399.0 368.0,399.0
368.0,399.0 368.0,399.0 368.0,399.0
;
374.0,424.0 374.0,424.0 369.66422,421.71032
378.13867,421.50524 374.0,424.0 374.0,424.0
374.0,424.0 374.0,424.0 374.0,424.0
;
478.39301,419.0 478.39301,419.0 479.75658,413.87095
478.42101,418.0103 478.39301,419.0 478.39301,419.0
478.39301,419.0 478.39301,419.0 478.39301,419.0
;
372.55902,417.0 372.55902,417.0 367.51763,413.84832
375.38781,414.29152 372.55902,417.0 372.55902,417.0
372.55902,417.0 372.55902,417.0 372.55902,417.0
;
491.11048,407.5 491.11048,407.5 486.1204,410.75836
495.65361,393.56085 492.0,410.33333 491.81038,407.98173
492.018,401.11555 491.11048,407.5 491.11048,407.5
491.11048,407.5 491.11048,407.5 491.11048,407.5
;
377.73861,404.28416 377.73861,404.28416 375.39804,403.30903
374.25623,392.07876 377.73861,404.28416 377.73861,404.28416
377.73861,404.28416 377.73861,404.28416 377.73861,404.28416
;
499.39301,405.0 499.39301,405.0 500.75658,399.87095
499.42101,404.0103 499.39301,405.0 499.39301,405.0
499.39301,405.0 499.39301,405.0 499.39301,405.0
;
379.66228,403.25 379.66228,403.25 377.84212,405.53139
380.44552,394.88491 379.66228,403.25 379.66228,403.25
379.66228,403.25 379.66228,403.25 379.66228,403.25
;
493.66228,398.25 493.66228,398.25 491.84212,400.53139
494.44552,389.88491 493.66228,398.25 493.66228,398.25
493.66228,398.25 493.66228,398.25 493.66228,398.25
;
501.14301,397.63759 501.14301,397.63759 496.33931,399.55861
501.05351,393.83811 500.13556,383.61129 500.3787,365.95834
504.99071,376.4632 503.00011,389.0 498.12449,388.00619
504.71952,395.89069 501.14301,397.63759 501.14301,397.63759
501.14301,397.63759 501.14301,397.63759 501.14301,397.63759
;
501.68933,383.75 501.68933,383.75 502.04137,371.18577
500.27987,386.32618 501.68933,383.75 501.68933,383.75
501.68933,383.75 501.68933,383.75 501.68933,383.75
;
363.0,392.0 363.0,392.0 359.68977,398.83451
365.77243,378.53214 363.20305,391.36595 363.20305,391.36595
363.0,392.0 363.0,392.0 363.0,392.0
;
376.85,393.48333 376.85,393.48333 373.62145,390.62155
375.20057,392.09389 376.85,393.48333 376.85,393.48333
376.85,393.48333 376.85,393.48333 376.85,393.48333
;
496.48388,392.84946 496.48388,392.84946 492.0305,389.54366
496.18638,383.41271 496.48388,392.84946 496.48388,392.84946
496.48388,392.84946 496.48388,392.84946 496.48388,392.84946
;
376.57301,388.76033 376.57301,388.76033 369.07074,380.72981
374.94702,371.31324 376.57301,388.76033 376.57301,388.76033
376.57301,388.76033 376.57301,388.76033 376.57301,388.76033
;
373.7152,386.61813 373.7152,386.61813 370.55994,384.55956
372.28583,379.01367 373.7152,386.61813 373.7152,386.61813
373.7152,386.61813 373.7152,386.61813 373.7152,386.61813
;
498.55902,384.0 498.55902,384.0 493.51763,380.84832
501.38781,381.29152 498.55902,384.0 498.55902,384.0
498.55902,384.0 498.55902,384.0 498.55902,384.0
;
363.68933,374.75 363.68933,374.75 362.10445,378.70286
364.30075,363.10971 363.68933,374.75 363.68933,374.75
363.68933,374.75 363.68933,374.75 363.68933,374.75
;
364.60417,367.72917 364.60417,367.72917 362.58976,369.49071
365.43408,360.75093 364.60417,367.72917 364.60417,367.72917
364.60417,367.72917 364.60417,367.72917 364.60417,367.72917
;
366.60417,367.72917 366.60417,367.72917 364.58976,369.49071
367.43408,360.75093 366.60417,367.72917 366.60417,367.72917
366.60417,367.72917 366.60417,367.72917 366.60417,367.72917
;
403.80687,477.52646 403.80687,477.52646 402.92762,473.68411
400.21272,473.58423 403.80687,477.52646 403.80687,477.52646
403.80687,477.52646 403.80687,477.52646 403.80687,477.52646
;
443.0,476.0 443.0,476.0 449.10403,464.01202
438.26934,481.36958 443.0,476.0 443.0,476.0
443.0,476.0 443.0,476.0 443.0,476.0
;
460.18421,472.03108 460.18421,472.03108 462.52651,460.10759
455.1994,480.84897 460.18421,472.03108 460.18421,472.03108
460.18421,472.03108 460.18421,472.03108 460.18421,472.03108
;
462.99294,466.50437 462.99294,466.50437 467.38994,459.45068
457.29617,465.73895 462.99294,466.50437 462.99294,466.50437
462.99294,466.50437 462.99294,466.50437 462.99294,466.50437
;
453.51564,463.66667 453.51564,463.66667 467.47284,451.49831
451.27584,455.53527 453.51564,463.66667 453.51564,463.66667
453.51564,463.66667 453.51564,463.66667 453.51564,463.66667
;
456.44483,459.55887 456.44483,459.55887 451.64552,465.56381
461.61284,449.74658 456.44483,459.55887 456.44483,459.55887
456.44483,459.55887 456.44483,459.55887 456.44483,459.55887
;
460.0,461.5 460.0,461.5 464.58549,453.89935
456.73059,460.82778 460.0,461.5 460.0,461.5
460.0,461.5 460.0,461.5 460.0,461.5
;
464.35932,460.91667 464.35932,460.91667 468.92704,452.15777
460.44647,454.37493 464.0,456.88197 464.53634,457.10598
463.1697,462.45052 464.35932,460.91667 464.35932,460.91667
464.35932,460.91667 464.35932,460.91667 464.35932,460.91667
;
459.54399,453.66667 459.54399,453.66667 464.56241,452.88226
454.80243,451.89726 459.54399,453.66667 459.54399,453.66667
459.54399,453.66667 459.54399,453.66667 459.54399,453.66667
;
481.60417,442.72917 481.60417,442.72917 482.65928,437.08329
479.50771,441.74259 481.60417,442.72917 481.60417,442.72917
481.60417,442.72917 481.60417,442.72917 481.60417,442.72917
;
463.87756,431.0 463.87756,431.0 470.94516,428.59198
463.23645,425.94871 463.0,431.0 463.0,431.0
463.87756,431.0 463.87756,431.0 463.87756,431.0
;
485.52147,420.573 485.52147,420.573 489.5255,413.1948
479.58047,425.20928 485.52146,420.573 485.52146,420.573
485.52147,420.573 485.52147,420.573 485.52147,420.573
;
475.35932,416.91667 475.35932,416.91667 480.05609,406.32106
473.94295,412.3066 475.35932,416.91667 475.35932,416.91667
475.35932,416.91667 475.35932,416.91667 475.35932,416.91667
;
478.0,395.0 478.0,395.0 484.10403,383.01202
473.26934,400.36958 478.0,395.0 478.0,395.0
478.0,395.0 478.0,395.0 478.0,395.0
;
488.23675,390.5 488.23675,390.5 495.01757,375.28817
483.40416,391.29482 488.23676,390.5 488.23676,390.5
488.23675,390.5 488.23675,390.5 488.23675,390.5
;
483.5318,389.55887 483.5318,389.55887 489.33135,379.18961
477.5596,395.25606 483.5318,389.55887 483.5318,389.55887
483.5318,389.55887 483.5318,389.55887 483.5318,389.55887
;
487.55902,381.0 487.55902,381.0 490.87416,375.2702
483.23726,378.99022 487.55902,381.0 487.55902,381.0
487.55902,381.0 487.55902,381.0 487.55902,381.0
;
490.0,377.5 490.0,377.5 494.92495,366.31809
486.65039,376.69938 490.0,377.5 490.0,377.5
490.0,377.5 490.0,377.5 490.0,377.5
;
484.70919,367.67973 484.70919,367.67973 484.05737,360.8105
493.18619,346.07933 489.2813,346.8293 493.11161,331.09131
485.98536,345.68708 482.00264,350.0 475.85126,360.95764
486.56862,344.2306 484.63641,358.06277 485.11359,359.75667
482.25378,369.68408 484.70921,367.67973 484.70921,367.67973
484.70919,367.67973 484.70919,367.67973 484.70919,367.67973
;
485.26066,352.91667 485.26066,352.91667 485.16486,349.32352
492.72683,345.30414 485.52131,352.5 485.52131,352.5
485.26066,352.91667 485.26066,352.91667 485.26066,352.91667
;
482.66228,365.25 482.66228,365.25 483.0959,356.14773
481.07986,367.69751 482.66228,365.25 482.66228,365.25
482.66228,365.25 482.66228,365.25 482.66228,365.25
;
492.7635,362.19633 492.7635,362.19633 491.88761,348.88615
485.61468,352.18195 492.32456,363.5 492.32456,363.5
492.7635,362.19633 492.7635,362.19633 492.7635,362.19633
;
479.53189,360.92105 479.53189,360.92105 483.23197,350.10099
472.89361,359.60282 479.53189,360.92105 479.53189,360.92105
479.53189,360.92105 479.53189,360.92105 479.53189,360.92105
;
382.65594,358.26903 382.65594,358.26903 383.08552,347.93157
381.06105,360.962 382.65594,358.26903 382.65594,358.26903
382.65594,358.26903 382.65594,358.26903 382.65594,358.26903
;
391.71968,352.61365 391.71968,352.61365 388.03194,341.62909
385.89458,328.76229 381.26728,317.72621 381.98387,329.45292
384.95908,344.01436 391.71968,352.61365 391.71968,352.61365
391.71968,352.61365 391.71968,352.61365 391.71968,352.61365
;
382.40016,348.08402 382.40016,348.08402 384.43978,336.52377
378.65623,324.68336 380.00004,312.83688 396.81806,323.44678
381.82025,308.79709 374.66485,302.52392 364.14745,291.55189
360.30301,275.47477 357.3816,261.44805 356.11076,250.59388
351.38187,238.93669 356.29002,227.70275 349.51744,229.66082
362.98758,202.13757 358.0018,222.12927 365.25252,223.04517
359.64179,198.32716 372.41831,206.44867 382.95056,205.18443
396.13748,208.55832 404.96941,203.5 401.96969,189.65995
381.99869,186.59102 371.50001,194.10305 380.41068,191.76513
395.85353,190.02905 399.93231,199.26956 400.72206,194.05924
384.29537,203.91033 397.27423,202.2317 399.61829,209.65667
372.44553,196.73026 392.25018,198.21311 388.38715,192.04989
376.66523,193.71528 368.17171,196.47754 373.59944,191.15767
374.06022,183.23389 381.1302,180.0 389.78324,178.24273
403.03165,184.46514 408.5,181.99854 410.56374,173.01182
410.88571,187.08085 414.92251,180.72235 409.88388,173.25538
398.28393,169.75932 389.47887,168.99863 386.50145,162.91936
403.33006,153.36757 408.19047,146.04653 417.39465,137.40915
422.2576,129.53199 432.5,123.035 423.62959,126.60596
412.16069,135.79988 425.02975,123.52215 441.32165,111.82673
422.05475,120.54468 417.02864,128.40977 404.75699,141.4715
391.40488,153.71021 380.03063,167.5 379.6389,173.98812
388.959,170.68219 398.79558,174.85061 413.39494,179.58936
403.55507,178.92204 393.53136,175.46892 387.07727,177.34733
374.65669,172.77268 370.31116,181.774 365.27276,187.80271
362.58273,206.25662 375.50629,197.97105 381.78304,198.77611
378.09243,206.68124 368.39798,201.58147 358.92951,205.17542
353.09203,215.02246 348.58968,224.59381 342.4781,238.69133
357.71651,257.1141 350.12244,269.0 343.35453,254.82067
344.81855,272.46157 354.51789,273.0 357.82198,287.94977
368.98637,299.61477 376.93469,311.4518 377.89858,324.85716
379.81742,338.16166 381.41579,351.5 381.41579,351.5
381.95832,349.61731 381.95832,349.61731 381.95832,349.61731
382.40016,348.08402 382.40016,348.08402 382.40016,348.08402
;
354.83466,268.9796 354.83466,268.9796 352.38195,275.70035
352.91378,257.3546 354.87596,268.70655 354.87596,268.70655
354.83466,268.9796 354.83466,268.9796 354.83466,268.9796
;
350.68708,231.76166 350.68708,231.76166 349.15991,233.32646
351.28279,219.80915 350.68708,231.76166 350.68708,231.76166
350.68708,231.76166 350.68708,231.76166 350.68708,231.76166
;
383.09295,197.85676 383.09295,197.85676 378.35457,201.19278
383.70261,191.81382 383.09295,197.85676 383.09295,197.85676
383.09295,197.85676 383.09295,197.85676 383.09295,197.85676
;
481.7,345.13685 481.7,345.13685 486.80713,345.64259
478.99158,341.94735 481.7,345.13685 481.7,345.13685
481.7,345.13685 481.7,345.13685 481.7,345.13685
;
473.65087,344.30373 473.65087,344.30373 478.4177,341.12465
479.03429,316.41878 481.03445,332.41806 479.98725,341.4211
485.78363,332.21094 485.83581,339.54187 484.3123,325.96361
477.10092,310.28144 482.98932,296.73105 491.53654,289.46889
488.32574,270.6937 499.47662,269.14927 512.9213,267.77746
500.15203,245.14498 501.51471,254.03073 505.29334,269.45122
501.27208,261.0482 496.10441,254.79405 498.61072,240.69724
503.38253,226.49835 501.36193,211.66288 501.76794,198.15039
500.0109,197.06211 497.86228,187.72031 492.30508,167.37024
484.48257,148.27124 476.45528,129.02294 470.86584,119.51678
474.9004,135.20513 477.05415,133.25 476.8848,145.78543
481.33832,158.42521 486.9496,169.0 493.73809,179.36242
493.03291,193.58034 496.67379,205.44223 502.30022,223.09468
494.88489,240.29611 491.33532,257.26795 491.33432,275.08138
483.03598,292.29101 473.51053,305.84374 481.82062,301.6373
475.93187,321.02958 478.41381,324.75 477.79317,330.06436
470.93406,342.17247 473.65087,344.30373 473.65087,344.30373
473.65087,344.30373 473.65087,344.30373 473.65087,344.30373
;
493.66228,266.25 493.66228,266.25 491.84212,268.53139
494.44552,257.88491 493.66228,266.25 493.66228,266.25
493.66228,266.25 493.66228,266.25 493.66228,266.25
;
497.0,266.0 497.0,266.0 491.86227,259.72573
501.05007,261.73398 497.0,266.0 497.0,266.0
497.0,266.0 497.0,266.0 497.0,266.0
;
282.19002,343.0 282.19002,343.0 289.68042,337.39759
284.53889,338.27614 282.19002,343.0 282.19002,343.0
282.19002,343.0 282.19002,343.0 282.19002,343.0
;
295.0,336.0 295.0,336.0 299.98152,332.0349
290.40422,331.59955 295.0,336.0 295.0,336.0
295.0,336.0 295.0,336.0 295.0,336.0
;
404.21144,326.0 404.21144,326.0 404.92773,324.33661
386.28924,311.91975 394.25,320.96112 397.3828,322.85441
400.74297,325.06664 404.21144,326.0 404.21144,326.0
404.21144,326.0 404.21144,326.0 404.21144,326.0
;
404.82525,285.7318 404.82525,285.7318 416.12907,284.32349
414.71683,285.4544 423.85056,286.912 433.21014,287.08278
443.15171,285.92818 449.72632,283.21985 455.8321,275.00316
437.97787,266.16997 437.5,270.986 428.73766,262.88289
416.0279,267.98128 407.34227,271.37762 407.31537,261.33015
398.31628,272.67933 397.0444,279.49836 399.87383,281.01441
402.21679,292.08676 404.82525,285.7318 404.82525,285.7318
404.82525,285.7318 404.82525,285.7318 404.82525,285.7318
;
423.69376,286.0 423.69376,286.0 413.80413,285.04868
447.53989,281.4924 431.36043,285.36408 428.80832,285.73337
426.28376,286.18149 423.69376,286.0 423.69376,286.0
423.69376,286.0 423.69376,286.0 423.69376,286.0
;
413.5,282.68172 413.5,282.68172 397.46609,281.47871
409.57182,270.86192 420.46448,275.67421 429.48515,279.0763
444.19359,267.8953 446.42162,280.5 435.78558,281.95581
434.17092,282.01572 437.75,277.004 430.95507,283.84625
418.11927,278.21843 413.5,282.68224 413.5,282.68224
413.5,282.68172 413.5,282.68172 413.5,282.68172
;
444.29313,279.43571 444.29313,279.43571 450.34386,275.42149
438.36177,281.17103 444.29313,279.43571 444.29313,279.43571
444.29313,279.43571 444.29313,279.43571 444.29313,279.43571
;
420.0,273.21331 420.0,273.21331 406.15544,269.81837
432.50249,267.09248 420.0,273.21331 420.0,273.21331
420.0,273.21331 420.0,273.21331 420.0,273.21331
;
429.88402,273.46836 429.88402,273.46836 417.13611,268.21494
441.91992,270.40803 429.88402,273.46836 429.88402,273.46836
429.88402,273.46836 429.88402,273.46836 429.88402,273.46836
;
453.83695,277.49639 453.83695,277.49639 450.55829,270.12525
447.3716,273.24268 453.83695,277.49639 453.83695,277.49639
453.83695,277.49639 453.83695,277.49639 453.83695,277.49639
;
447.24249,271.0 447.24249,271.0 446.29418,264.31153
435.21718,258.01228 447.24249,271.0 447.24249,271.0
447.24249,271.0 447.24249,271.0 447.24249,271.0
;
408.19002,264.0 408.19002,264.0 415.68042,258.39759
410.53889,259.27614 408.19002,264.0 408.19002,264.0
408.19002,264.0 408.19002,264.0 408.19002,264.0
;
302.66228,260.25 302.66228,260.25 303.0959,251.14773
301.07986,262.69751 302.66228,260.25 302.66228,260.25
302.66228,260.25 302.66228,260.25 302.66228,260.25
;
300.66228,259.25 300.66228,259.25 301.0959,250.14773
299.07986,261.69751 300.66228,259.25 300.66228,259.25
300.66228,259.25 300.66228,259.25 300.66228,259.25
;
415.41667,259.92105 415.41667,259.92105 422.15253,259.12893
409.09674,259.11085 415.41667,259.92105 415.41667,259.92105
415.41667,259.92105 415.41667,259.92105 415.41667,259.92105
;
430.0,259.84211 430.0,259.84211 438.02471,259.54027
421.63683,258.81032 430.0,259.84211 430.0,259.84211
430.0,259.84211 430.0,259.84211 430.0,259.84211
;
424.55902,259.0 424.55902,259.0 427.61603,256.39258
419.43109,255.71257 424.55902,259.0 424.55902,259.0
424.55902,259.0 424.55902,259.0 424.55902,259.0
;
423.55902,256.0 423.55902,256.0 439.00795,253.95904
410.07401,255.46195 423.55902,256.0 423.55902,256.0
423.55902,256.0 423.55902,256.0 423.55902,256.0
;
457.08541,254.44721 457.08541,254.44721 459.8519,249.7402
451.70476,254.50691 457.08541,254.44721 457.08541,254.44721
457.08541,254.44721 457.08541,254.44721 457.08541,254.44721
;
406.89788,246.97069 406.89788,246.97069 394.06788,245.77926
410.81115,223.20579 402.26353,229.28194 396.67144,234.61402
398.65719,245.33697 406.89788,246.97069 406.89788,246.97069
406.89788,246.97069 406.89788,246.97069 406.89788,246.97069
;
439.5,245.95288 439.5,245.95288 449.68368,242.07052
437.4604,243.7266 439.5,245.95288 439.5,245.95288
439.5,245.95288 439.5,245.95288 439.5,245.95288
;
411.59604,244.51054 411.59604,244.51054 427.11372,242.79316
408.11021,234.84727 407.41642,241.9306 408.50989,226.59918
399.39604,233.98949 406.63861,243.71281 407.59602,245.69681
410.05461,243.94257 411.59604,244.51054 411.59604,244.51054
411.59604,244.51054 411.59604,244.51054 411.59604,244.51054
;
434.97359,242.86985 434.97359,242.86985 449.20437,247.75898
440.01777,221.64349 442.19383,239.82961 437.6396,237.36755
423.00344,238.10583 428.90965,242.95517 430.93092,242.92677
432.95246,242.89807 434.97359,242.86987 434.97359,242.86987
434.97359,242.86985 434.97359,242.86985 434.97359,242.86985
;
444.94098,242.0 444.94098,242.0 449.10981,239.69849
442.13806,239.76985 444.94098,242.0 444.94098,242.0
444.94098,242.0 444.94098,242.0 444.94098,242.0
;
527.66228,238.25 527.66228,238.25 528.0959,229.14773
526.07986,240.69751 527.66228,238.25 527.66228,238.25
527.66228,238.25 527.66228,238.25 527.66228,238.25
;
417.0,236.0 417.0,236.0 417.67491,233.13927
417.33586,236.009 417.0,236.0 417.0,236.0
417.0,236.0 417.0,236.0 417.0,236.0
;
446.2198,234.1802 446.2198,234.1802 446.82649,226.50588
435.53464,219.67137 446.2198,234.1802 446.2198,234.1802
446.2198,234.1802 446.2198,234.1802 446.2198,234.1802
;
427.55902,234.0 427.55902,234.0 430.61603,231.39258
422.43109,230.71257 427.55902,234.0 427.55902,234.0
427.55902,234.0 427.55902,234.0 427.55902,234.0
;
527.66228,230.25 527.66228,230.25 528.0959,221.14773
526.07986,232.69751 527.66228,230.25 527.66228,230.25
527.66228,230.25 527.66228,230.25 527.66228,230.25
;
526.68933,223.75 526.68933,223.75 527.04137,211.18577
525.27987,226.32618 526.68933,223.75 526.68933,223.75
526.68933,223.75 526.68933,223.75 526.68933,223.75
;
348.78554,218.95461 348.78554,218.95461 353.80526,210.42275
359.26304,205.03167 362.55641,194.5 371.1773,178.06834
357.52454,198.31803 356.03007,204.83297 352.56745,208.44172
348.65034,215.34476 348.78554,218.95461 348.78554,218.95461
348.78554,218.95461 348.78554,218.95461 348.78554,218.95461
;
397.0,211.44443 397.0,211.44443 407.19517,204.73842
386.37181,215.71572 396.998,211.44536 396.998,211.44536
397.0,211.44443 397.0,211.44443 397.0,211.44443
;
308.66228,208.25 308.66228,208.25 309.0959,199.14773
307.07986,210.69751 308.66228,208.25 308.66228,208.25
308.66228,208.25 308.66228,208.25 308.66228,208.25
;
464.0,205.91657 464.0,205.91657 471.13438,204.9191
496.35122,201.8776 481.21321,193.52278 468.97322,186.12612
451.07865,186.99837 442.83454,199.90226 444.41964,206.97313
457.85195,202.07463 464.0,205.91657 464.0,205.91657
464.0,205.91657 464.0,205.91657 464.0,205.91657
;
459.8435,201.0 459.8435,201.0 459.40804,196.59293
440.85169,195.28956 457.95043,194.0 468.05375,195.01548
472.0852,194.38146 459.8435,201.0 459.8435,201.0
459.8435,201.0 459.8435,201.0 459.8435,201.0
;
475.31574,199.98469 475.31574,199.98469 473.30312,198.90812
469.78585,190.88626 476.94715,193.13139 479.665,193.46495
481.23114,199.99373 475.31574,199.98469 475.31574,199.98469
475.31574,199.98469 475.31574,199.98469 475.31574,199.98469
;
311.16845,200.23155 311.16845,200.23155 314.44322,191.68958
307.57591,203.03593 311.16845,200.23155 311.16845,200.23155
311.16845,200.23155 311.16845,200.23155 311.16845,200.23155
;
502.65594,198.26903 502.65594,198.26903 503.08552,187.93157
501.06105,200.962 502.65594,198.26903 502.65594,198.26903
502.65594,198.26903 502.65594,198.26903 502.65594,198.26903
;
498.60417,185.72917 498.60417,185.72917 499.65928,180.08329
496.50771,184.74259 498.60417,185.72917 498.60417,185.72917
498.60417,185.72917 498.60417,185.72917 498.60417,185.72917
;
488.98506,183.29256 488.98506,183.29256 482.5517,175.399
468.70709,174.32821 457.8894,174.89486 447.55548,176.47332
438.75137,175.74313 453.51014,172.99166 467.66252,171.97326
465.68646,173.87451 471.70461,171.36852 475.73184,170.59118
491.26002,184.83085 484.34349,174.31311 476.16411,167.28419
464.58482,165.31088 453.49907,168.87074 438.45787,172.36992
440.91547,172.6643 441.74907,180.33779 446.31489,182.37845
461.59406,178.02503 470.49907,177.91192 471.07101,182.64927
475.23745,178.61553 475.58494,177.00533 475.63624,180.5262
482.6082,182.69471 488.98506,183.29256 488.98506,183.29256
488.98506,183.29256 488.98506,183.29256 488.98506,183.29256
;
445.5,179.0 445.5,179.0 439.27385,176.64071
451.45365,176.75631 445.5,179.0 445.5,179.0
445.5,179.0 445.5,179.0 445.5,179.0
;
521.30321,179.20699 521.30321,179.20699 522.22399,163.52589
518.27397,189.99686 521.30321,179.20699 521.30321,179.20699
521.30321,179.20699 521.30321,179.20699 521.30321,179.20699
;
519.0,173.5 519.0,173.5 522.54354,161.12041
515.2433,178.9803 519.0,173.5 519.0,173.5
519.0,173.5 519.0,173.5 519.0,173.5
;
519.13676,167.41548 519.13676,167.41548 516.79813,155.49715
511.83045,167.68792 517.20808,165.72223 518.15406,165.24731
517.69228,169.59985 519.13676,167.41548 519.13676,167.41548
519.13676,167.41548 519.13676,167.41548 519.13676,167.41548
;
511.0,161.0 511.0,161.0 515.0707,155.85259
505.13471,147.95982 510.23333,161.0 510.23333,161.0
511.00007,161.0 511.00007,161.0 511.00007,161.0
511.0,161.0 511.0,161.0 511.0,161.0
;
393.63037,142.5 393.63037,142.5 408.88704,127.00632
394.05399,138.41077 393.63037,142.5 393.63037,142.5
393.63037,142.5 393.63037,142.5 393.63037,142.5
;
474.39301,136.0 474.39301,136.0 478.87767,131.67026
471.77304,131.74005 474.39301,136.0 474.39301,136.0
474.39301,136.0 474.39301,136.0 474.39301,136.0
;
470.44098,134.0 470.44098,134.0 475.48237,130.84832
467.61219,131.29152 470.44098,134.0 470.44098,134.0
470.44098,134.0 470.44098,134.0 470.44098,134.0
;
461.45,125.9682 461.45,125.9682 459.35893,121.90843
450.99931,122.66752 461.45,125.9682 461.45,125.9682
461.45,125.9682 461.45,125.9682 461.45,125.9682
;
473.0,123.0 473.0,123.0 473.67491,120.13927
473.33586,123.009 473.0,123.0 473.0,123.0
473.0,123.0 473.0,123.0 473.0,123.0
;
494.39235,122.0 494.39235,122.0 496.8149,116.71975
490.78298,119.931 494.39235,122.0 494.39235,122.0
494.39235,122.0 494.39235,122.0 494.39235,122.0
;
426.6422,115.0 426.6422,115.0 438.34402,109.67821
425.91168,112.93649 426.6422,115.0 426.6422,115.0
426.6422,115.0 426.6422,115.0 426.6422,115.0
;
465.61078,110.0 465.61078,110.0 463.91114,106.37229
457.69799,104.87915 465.22157,110.0 465.22157,110.0
465.61078,110.0 465.61078,110.0 465.61078,110.0
;
399.49064,105.0 399.49064,105.0 412.92843,100.89155
401.4961,99.812078 399.49064,105.0 399.49064,105.0
399.49064,105.0 399.49064,105.0 399.49064,105.0
;
461.65307,90.086047 461.65307,90.086047 481.44147,88.060604
439.42386,88.601119 461.65307,90.086047 461.65307,90.086047
461.65307,90.086047 461.65307,90.086047 461.65307,90.086047
;
426.5,81.805051 426.5,81.805051 435.35409,81.32333
417.68802,81.105421 426.5,81.805051 426.5,81.805051
426.5,81.805051 426.5,81.805051 426.5,81.805051
;
