427.0,480.0 427.0,480.0 284.66667,480.0
142.33333,480.0 0.0,480.0 0.0,320.0
0.0,160.0 0.0,0.0 284.66667,0.0
569.33333,0.0 854.0,0.0 854.0,160.0
854.0,320.0 854.0,480.0 711.66667,480.0
569.33333,480.0 427.0,480.0 427.0,480.0
427.0,480.0 427.0,480.0 427.0,480.0
;
206.43261,479.0 206.43261,479.0 211.27832,471.23027
211.07144,457.43713 215.04007,447.56957 222.11641,423.30987
236.10216,399.3429 256.87304,384.64402 271.29144,376.63623
285.2757,367.66503 299.0,358.69002 302.86203,353.73639
311.791,345.91563 312.76772,336.9354 307.4869,340.25633
313.51017,326.5934 315.1027,317.78636 314.77115,307.82208
319.70989,293.17868 316.64247,286.0 319.21301,285.44396
313.71954,269.96945 310.80064,272.55074 308.71306,248.11984
314.25422,223.75437 326.25915,202.34951 337.9527,170.79648
344.17955,135.84808 367.53176,110.00048 388.33833,83.840824
425.57597,68.322808 458.15488,79.200079 472.59952,88.087404
491.9643,90.153226 501.0287,106.53932 516.81949,126.38093
522.89174,151.99887 528.76246,176.35259 535.84816,213.77193
544.07343,251.13554 544.46525,289.39605 545.83179,310.28714
550.38357,332.78508 561.27903,349.82516 571.11498,354.23729
578.99802,361.58916 589.41254,364.30159 603.90135,366.77525
592.77888,380.3503 605.5001,384.76552 622.65128,399.10725
634.9977,419.06956 635.5644,441.87792 637.44614,454.21451
638.77068,466.62653 640.37642,479.00048 647.02069,474.39055
639.04951,458.46282 639.72547,449.55884 638.30709,427.15446
631.86171,404.50097 614.6101,389.06508 604.34777,383.06331
601.58396,375.65651 599.76039,366.00672 592.50808,365.00621
584.34824,354.40037 576.70314,354.9641 571.41901,348.34188
566.70395,350.59463 561.43908,341.55349 556.72643,334.06859
554.62965,324.66927 560.0001,330.16405 552.81102,323.65031
549.53462,310.84588 549.26628,299.65545 546.76264,283.04286
547.86911,265.98573 544.89654,249.50048 552.89272,254.06937
543.62573,246.90308 545.29201,240.50323 543.89284,227.00106
544.32607,228.19428 543.87361,215.04111 543.08238,214.58303
537.28088,216.94077 543.90091,209.24602 544.35063,203.34223
537.53982,176.97083 539.57924,192.45126 539.61604,202.20675
535.18643,173.56249 534.08769,172.45671 533.22149,182.52991
531.46318,161.55491 531.00003,158.88197 537.11992,154.7263
536.83477,172.83722 538.79374,165.27154 535.63627,149.07593
535.54315,158.69803 531.99309,157.5 531.96869,145.03523
525.11482,134.4498 520.47544,123.00784 526.24283,123.08724
516.06374,115.84831 511.20065,108.85523 506.92604,98.385466
496.68563,92.918395 488.71711,86.954216 492.07266,84.842957
491.943,85.850849 500.47968,92.853656 500.70995,86.701577
481.86335,78.027082 486.1957,82.70378 494.02773,84.772196
480.76691,86.05789 476.26233,81.549559 491.03205,80.907701
478.18163,77.642547 469.5,79.92912 480.52739,75.404565
454.93611,79.105448 450.01055,72.440886 436.3942,67.998076
422.4291,73.724618 408.84027,76.419732 386.79324,80.779944
371.8003,99.541819 357.27792,115.5 349.88807,130.19056
340.74824,144.52364 333.99914,159.30998 344.04973,152.79296
324.74799,165.75685 325.96227,174.52053 320.33318,188.01464
331.21151,172.73202 329.46596,181.84872 322.08962,186.62117
325.32574,196.77274 322.01533,195.25 324.66545,199.54283
315.40812,209.95981 314.08992,220.59091 309.74255,227.09671
306.65741,235.56331 307.04254,248.53448 305.84158,263.17442
302.14155,277.81723 304.54403,292.5 306.35627,282.23594
314.4183,285.92315 313.32175,294.86002 312.98343,305.95367
306.62321,316.79796 306.42423,325.5 303.31127,334.25322
294.26428,344.99758 296.99528,348.45273 295.3992,356.29338
292.26728,361.07464 294.57969,353.0704 288.84843,356.75416
294.21242,345.22928 282.85559,359.04917 291.18405,353.1331
290.44325,363.49094 277.91813,368.43851 262.21408,378.61371
243.83483,385.639 233.98652,402.68398 216.66577,424.4022
208.74327,451.89388 205.0,479.0 205.0,479.0
206.43261,479.0 206.43261,479.0 206.43261,479.0
;
539.25,203.75621 539.25,203.75621 536.63614,184.04305
537.10253,206.6954 539.25,203.75621 539.25,203.75621
539.25,203.75621 539.25,203.75621 539.25,203.75621
;
528.91498,158.55255 528.91498,158.55255 527.06871,151.80423
523.97735,141.87582 527.45845,147.87523 526.17156,149.38932
532.87866,153.07322 528.91498,158.55255 528.91498,158.55255
528.91498,158.55255 528.91498,158.55255 528.91498,158.55255
;
517.55093,121.34208 517.55093,121.34208 516.52764,118.60909
513.78986,119.76934 510.046,110.62066 510.44773,115.99634
523.3414,116.98308 517.55093,121.34208 517.55093,121.34208
517.55093,121.34208 517.55093,121.34208 517.55093,121.34208
;
381.0772,479.0 381.0772,479.0 383.20901,472.79726
374.92259,460.62779 375.0,451.69757 376.84354,438.60738
381.6204,464.81764 384.53678,469.82922 384.00823,461.70096
387.63036,473.39458 392.5,478.94621 408.83656,481.86936
390.26592,462.26526 388.70975,455.02756 382.0328,445.90777
377.17695,440.4373 370.70557,431.06393 364.39283,428.74106
371.19153,445.26767 372.15332,451.87785 373.87174,460.71693
374.84646,473.42386 381.0772,479.0 381.0772,479.0
381.0772,479.0 381.0772,479.0 381.0772,479.0
;
405.07946,479.0 405.07946,479.0 404.74648,466.02746
404.78963,469.61069 409.62521,478.78105 412.90348,475.54443
405.7464,460.27368 402.04119,455.62952 393.84927,446.09718
397.20222,434.57937 403.28276,452.5 409.99919,461.87846
417.75744,472.85396 426.73922,478.59411 424.47571,472.91564
413.53863,459.85566 413.9292,461.5 409.28255,453.42497
405.67354,445.96134 398.33631,439.19299 388.31056,424.35305
399.70233,433.26298 393.12671,421.1092 390.84737,411.04085
387.09954,396.85387 399.80322,409.06809 414.56378,417.30213
430.24291,425.85453 446.4427,429.92485 465.79442,426.76203
482.38512,413.35857 496.00013,399.79957 493.72312,409.26475
491.87053,415.19766 487.1297,424.3988 483.85794,432.92429
482.72619,444.73852 478.70564,454.5 487.15904,438.51313
483.25173,444.67424 487.65187,436.92498 491.34941,431.03494
493.9696,407.30665 497.9382,413.5 497.05068,407.44413
500.28595,391.43271 502.0711,399.13915 500.22451,421.59953
505.79679,445.48324 494.87322,466.18162 488.30443,478.73754
493.2447,479.31597 496.24575,477.12313 498.471,464.61618
500.2813,459.44203 499.22316,475.5 499.69152,486.35523
506.10217,459.90375 506.46109,453.97362 514.15641,430.24943
512.47196,405.02456 510.99607,380.5 511.91982,371.36748
503.32751,350.26938 504.00002,370.40429 501.2797,370.89428
502.62686,346.78958 500.18819,365.63093 500.041,373.11456
489.49031,394.04735 499.33733,378.27601 506.29943,366.90612
498.05006,389.27384 499.39553,386.5 490.63824,407.73355
468.64505,419.59252 448.16963,426.90201 429.26655,426.15371
457.5346,421.49334 464.05744,419.06005 470.26352,415.68294
485.60371,402.55331 470.30253,412.13947 455.8398,418.4634
437.78788,429.53191 422.9679,418.06919 412.52377,413.15277
399.95246,406.90145 392.0485,400.47002 386.34202,395.05636
373.00013,389.39211 374.09031,379.91135 371.3009,376.32743
370.69571,400.94375 371.71219,408.83227 372.6747,424.37098
379.21612,437.09841 391.05648,446.99033 397.79447,454.51754
406.98582,465.05456 403.03223,472.95083 404.12159,474.18236
402.9266,479.42968 405.07941,479.0 405.07941,479.0
405.07946,479.0 405.07946,479.0 405.07946,479.0
;
393.50824,445.78121 393.50824,445.78121 386.44717,440.30877
394.36598,429.65179 393.50824,445.78121 393.50824,445.78121
393.50824,445.78121 393.50824,445.78121 393.50824,445.78121
;
388.46323,439.0 388.46323,439.0 386.92575,428.94987
387.4305,442.30558 380.68114,430.08834 380.36107,419.84987
378.20936,416.91927 376.39087,408.29095 377.27643,404.69832
388.66293,412.43259 387.89258,413.36562 390.98088,427.51855
378.78264,400.33834 386.57636,419.25 390.59918,427.61698
393.09354,412.4016 388.73154,427.55964 388.3964,431.04906
389.61835,436.35624 388.46323,439.0 388.46323,439.0
388.46323,439.0 388.46323,439.0 388.46323,439.0
;
380.72375,421.20826 380.72375,421.20826 389.99691,421.87346
374.47014,406.62723 380.72375,421.20826 380.72375,421.20826
380.72375,421.20826 380.72375,421.20826 380.72375,421.20826
;
504.0,433.5 504.0,433.5 500.98778,433.09366
504.49342,413.66508 504.53239,406.25744 505.50664,388.6457
509.00052,407.57213 506.95587,414.30085 504.37514,419.78713
505.62207,426.6615 504.0,433.5 504.0,433.5
504.0,433.5 504.0,433.5 504.0,433.5
;
381.8157,407.52662 381.8157,407.52662 378.85333,400.39079
375.59564,401.84143 375.0,398.94098 378.95523,379.13151
377.3404,398.78359 381.8157,407.52662 381.8157,407.52662
381.8157,407.52662 381.8157,407.52662 381.8157,407.52662
;
504.68704,395.6463 504.68704,395.6463 503.084,388.39863
499.4294,389.46652 506.30767,385.25 507.13769,376.38111
506.17849,395.89338 504.68704,395.6463 504.68704,395.6463
504.68704,395.6463 504.68704,395.6463 504.68704,395.6463
;
596.35007,478.0 596.35007,478.0 609.36748,478.60521
600.94964,456.89648 591.98936,465.6048 587.32836,469.3709
591.13263,478.00804 596.35007,478.0 596.35007,478.0
596.35007,478.0 596.35007,478.0 596.35007,478.0
;
478.38535,470.91667 478.38535,470.91667 482.37325,464.5033
488.28955,445.5107 479.88253,461.5 486.44913,444.27276
471.39283,471.53899 477.99994,470.10765 477.99994,470.10765
477.99994,471.33333 477.99994,471.33333 477.99994,471.33333
478.38529,470.91667 478.38529,470.91667 478.38529,470.91667
478.38535,470.91667 478.38535,470.91667 478.38535,470.91667
;
404.79066,427.54268 404.79066,427.54268 400.2458,423.96169
396.03038,404.43373 392.59825,408.46458 391.31396,416.63705
397.24911,408.13799 395.0,416.85808 397.74196,426.38672
398.01586,425.93047 404.79066,427.54268 404.79066,427.54268
404.79066,427.54268 404.79066,427.54268 404.79066,427.54268
;
369.14913,420.0 369.14913,420.0 369.647,411.14523
365.52185,413.36799 364.71051,400.60404 362.3802,393.94202
371.89272,408.84058 364.77211,391.0 364.11563,379.75754
361.93797,380.57699 361.43476,394.78601 363.78181,403.01872
362.98208,414.13073 369.14912,420.0 369.14912,420.0
369.14913,420.0 369.14913,420.0 369.14913,420.0
;
489.52475,413.0 489.52475,413.0 497.51601,402.12838
487.91125,402.18841 489.52475,413.0 489.52475,413.0
489.52475,413.0 489.52475,413.0 489.52475,413.0
;
487.60801,394.5 487.60801,394.5 497.38035,379.44012
482.24229,394.17304 487.2611,394.94924 487.2611,394.94924
487.608,394.5 487.608,394.5 487.608,394.5
487.60801,394.5 487.60801,394.5 487.60801,394.5
;
267.0,372.51344 267.0,372.51344 278.65533,366.5058
278.16897,360.38049 267.6281,371.38696 267.6371,371.60265
263.13912,375.11594 267.0,372.51344 267.0,372.51344
267.0,372.51344 267.0,372.51344 267.0,372.51344
;
496.03133,369.0 496.03133,369.0 495.66345,361.62158
506.98988,354.0182 499.36217,344.62074 498.74729,345.92917
494.36847,363.51819 496.03127,369.0 496.03127,369.0
496.03133,369.0 496.03133,369.0 496.03133,369.0
;
396.84092,356.49241 396.84092,356.49241 393.42159,340.64667
387.15706,323.9829 383.84208,307.5 390.63196,321.779
393.42988,313.21546 388.23104,306.88929 372.11512,294.00664
361.9021,274.33986 362.9302,253.49998 361.74152,245.64022
356.75223,227.62917 363.0,229.28559 357.90166,221.06261
374.85651,205.66203 370.0,206.5 364.38966,201.68903
377.04948,201.57742 385.45881,203.90959 394.65426,203.05117
409.42688,206.96381 414.81208,200.67619 412.85736,187.92819
395.52288,184.04544 384.60315,187.78165 380.50783,188.95914
408.56098,187.73755 403.41404,191.52375 394.71435,187.82449
383.35086,191.91579 376.0,191.95094 385.28446,186.04615
382.75877,176.72038 390.8468,175.50318 399.98732,172.96133
413.87565,182.36783 419.996,178.25047 413.29416,170.70099
399.35031,170.18618 388.89097,172.09855 389.2411,162.02767
399.04468,168.45351 407.64276,170.50435 417.40038,168.39188
428.79087,187.31706 425.09726,175.48991 419.41556,168.9175
408.10437,164.54605 399.11759,164.00047 400.67171,158.00679
409.69572,156.04207 413.88471,148.20004 422.14355,141.56522
429.08029,133.26051 438.1189,127.69226 435.01562,128.50265
454.74144,113.6213 438.74226,123.0005 440.04589,118.76505
458.23715,105.72257 441.35957,116.35913 423.60031,130.93018
405.73799,146.51893 391.08094,163.97782 386.7772,173.83838
368.83488,180.82386 375.10111,193.07914 382.37761,198.99707
396.77061,187.68394 394.99956,197.00046 403.65766,187.95896
408.83141,205.0266 392.73467,201.74072 373.9286,196.22851
400.77177,204.92847 390.9482,194.00046 385.33883,197.48984
363.94856,200.18005 366.64661,199.47786 364.11385,199.10835
354.3924,216.49214 354.00053,224.41906 357.45972,246.68417
355.35541,271.50657 368.44881,291.03917 377.40805,300.82186
386.43628,311.27814 385.5144,325.39127 388.22918,336.10015
391.89783,348.53888 396.84092,356.49241 396.84092,356.49241
396.84092,356.49241 396.84092,356.49241 396.84092,356.49241
;
476.88701,350.0 476.88701,350.0 481.12976,343.49211
483.50536,320.94672 484.51885,341.66059 488.61509,341.28747
488.74507,337.58792 486.41223,326.1154 483.38458,313.75755
487.87734,303.6369 497.71824,295.98318 505.57109,289.4362
503.79866,273.51793 512.93177,270.86984 521.661,262.40639
518.74196,253.41356 512.97437,267.0 506.15291,257.93137
514.68959,243.50443 516.55423,232.33119 522.15253,196.35036
508.81093,161.06988 496.1951,128.0 493.09064,117.23361
486.38136,109.64111 493.26099,125.5 495.2167,129.58996
494.64955,134.96749 496.59346,145.28235 500.76382,152.37262
501.47693,173.17399 505.79896,167.99383 511.37137,195.18979
518.54882,224.31679 506.88394,251.01424 504.80615,271.25126
500.0413,292.9748 482.77592,305.95429 479.96057,304.93147
479.79363,329.69844 483.84212,323.5 482.58626,332.32515
477.12733,340.87882 475.61684,350.33683 473.50527,354.6123
477.89829,348.8702 476.88703,350.0 476.88703,350.0
476.88701,350.0 476.88701,350.0 476.88701,350.0
;
384.06739,347.0 384.06739,347.0 385.09273,336.97374
379.63924,333.06866 383.0,347.0 383.0,347.0
384.06739,347.0 384.06739,347.0 384.06739,347.0
;
408.3757,320.92224 408.3757,320.92224 409.53638,318.76283
391.30981,307.4352 398.52553,314.95414 401.83431,316.72815
404.84352,319.85108 408.3757,320.92224 408.3757,320.92224
408.3757,320.92224 408.3757,320.92224 408.3757,320.92224
;
409.9943,285.0 409.9943,285.0 404.87909,274.56029
432.31882,285.6405 425.5,279.62839 425.13581,274.41176
430.93569,287.2839 438.94687,282.25566 450.15825,282.81526
469.81657,280.53904 449.83792,273.00001 452.61432,276.21969
455.5749,284.43542 445.48899,272.96531 436.46103,269.62515
426.63845,274.10196 419.12672,272.0 415.40436,285.2944
408.52774,276.35639 415.5528,273.34137 416.89653,265.49676
402.66237,277.41322 408.9505,285.0 408.9505,285.0
409.9943,285.0 409.9943,285.0 409.9943,285.0
409.9943,285.0 409.9943,285.0 409.9943,285.0
;
317.74025,273.13685 317.74025,273.13685 326.45007,273.58857
309.928,256.83057 317.23836,274.5 317.23836,274.5
317.74022,273.13685 317.74022,273.13685 317.74022,273.13685
317.74025,273.13685 317.74025,273.13685 317.74025,273.13685
;
415.90499,247.94117 415.90499,247.94117 414.7252,246.86607
403.71496,235.06833 413.88197,231.99997 411.8694,221.67049
400.02963,247.08612 414.0643,247.59688 414.0643,247.59688
414.5,247.8823 414.5,247.8823 414.5,247.8823
415.90499,247.9411 415.90499,247.9411 415.90499,247.9411
415.90499,247.94117 415.90499,247.94117 415.90499,247.94117
;
422.38838,246.70344 422.38838,246.70344 437.77786,249.40219
420.42211,232.02524 418.4652,245.26546 415.44492,232.4553
411.45371,232.44663 415.84003,245.16096 417.49211,247.34956
420.1202,246.32577 422.38838,246.70344 422.38838,246.70344
422.38838,246.70344 422.38838,246.70344 422.38838,246.70344
;
446.27411,245.75854 446.27411,245.75854 459.34463,250.56933
450.34828,224.28903 451.92979,239.48389 451.82903,249.35355
440.54241,233.03391 437.00157,243.16825 439.84864,245.26008
442.66726,246.40944 446.27411,245.75854 446.27411,245.75854
446.27411,245.75854 446.27411,245.75854 446.27411,245.75854
;
477.5,206.92836 477.5,206.92836 484.10949,205.73509
504.81851,205.78397 500.37595,197.04566 488.37125,186.16704
462.98937,185.11795 456.10718,201.10209 456.63168,206.88132
471.70778,203.322 477.5,206.92836 477.5,206.92836
477.5,206.92836 477.5,206.92836 477.5,206.92836
;
484.0685,202.96456 484.0685,202.96456 492.71246,196.16851
476.49304,200.12487 471.11803,202.00003 468.3949,193.74131
484.07873,192.69481 491.28821,198.21438 502.10168,200.27661
486.47635,201.58437 484.0685,202.96456 484.0685,202.96456
484.0685,202.96456 484.0685,202.96456 484.0685,202.96456
;
491.0,195.91779 491.0,195.91779 485.56801,190.58148
457.80911,195.91079 473.0186,191.5 475.78074,190.75372
500.46799,192.49205 491.0,195.91779 491.0,195.91779
491.0,195.91779 491.0,195.91779 491.0,195.91779
;
503.0,182.84065 503.0,182.84065 505.83653,179.3058
485.85167,172.51872 478.35438,174.16355 457.71655,173.2502
473.76139,167.16485 484.22861,173.99996 478.60238,169.52613
489.56367,167.05723 493.87491,173.76652 507.34386,183.98851
502.73446,171.80477 494.95906,171.14324 484.63528,160.51789
467.90491,167.65293 455.18026,170.03121 444.08048,179.42345
470.00221,167.94253 463.8851,174.60697 451.08024,177.24111
456.24145,182.5838 468.25632,179.11184 481.29546,177.48954
484.08186,176.51524 494.10981,181.0711 497.07106,181.68079
499.92027,183.04866 503.0,182.84065 503.0,182.84065
503.0,182.84065 503.0,182.84065 503.0,182.84065
;
