427.0,480.0 427.0,480.0 284.66667,480.0
142.33333,480.0 0.0,480.0 0.0,320.0
0.0,160.0 0.0,0.0 284.66667,0.0
569.33333,0.0 854.0,0.0 854.0,160.0
854.0,320.0 854.0,480.0 711.66667,480.0
569.33333,480.0 427.0,480.0 427.0,480.0
427.0,480.0 427.0,480.0 427.0,480.0
;
189.74238,478.80552 189.74238,478.80552 194.95119,469.21128
196.68193,454.79005 201.87974,443.71157 210.75819,416.33175
225.54221,389.99763 250.7732,374.65289 256.15585,367.58621
271.9836,365.90894 270.95458,356.92599 271.98884,347.80879
285.38681,344.48017 287.81096,335.6076 295.87387,333.70975
302.82007,328.01541 302.90216,316.59431 302.46782,308.60554
303.56321,291.87223 300.0,302.99948 298.73322,292.4889
299.9508,278.01711 295.70379,270.57575 300.01724,255.71258
297.66394,238.77093 306.84371,225.75577 309.18009,220.56231
312.10036,208.74848 314.95424,200.1408 327.17695,169.25387
332.22265,132.28239 360.5,111.06718 379.58456,97.619513
405.70705,87.619094 429.53241,94.650985 441.90008,103.70593
459.35659,104.0501 468.77757,116.88848 475.56466,119.8558
482.1812,131.41253 485.95548,139.67494 490.29696,148.57986
492.3379,157.73445 496.31744,165.36418 501.22541,173.73668
499.77403,186.78018 503.40901,190.20848 506.26372,213.74957
509.58305,237.00589 508.43319,260.8384 506.95002,277.42477
500.46726,293.47001 502.94624,310.48506 502.45738,320.034
504.07591,333.41076 507.09757,340.43908 514.16107,342.71741
522.65389,350.46952 532.22386,351.1202 543.76373,354.46577
542.82057,366.69737 550.38207,373.50326 560.78302,382.90927
570.72413,395.07668 574.50733,407.88639 575.11964,431.72597
579.9307,455.07906 579.00009,478.99938 586.12341,474.38552
579.51304,456.44439 581.22782,446.58203 578.74636,431.69114
579.63897,415.60937 576.04562,401.4591 569.57056,387.44744
557.78968,376.99159 548.37399,365.61856 546.24609,347.49523
524.53247,348.01398 513.64801,337.99938 503.43755,334.73718
509.03078,318.433 506.58527,309.63026 505.83897,298.25204
508.39074,295.10474 509.31652,281.79453 515.44167,252.84795
515.61748,222.62106 509.36772,193.68565 506.47495,171.13039
500.98084,148.35537 487.60172,129.63254 495.87103,132.44039
476.697,116.14202 472.98752,112.3989 460.87586,105.8907
465.69182,97.907953 456.69098,99.026609 444.6291,95.327214
450.25259,100.6373 443.0,96.839485 446.18217,93.021971
428.22793,90.256887 421.69098,89.032646 418.31857,86.439107
405.22005,88.837433 395.65508,89.530568 382.95804,92.73375
385.19617,92.326074 376.32919,98.127491 357.00959,103.88232
342.22034,120.23593 332.62459,137.20736 333.64475,145.88616
321.5119,151.29686 326.0306,148.5 328.89242,157.33489
320.08962,168.3713 318.08085,178.55777 315.24821,185.35216
303.09306,204.55572 314.14747,188.81414 316.05007,190.23435
303.55177,220.01214 307.00755,209.0 307.305,193.52629
297.46128,225.24394 300.82857,221.57311 303.67756,219.50042
300.88517,233.30464 297.29762,238.22507 299.13041,222.04684
294.45432,242.72612 293.61411,249.75409 290.93764,264.66958
291.69405,279.54116 293.72055,294.5 294.98113,291.68845
295.73628,302.36393 296.98788,309.45329 299.28789,319.3415
293.93032,326.96531 290.61634,330.0 282.11313,334.7047
281.70594,342.36669 271.92741,348.63777 263.99413,354.58943
258.49976,365.036 254.19185,366.06394 251.99397,372.36175
233.76306,384.12123 242.03055,375.81717 210.19684,400.97424
198.158,441.50008 188.18492,479.11104 188.18492,479.11104
189.74241,478.80552 189.74241,478.80552 189.74241,478.80552
189.74238,478.80552 189.74238,478.80552 189.74238,478.80552
;
383.97525,479.0 383.97525,479.0 387.38864,476.42212
380.9084,470.04507 382.24672,469.34752 377.62406,465.36481
374.05018,452.7983 380.32792,454.51623 381.37215,470.90214
386.27552,462.62666 386.13394,472.40752 389.06882,484.22605
389.54836,472.36622 396.0,478.9776 398.85969,469.00125
388.25323,461.91177 386.73412,455.0064 381.4433,447.79932
387.43833,465.27813 379.29037,446.19524 378.2452,436.53041
359.70368,426.36824 367.95611,443.02256 372.92243,454.7431
376.16207,467.3951 381.9505,479.0 381.9505,479.0
383.9098,479.0 383.9098,479.0 383.9098,479.0
383.97525,479.0 383.97525,479.0 383.97525,479.0
;
391.01709,472.72294 391.01709,472.72294 394.26554,476.37843
378.45918,454.55171 388.60435,465.17223 389.24746,467.6503
393.97572,470.30848 391.01709,472.72294 391.01709,472.72294
391.01709,472.72294 391.01709,472.72294 391.01709,472.72294
;
404.13864,478.79209 404.13864,478.79209 417.94217,481.58958
405.07844,465.0438 402.74589,461.68319 400.95959,453.68497
390.31585,445.38137 390.90909,440.0 403.96367,450.92892
391.74652,436.93129 386.0,433.25654 398.37641,432.03319
387.39613,427.38657 385.77751,416.97783 391.86099,422.41937
381.92576,398.56052 382.00066,403.54137 378.92284,401.3026
386.97344,413.28542 384.30329,421.23267 375.04738,419.34759
388.76284,402.50051 378.45951,410.99021 375.48945,398.41028
372.48861,406.32135 377.53182,413.44113 383.0218,421.81551
381.05895,427.96257 377.62912,419.238 372.37812,428.36098
377.56412,407.70618 372.73141,418.2841 375.67828,409.1698
372.83671,400.46249 372.31262,400.69314 369.27057,387.36216
383.70973,415.93008 374.94455,397.24755 368.04806,383.17078
379.37275,397.70166 381.65507,401.24862 381.15824,396.37359
379.14298,394.71995 387.52082,398.87063 402.0956,405.21512
417.17276,414.12611 433.06285,414.80184 445.66876,412.49146
457.34978,403.06462 465.97036,393.5 466.2014,402.82863
473.06972,384.41287 468.07444,405.11823 464.54185,419.1441
465.75484,434.27421 461.0001,448.14286 467.45791,445.02787
467.06894,445.37213 468.81703,428.82049 471.27645,416.54895
471.72561,403.18808 473.36562,390.5 469.48848,380.18683
480.06314,396.779 477.00002,388.0 478.34629,379.38474
478.15665,395.40375 479.00005,402.09411 473.51532,400.39833
477.897,416.31486 477.4825,424.25 478.82588,436.75921
474.26126,429.27102 474.00005,440.74855 467.96795,452.74153
469.60373,465.69175 472.27775,478.06331 482.68648,482.53224
478.17843,461.90684 480.30822,454.59304 481.24892,438.77883
484.10536,419.90001 483.85076,406.0 483.57797,395.04491
481.6921,379.06191 477.33399,366.7392 474.47007,353.6166
467.90419,353.21218 465.14402,341.5348 454.05906,322.91913
468.14818,351.09489 464.22842,349.64522 460.23396,340.51526
455.7555,332.62301 459.2263,322.06325 482.95398,309.85322
497.72153,283.50597 497.91142,256.95113 501.31768,236.7276
502.66985,216.00668 495.07098,196.5 489.065,171.23271
482.10948,144.25902 462.45319,126.10831 445.65334,122.33409
458.60762,125.18206 464.19284,130.6291 464.78569,134.15615
445.71863,122.14749 459.50008,132.00783 466.06912,136.9142
470.43559,139.31957 471.1721,146.34912 477.36229,154.61581
482.92471,167.21809 484.80882,174.99999 475.59023,166.88442
459.48833,172.30429 450.83399,178.31034 454.17252,182.59505
467.2669,173.57486 458.61491,180.59705 453.70057,178.42122
448.09526,187.56998 461.35871,184.28056 471.53401,182.06928
489.14903,179.14768 490.60134,193.23349 497.99944,212.57733
498.69891,233.05322 494.99429,253.24515 495.62201,281.45543
479.80646,309.40534 453.94486,321.34793 460.74343,324.79603
446.82637,344.07187 455.89558,340.7941 458.2492,335.62977
464.41049,352.28356 464.00002,358.55964 467.30425,365.80839
463.22501,372.06947 460.01513,380.82148 466.12543,368.02529
467.08644,375.49785 468.00002,379.0 470.57086,381.26955
464.1811,385.02867 464.39126,390.21171 460.58457,394.30699
455.71037,398.59172 453.53411,399.27172 455.3847,392.52079
438.88924,407.57018 432.58843,407.81929 419.60076,415.32962
406.20901,402.66644 393.71632,398.94403 384.1195,400.19147
381.86861,380.69333 382.62596,393.81119 377.24935,390.39231
376.71382,381.85989 376.25005,387.94718 372.95939,394.01501
362.90564,372.6175 369.97714,373.10388 364.23416,361.6657
365.18693,363.5908 365.79417,378.91633 364.54771,385.72754
370.88868,408.22518 367.4904,404.5 366.55721,393.77708
363.21191,389.29903 361.18961,381.792 365.44841,388.40976
359.21589,374.1385 359.32601,391.5 353.87417,394.37942
355.04092,383.66624 356.85531,378.32431 359.75425,372.06227
351.37539,382.47184 352.8347,392.92348 356.14794,404.1159
356.57222,417.90505 367.4427,425.5 363.3027,421.33255
353.2419,401.57554 363.06281,408.93225 365.95209,421.58525
361.22348,412.35251 368.25377,424.5 373.49976,433.90614
373.04362,422.03795 377.43143,435.70036 385.35219,437.28527
396.31941,458.55657 394.29343,451.5 392.68154,458.06972
396.63319,473.50059 399.2364,478.86442 400.87049,478.84032
402.50457,478.81622 404.13866,478.79212 404.13866,478.79212
404.13864,478.79209 404.13864,478.79209 404.13864,478.79209
;
474.11797,464.33358 474.11797,464.33358 470.59406,475.77119
471.22442,442.18667 475.77694,449.94983 475.23573,454.74607
475.01791,459.58402 474.11797,464.33358 474.11797,464.33358
474.11797,464.33358 474.11797,464.33358 474.11797,464.33358
;
383.83849,434.18139 383.83849,434.18139 382.93099,439.6793
372.91694,424.83833 379.7012,425.6963 385.80189,422.47437
385.39133,425.88008 383.83849,434.18139 383.83849,434.18139
383.83849,434.18139 383.83849,434.18139 383.83849,434.18139
;
432.5,412.42603 432.5,412.42603 425.60557,409.87521
438.8068,411.46909 442.5,407.04716 455.0871,400.80197
435.91014,413.58463 432.5,412.42603 432.5,412.42603
432.5,412.42603 432.5,412.42603 432.5,412.42603
;
359.59232,406.0 359.59232,406.0 353.74576,385.15231
367.48914,409.49514 358.92423,398.5 358.83203,400.57726
360.66257,404.8232 359.59232,406.0 359.59232,406.0
359.59232,406.0 359.59232,406.0 359.59232,406.0
;
476.39413,382.47567 476.39413,382.47567 472.56944,381.71035
477.06048,366.32838 476.54987,382.26265 476.54987,382.26265
476.3941,382.47567 476.3941,382.47567 476.3941,382.47567
476.39413,382.47567 476.39413,382.47567 476.39413,382.47567
;
469.63666,374.69667 469.63666,374.69667 467.58643,372.31194
469.92815,342.51169 470.41059,362.02782 469.86588,366.06042
471.33805,371.19412 469.63666,374.69667 469.63666,374.69667
469.63666,374.69667 469.63666,374.69667 469.63666,374.69667
;
487.75,180.93661 487.75,180.93661 482.89404,176.31848
459.03208,181.46779 467.90344,175.96349 473.33112,174.64189
488.49219,175.44685 487.75,180.93661 487.75,180.93661
487.75,180.93661 487.75,180.93661 487.75,180.93661
;
546.97899,479.0 546.97899,479.0 552.93679,470.52876
558.15696,458.54834 550.56126,476.00665 551.60688,484.52745
557.08759,459.61233 562.84267,456.0 566.83291,447.35891
574.70002,450.87218 562.02454,449.2451 556.33781,458.48729
549.06374,468.84556 546.97899,479.0 546.97899,479.0
546.97899,479.0 546.97899,479.0 546.97899,479.0
;
409.77631,458.92985 409.77631,458.92985 407.25018,448.68918
404.14042,440.04174 401.43571,443.25865 398.19938,432.8825
390.61119,425.5587 395.87864,437.54301 399.81378,450.87221
403.19083,450.52794 409.3105,461.09212 409.71407,462.67391
409.60366,459.48881 409.77631,458.92985 409.77631,458.92985
409.77631,458.92985 409.77631,458.92985 409.77631,458.92985
;
554.96376,450.0 554.96376,450.0 567.98625,448.98796
552.75594,428.45847 551.0,443.26574 550.7792,445.40633
551.73428,451.02893 554.96376,450.0 554.96376,450.0
554.96376,450.0 554.96376,450.0 554.96376,450.0
;
399.28124,417.0 399.28124,417.0 395.65151,409.9586
390.12769,400.38179 384.42998,399.52067 391.72001,418.013
385.85109,395.40009 391.59117,410.36533 385.87723,417.19246
393.41666,410.27083 398.42857,417.0 398.42857,417.0
399.28124,417.0 399.28124,417.0 399.28124,417.0
;
384.64754,372.68579 384.64754,372.68579 382.74264,368.53626
373.93336,348.51076 372.46565,352.89178 374.89058,360.13115
381.53122,368.19678 384.64754,372.68579 384.64754,372.68579
384.64754,372.68579 384.64754,372.68579 384.64754,372.68579
;
384.92061,344.40998 384.92061,344.40998 379.43517,341.2725
376.74918,316.28819 374.0,323.05791 377.47248,329.8066
377.09056,342.17323 384.92061,344.40998 384.92061,344.40998
384.92061,344.40998 384.92061,344.40998 384.92061,344.40998
;
375.76048,311.19214 375.76048,311.19214 368.55676,299.41992
375.19785,301.03384 384.82861,307.71221 398.56942,312.09038
374.31616,301.12907 371.99896,295.94373 362.8948,290.9959
363.22386,280.75527 359.15814,274.30099 357.26468,264.60572
354.53034,255.90588 352.9142,246.97986 351.18159,231.9985
352.10125,257.70291 353.0,262.8698 356.84608,276.3866
359.13762,291.36242 371.0,300.72366 369.88144,302.36895
375.20639,314.71139 375.7605,311.19214 375.7605,311.19214
375.76048,311.19214 375.76048,311.19214 375.76048,311.19214
;
424.25,288.98315 424.25,288.98315 425.32591,285.64675
411.01633,281.27372 424.2054,280.00892 438.27213,285.6111
454.51054,275.40147 468.0,281.0 472.03745,273.6912
472.2669,273.91568 461.83202,265.6341 453.33689,258.47873
440.36409,262.89515 457.05511,263.66565 469.99131,272.69324
450.93568,267.96455 444.54149,268.5423 437.83648,263.48142
417.75836,279.12894 426.23002,268.0 421.42346,271.5748
407.14961,274.89309 413.43706,283.60248 417.61746,287.50413
417.84379,284.7809 424.25,288.98315 424.25,288.98315
424.25,288.98315 424.25,288.98315 424.25,288.98315
;
439.50486,275.73352 439.50486,275.73352 432.08804,284.2502
434.77029,259.76222 439.50486,275.73352 439.50486,275.73352
439.50486,275.73352 439.50486,275.73352 439.50486,275.73352
;
454.0094,276.72434 454.0094,276.72434 441.43074,268.95118
458.26381,271.21486 454.0094,276.72434 454.0094,276.72434
454.0094,276.72434 454.0094,276.72434 454.0094,276.72434
;
367.1995,287.0 367.1995,287.0 366.84394,277.79381
362.57736,263.4288 361.63901,252.17017 361.28589,242.82051
368.25716,231.98365 371.96937,226.5 373.9382,211.63959
375.50468,219.34555 384.06703,211.5708 394.09828,213.10329
404.53516,210.20429 414.66986,209.1996 425.08237,205.30642
406.02511,190.94253 397.86034,195.131 382.16106,200.70705
392.64399,180.5732 402.49997,185.008 411.4538,187.86811
425.54756,187.79068 423.89553,183.68333 433.94191,190.41043
419.82235,174.77142 411.53244,175.56126 394.2941,175.35874
413.03688,165.8957 415.88832,157.36255 421.27469,148.36886
429.08272,142.07357 435.89992,136.05878 427.76073,139.28452
442.28012,127.94655 443.99189,121.65896 431.27811,131.12029
422.0283,143.87515 411.09007,154.93075 410.27355,161.75826
395.12664,168.39938 397.71668,177.05042 414.28442,178.78005
406.30303,180.45681 399.06921,181.51208 387.05479,178.39105
383.20562,194.61162 377.99997,202.07897 377.8939,208.53913
401.58531,196.25097 389.6461,199.1992 371.5998,204.19174
391.52982,194.99454 400.00962,197.1086 416.98046,198.82669
395.28554,196.232 395.82011,202.00035 395.29845,205.72694
400.25801,200.74067 407.86888,200.00014 408.48386,207.87202
396.2623,210.3844 390.34432,204.45659 387.5918,206.3506
373.82413,204.42249 368.97621,213.16486 365.183,220.34082
357.13273,225.65566 356.06351,234.50035 361.43037,223.58446
365.68826,219.79502 360.03239,234.45965 358.30191,243.06727
353.29138,249.43966 360.07279,255.50038 364.76087,272.30149
360.44892,274.07891 358.22316,256.32191 356.00906,263.63991
363.43956,274.63168 365.45205,283.6663 366.47055,284.23798
364.95869,287.94085 367.19945,287.00003 367.19945,287.00003
367.1995,287.0 367.1995,287.0 367.1995,287.0
;
364.70526,236.267 364.70526,236.267 359.19467,244.29334
368.77199,214.5834 369.35368,222.56035 365.26125,230.40279
366.20367,228.69422 364.70526,236.267 364.70526,236.267
364.70526,236.267 364.70526,236.267 364.70526,236.267
;
430.99385,264.50318 430.99385,264.50318 444.75953,263.69659
450.19904,262.17985 432.96785,262.09282 430.20952,263.1787
424.82679,267.94127 430.99385,264.50318 430.99385,264.50318
430.99385,264.50318 430.99385,264.50318 430.99385,264.50318
;
425.93828,250.39505 425.93828,250.39505 414.39166,246.03046
422.3168,236.72759 422.05886,229.5 411.97267,235.62541
412.71014,249.43588 425.44277,250.81023 425.44277,250.81023
425.49727,250.83613 425.49727,250.83613 425.49727,250.83613
425.93828,250.39505 425.93828,250.39505 425.93828,250.39505
;
429.80193,247.39433 429.80193,247.39433 444.62687,248.69469
435.19254,235.93892 428.16739,244.66537 422.66557,247.06558
421.07671,227.31076 422.08914,244.11499 424.19681,247.75167
425.61846,248.57736 429.80193,247.39433 429.80193,247.39433
429.80193,247.39433 429.80193,247.39433 429.80193,247.39433
;
450.56343,246.0 450.56343,246.0 460.8802,245.0973
457.75617,237.74933 448.47888,241.39179 444.45708,241.78055
448.80953,246.59009 450.56343,246.0 450.56343,246.0
450.56343,246.0 450.56343,246.0 450.56343,246.0
;
473.32143,209.86382 473.32143,209.86382 466.65653,207.79418
486.32945,208.04091 490.0,200.8468 485.39886,185.60617
456.90067,189.8264 454.0,204.50934 455.60365,211.43989
467.16483,202.99 473.32143,209.86382 473.32143,209.86382
473.32143,209.86382 473.32143,209.86382 473.32143,209.86382
;
472.63337,205.8319 472.63337,205.8319 460.89327,202.89713
459.97801,204.57505 466.0,198.06277 456.73058,199.64327
486.49979,191.57605 483.45796,200.75829 481.07051,206.50175
469.2274,191.88875 472.68138,200.18504 475.74338,199.8864
474.90074,206.86246 472.63338,205.8319 472.63338,205.8319
472.63337,205.8319 472.63337,205.8319 472.63337,205.8319
;
381.58862,176.5 381.58862,176.5 399.89329,153.67714
370.53901,184.13906 381.58862,176.5 381.58862,176.5
381.58862,176.5 381.58862,176.5 381.58862,176.5
;
400.21547,155.0 400.21547,155.0 409.78018,146.18681
405.27449,143.55132 398.81855,152.48881 395.89668,157.68145
407.91624,141.50556 400.21547,155.0 400.21547,155.0
400.21547,155.0 400.21547,155.0 400.21547,155.0
;
