196.25,479.98469 196.25,479.98469 130.83333,479.98979
65.416667,479.9949 0.0,480.0 0.0,320.0
0.0,160.0 0.0,0.0 284.66667,0.0
569.33333,0.0 854.0,0.0 854.0,160.0
854.0,320.0 854.0,480.0 785.16667,479.9473
716.33333,479.89468 647.5,479.8421 653.73254,472.73085
643.4519,459.45009 643.69617,449.72571 639.92296,423.88878
633.19875,395.81352 609.83491,380.48975 595.98716,377.67505
609.31313,360.70714 593.9711,360.99999 582.38952,353.50278
569.66005,345.70157 556.12425,340.71631 551.03622,328.33158
543.64701,317.16191 542.72142,302.99999 538.73737,298.95242
539.4376,284.8305 537.79745,276.57612 533.47477,260.84147
534.81724,243.72391 533.45867,228.1789 527.75594,231.37261
530.07462,211.38488 526.70232,204.49999 522.20013,195.52469
522.35461,181.69904 519.03524,176.80641 522.53178,172.45581
516.49366,166.76875 517.24475,161.49999 520.41721,156.1226
512.94001,144.38371 509.29931,136.16575 510.06624,122.131
503.5956,134.29299 500.99998,124.88196 507.01304,120.17008
494.27488,125.78849 499.80188,119.05982 491.78555,112.28196
484.64722,100.6732 481.87654,99.99999 496.85913,114.13804
483.01471,94.607401 479.60847,97.436042 471.59712,97.795615
480.39136,96.810782 467.97541,94.769224 461.3553,93.110616
453.65195,89.767354 444.31625,86.724109 449.8467,84.964577
442.80393,79.115378 431.80644,80.0 422.06076,85.13423
432.95165,81.786923 440.26971,84.981395 444.59458,84.156797
420.19915,88.976971 423.0,81.0 423.55248,87.101946
410.88976,85.639939 403.90443,88.901286 378.52003,94.317794
360.17006,114.32544 346.79232,135.34521 338.40413,145.78953
330.64889,157.01542 326.86522,170.0 335.60983,162.39134
330.40521,170.23161 327.77303,175.32131 325.89435,188.76751
316.04943,199.27663 315.26354,211.42534 312.13576,217.34985
311.49364,226.64737 308.34543,232.0 305.62202,243.28205
301.49451,259.9057 307.20008,271.0 312.58155,265.21179
308.84742,281.95017 309.28022,287.5 307.21141,301.40332
303.25919,314.23462 296.46132,326.04594 284.04692,338.00864
296.51222,329.48426 301.00001,326.68892 290.45507,334.39413
295.51043,333.02707 297.02253,338.7252 294.52569,351.68863
289.13269,336.70061 290.68155,348.5 294.31599,357.77268
291.12852,362.08766 286.39594,367.72926 298.85839,361.39799
272.65424,381.50097 281.2449,372.0 276.68199,377.46216
266.60926,380.68821 260.44939,387.61798 242.43339,403.88196
233.28005,426.94479 229.05603,450.30305 224.30851,459.16418
223.16972,469.17694 222.0,479.0 232.48666,478.09899
225.49203,460.62208 232.40412,453.85192 235.14426,445.59374
235.2474,439.03955 238.45488,429.11347 243.92746,412.65399
254.97205,397.31179 267.95489,386.27707 278.75713,380.47568
290.34267,373.83478 298.52511,365.11926 303.05684,355.92501
303.32574,347.47461 305.81543,340.5 308.41956,331.00561
311.23053,321.27147 310.41147,312.86485 313.77971,294.67201
316.93995,276.0666 317.2911,257.68183 310.42403,258.13643
306.7738,239.8623 315.23535,236.31445 313.02906,224.05918
321.42893,211.56503 324.72654,199.6699 334.41782,171.85551
345.76269,143.56178 363.51118,119.88102 379.23216,101.23672
404.0558,88.707894 429.41274,89.332097 446.58588,86.111604
457.6471,101.93144 473.25341,105.15349 485.70126,110.71815
492.37757,122.86031 498.21968,134.28209 501.26164,143.50611
504.88055,151.32722 506.93328,160.71211 510.05028,167.02751
513.24538,178.36512 515.57247,187.13601 521.65774,216.40419
528.003,243.38319 532.02947,273.2659 534.95094,298.48938
539.65241,325.84318 554.62123,346.40206 563.65835,349.22774
572.294,353.52369 579.78448,359.0 585.2313,363.27442
604.94706,364.6774 595.00131,373.14286 601.89432,382.37894
615.55303,387.84234 622.41106,398.58355 633.14612,414.21894
638.23316,437.94319 641.14803,458.5 644.52414,465.28039
642.06183,474.99823 647.50131,479.96937 631.16798,479.92517
614.83464,479.88097 598.50131,479.83677 612.84434,469.07263
590.25898,480.51561 589.62341,479.85237 554.58271,479.81077
519.54201,479.76917 484.50131,479.72755 493.86099,477.81163
490.65051,462.47061 494.89895,455.01165 496.48149,445.49399
497.49482,444.42372 500.24067,432.97876 502.04385,409.56528
506.62787,385.57651 501.56171,362.22698 493.05727,374.24009
500.55876,355.51407 496.52648,358.99991 492.30427,366.22013
488.55224,367.89666 488.73983,379.77654 477.44139,392.59552
503.25251,366.39426 493.03245,380.89918 485.48462,393.33768
475.05429,406.0995 460.0605,411.67937 454.16458,408.10618
434.15871,418.10977 445.79969,418.04308 431.14709,424.91785
417.10895,410.73824 403.16101,406.9938 391.12787,399.796
379.01173,392.70474 369.71085,381.99977 364.87196,386.1131
363.0709,379.01661 363.12531,393.0 359.19788,401.14389
364.55639,414.14036 367.16155,423.07602 376.82223,436.49037
388.74025,450.66555 394.02081,467.70583 396.59021,477.47556
404.45953,483.88445 396.05902,478.00004 392.32209,482.58417
391.54638,462.78911 384.99533,459.00004 382.20303,450.41721
373.91682,442.27855 369.92054,437.00004 371.75412,449.89142
361.2768,424.27281 365.07772,446.50004 367.73737,457.53713
371.2851,468.36551 375.24264,479.00004 384.2179,479.31733
374.3444,464.20062 373.83393,456.96575 376.05185,457.42946
382.41009,465.26791 382.74201,471.50004 388.72473,494.24111
387.2536,459.3629 388.45166,472.89436 398.43588,486.46161
373.91651,477.29889 365.06977,479.97155 308.79652,479.97555
252.52322,479.98055 196.25,479.98465 196.25,479.98465
196.25,479.98469 196.25,479.98469 196.25,479.98469
;
584.5,475.0 584.5,475.0 597.36485,476.04712
592.16827,454.03472 580.58179,460.60699 574.5741,463.68153
576.75063,476.17081 584.49999,475.0 584.49999,475.0
584.5,475.0 584.5,475.0 584.5,475.0
;
477.67126,393.0 477.67126,393.0 488.08895,387.45389
477.47624,383.36573 477.67126,393.0 477.67126,393.0
477.67126,393.0 477.67126,393.0 477.67126,393.0
;
387.68931,370.0 387.68931,370.0 389.35701,363.74001
382.52557,351.31138 380.82613,342.76043 378.88519,332.69381
377.74408,327.86581 376.64176,320.40578 371.46601,304.78934
386.45652,322.15296 393.0,323.0 387.1365,313.27504
373.58233,310.54468 368.31067,299.24636 352.37122,279.43869
351.66131,252.74494 350.67641,228.5 347.86829,219.39933
356.97859,210.00698 354.70109,203.63222 358.25137,192.98056
365.32313,185.71842 372.5,177.5 378.11845,175.92931
387.19185,176.11829 397.38389,179.77125 407.83714,183.34533
411.00672,179.60848 415.0,177.90373 406.57938,169.10541
394.24267,165.89931 382.5,164.39199 395.54927,159.81803
400.36062,147.08802 413.34306,141.65361 424.46591,134.33427
435.47358,125.26127 449.14939,123.74862 441.85014,119.50833
433.56406,127.7623 425.63569,128.99791 429.36006,124.75138
442.28737,115.07568 425.80079,124.31189 413.65903,132.89195
400.25384,145.67057 390.0,151.82601 375.8685,162.84149
362.66242,175.70152 354.5,192.1617 336.72532,211.03666
347.33086,237.60658 347.04267,260.32724 348.92687,271.23817
353.76911,284.8027 358.5374,292.99935 360.47348,298.59226
365.99117,304.22814 370.70171,308.83001 371.82816,323.62883
370.9203,340.88015 376.81819,353.78016 378.72276,344.59511
381.47237,355.49879 383.31575,362.16969 384.91433,364.09369
384.52943,370.72796 387.68931,370.0 387.68931,370.0
387.68931,370.0 387.68931,370.0 387.68931,370.0
;
388.19098,172.82341 388.19098,172.82341 371.35989,174.39107
372.00502,165.11839 387.41855,170.00874 394.87269,170.60692
397.16642,171.18722 388.19098,172.82341 388.19098,172.82341
388.19098,172.82341 388.19098,172.82341 388.19098,172.82341
;
490.0,363.0 490.0,363.0 495.46692,362.74605
497.54738,341.67821 491.26064,346.95908 495.20855,353.05938
483.2267,361.13206 490.0,363.0 490.0,363.0
490.0,363.0 490.0,363.0 490.0,363.0
;
478.33962,353.92821 478.33962,353.92821 478.04226,344.56132
479.34722,337.19952 477.86784,326.5 475.83083,315.06151
472.70912,302.05035 482.7567,293.5 486.46472,281.40611
491.20432,278.17795 501.04991,273.87026 508.61837,266.0413
494.18122,255.64275 499.69397,269.79535 497.45997,275.73267
491.47204,261.28593 493.61609,256.84304 495.69426,245.89751
497.34438,246.61687 499.21498,235.40591 504.68346,207.52617
496.1365,180.07693 488.822,153.50076 484.13932,152.2245
492.30287,141.38714 481.49856,142.10363 480.93035,154.21585
485.86301,163.81521 487.15885,176.00076 495.42559,180.49109
492.91247,195.36008 494.11473,204.44507 498.76587,222.33392
494.94186,240.28118 486.98808,256.5229 486.66192,277.8162
477.37785,297.5456 461.99994,312.13401 471.55975,304.86562
474.07057,309.00046 473.42583,323.46006 471.80397,340.50564
475.96216,333.56474 475.02304,346.00076 479.51657,342.87022
473.37017,366.79567 478.33962,353.92821 478.33962,353.92821
478.33962,353.92821 478.33962,353.92821 478.33962,353.92821
;
421.69098,287.96959 421.69098,287.96959 430.09113,285.75166
428.59803,282.79708 437.25046,284.78572 438.14376,292.85195
452.59776,271.39882 436.85437,272.02135 426.51706,268.18617
414.36512,261.69909 402.99309,266.50354 397.39507,263.06104
397.50085,263.5617 388.42873,272.55861 382.234,279.16536
395.72295,288.84768 395.21087,282.79198 413.50063,291.84692
387.49086,274.42897 399.74377,280.58928 406.18028,286.87848
414.03441,285.19706 421.69098,287.96959 421.69098,287.96959
421.69098,287.96959 421.69098,287.96959 421.69098,287.96959
;
404.80902,278.99626 404.80902,278.99626 388.96387,274.88221
402.50374,271.96237 411.16338,276.03696 428.43026,275.12439
421.53147,281.65361 408.5132,276.99982 406.0942,264.87192
408.70023,280.74109 404.80902,278.99626 404.80902,278.99626
404.80902,278.99626 404.80902,278.99626 404.80902,278.99626
;
410.5,272.0 410.5,272.0 399.2072,269.12197
421.80881,266.51733 410.5,272.0 410.5,272.0
410.5,272.0 410.5,272.0 410.5,272.0
;
415.60699,261.0 415.60699,261.0 427.14145,258.78986
412.10504,249.48908 413.95849,256.05626 426.32753,254.25943
405.54761,260.94826 415.60699,261.0 415.60699,261.0
415.60699,261.0 415.60699,261.0 415.60699,261.0
;
317.58871,256.0 317.58871,256.0 327.89259,240.41357
304.21816,246.43775 317.58871,256.0 317.58871,256.0
317.58871,256.0 317.58871,256.0 317.58871,256.0
;
433.81854,247.0 433.81854,247.0 440.19804,246.07903
436.38938,224.96934 433.67823,241.29323 428.04536,232.9404
411.30441,243.67642 429.53516,243.59468 440.85218,243.98399
426.58987,246.38254 433.81854,247.0 433.81854,247.0
433.81854,247.0 433.81854,247.0 433.81854,247.0
;
403.97411,242.71221 403.97411,242.71221 418.99523,246.27977
409.63116,231.10856 402.05756,239.0 401.39244,230.33354
398.65551,228.99032 399.30421,229.5 407.21956,216.47309
383.79612,236.75415 396.42175,241.77329 398.15372,243.54736
401.66113,242.13542 403.97411,242.71221 403.97411,242.71221
403.97411,242.71221 403.97411,242.71221 403.97411,242.71221
;
440.09919,237.4387 440.09919,237.4387 443.73428,222.39429
431.42532,225.32955 440.09919,237.4387 440.09919,237.4387
440.09919,237.4387 440.09919,237.4387 440.09919,237.4387
;
460.69098,215.96086 460.69098,215.96086 473.66151,213.65752
436.17375,210.71042 459.45915,215.94566 459.45915,215.94566
460.69098,215.96076 460.69098,215.96076 460.69098,215.96076
460.69098,215.96086 460.69098,215.96086 460.69098,215.96086
;
460.91667,212.0 460.91667,212.0 466.142,206.57349
487.22094,212.96266 485.0265,202.25741 474.57589,190.34396
452.39445,187.60116 441.0,200.16807 439.45217,212.129
454.00425,202.24258 459.89865,209.28622 458.64837,209.23902
455.34335,213.15116 460.91667,212.0 460.91667,212.0
460.91667,212.0 460.91667,212.0 460.91667,212.0
;
460.25,205.96959 460.25,205.96959 447.62551,202.70815
473.52356,199.386 459.11803,198.00001 444.89379,200.75386
467.0223,190.66138 472.10901,200.18658 486.07446,205.33663
455.62419,206.84125 469.0,205.0 464.20394,191.20742
467.01174,204.0502 460.25,205.96959 460.25,205.96959
460.25,205.96959 460.25,205.96959 460.25,205.96959
;
444.92676,203.0 444.92676,203.0 437.82832,198.79191
458.53998,193.80355 444.92676,203.0 444.92676,203.0
444.92676,203.0 444.92676,203.0 444.92676,203.0
;
390.0,203.46492 390.0,203.46492 407.21512,209.00217
404.78973,190.74979 391.35414,188.0814 383.88665,185.51699
368.17249,186.50689 370.28559,191.99915 358.12979,193.70574
360.11107,204.65385 373.90966,202.89234 379.10817,204.4833
384.65173,203.25009 390.0,203.46492 390.0,203.46492
390.0,203.46492 390.0,203.46492 390.0,203.46492
;
385.5,200.71909 385.5,200.71909 378.60731,202.3886
359.84033,194.75678 376.5,193.01115 370.30381,193.6874
380.76524,204.16451 383.10157,194.7612 371.9079,191.17979
402.89855,195.07105 389.5,200.65254 388.16741,200.67394
386.83249,200.69774 385.5,200.71914 385.5,200.71914
385.5,200.71909 385.5,200.71909 385.5,200.71909
;
488.19098,190.94261 488.19098,190.94261 488.91061,186.50806
486.00096,178.43742 476.85785,173.74838 465.91973,166.79669
451.09729,171.41233 439.0,174.13479 440.979,181.04994
457.34165,173.568 443.20677,181.80702 451.63654,186.07047
469.87098,180.80362 470.0,182.83689 475.68529,187.65995
482.0948,186.99294 488.19098,190.94261 488.19098,190.94261
488.19098,190.94261 488.19098,190.94261 488.19098,190.94261
;
485.30902,184.93605 485.30902,184.93605 476.85176,180.73008
467.57138,176.60074 457.6745,178.49996 462.61811,175.32295
469.95102,176.68911 475.15913,177.31982 476.2481,181.17684
487.09046,181.33678 485.30902,184.93605 485.30902,184.93605
485.30902,184.93605 485.30902,184.93605 485.30902,184.93605
;
483.04264,138.0 483.04264,138.0 483.73873,132.77201
475.7547,120.04085 477.76674,133.0 482.23943,131.2862
479.71176,138.2943 483.04264,138.0 483.04264,138.0
483.04264,138.0 483.04264,138.0 483.04264,138.0
;
468.25,132.89441 468.25,132.89441 471.67612,126.66955
456.65537,125.38402 467.5,132.78882 467.5,132.78882
468.25,132.89441 468.25,132.89441 468.25,132.89441
;
443.85458,480.0 443.85458,480.0 430.61465,480.0
417.37471,480.0 404.13478,480.0 401.80531,471.54433
399.93777,471.40273 396.08689,461.24092 388.65605,446.014
397.95587,450.92689 402.5221,462.3398 407.69805,469.65514
399.49379,442.33726 395.30791,446.09206 392.35786,439.46487
385.74049,442.47818 381.75351,430.59651 380.91794,417.93034
378.76144,410.67651 388.89556,420.78545 395.08458,430.96271
387.55527,410.61202 383.02291,413.10388 385.66927,404.36371
374.73106,410.84449 377.0,418.44098 376.88429,432.77963
367.74685,411.09231 368.14564,406.00003 373.92196,419.51848
378.04996,410.38921 368.9012,403.75003 368.13249,394.00708
369.63802,390.36946 374.55918,391.50003 373.81935,397.12396
371.49331,404.05709 376.00008,405.73141 378.0885,402.99618
375.26309,386.95136 382.58689,405.00003 392.91498,423.30125
385.35387,397.84932 383.34659,398.81926 399.31129,409.52488
417.27418,418.61706 435.45177,424.03365 451.29588,423.08858
465.18973,413.10844 478.50008,405.06613 481.87506,410.67421
484.61956,399.23542 478.96467,416.24341 475.79375,424.10715
473.34834,431.83362 471.34292,441.50003 469.91836,446.44305
475.38603,445.4575 474.73611,443.13903 471.84047,434.05934
483.15754,427.50514 483.62146,417.85364 486.78394,407.88465
491.25811,398.35849 494.76202,391.75208 495.82112,375.70222
501.51198,387.78803 499.03468,398.46375 496.47532,408.31925
489.83494,402.51921 489.00008,414.42863 494.9143,413.59228
497.23312,400.98043 494.6334,419.38385 495.79044,428.4836
487.51705,439.02372 489.87227,446.00006 492.91034,440.76103
485.90103,460.00314 486.29222,466.57834 487.09683,481.13043
478.07505,481.57833 465.94075,480.00006 458.5787,480.00002
451.2166,480.00014 443.85458,480.0 443.85458,480.0
443.85458,480.0 443.85458,480.0 443.85458,480.0
;
479.5,479.0 479.5,479.0 480.43774,476.13208
488.88834,454.743 484.0,458.8698 482.82831,464.45757
474.72402,475.52559 479.5,479.0 479.5,479.0
479.5,479.0 479.5,479.0 479.5,479.0
;
460.47229,476.75 460.47229,476.75 471.61771,470.93642
452.79631,472.86784 460.47232,476.75 460.47232,476.75
460.47229,476.75 460.47229,476.75 460.47229,476.75
;
395.5,444.0 395.5,444.0 400.15729,439.8108
384.21669,422.44601 392.89039,438.7453 395.44224,439.73408
392.08014,445.17587 395.5,444.0 395.5,444.0
395.5,444.0 395.5,444.0 395.5,444.0
;
514.90658,160.0 514.90658,160.0 504.48437,149.86322
519.7096,152.15736 514.90658,160.0 514.90658,160.0
514.90658,160.0 514.90658,160.0 514.90658,160.0
;
