107.5,480.0 107.5,480.0 71.666667,480.0
35.833333,480.0 0.0,480.0 0.0,320.0
0.0,160.0 0.0,0.0 284.66667,0.0
569.33333,0.0 854.0,0.0 854.0,160.0
854.0,320.0 854.0,480.0 774.12939,480.0
694.25878,480.0 614.38817,480.0 609.55866,451.9416
612.74392,423.15803 604.98255,395.58188 605.66983,376.0739
595.00696,358.75167 580.72914,346.07098 568.72998,342.35413
573.75753,330.24398 564.72972,326.78863 551.64354,317.61419
528.47874,316.41145 526.39136,296.62494 514.53134,275.421
520.37969,249.29201 515.97636,226.0 521.9762,232.42389
516.68793,221.93689 518.07762,213.12457 519.53673,208.98543
513.74712,206.72868 515.52599,195.0424 516.06522,184.42341
512.12642,174.55169 507.99029,164.72124 507.2325,156.44369
502.8623,163.05261 501.2582,146.95849 507.34933,154.45354
502.6519,142.35 497.99008,135.60301 492.93749,121.34785
502.31568,144.05638 501.75791,137.77369 507.10212,139.8677
494.17146,119.32113 494.0367,113.97734 489.72451,101.32816
490.86768,117.71658 490.14834,113.5 483.18071,106.12598
487.6775,102.49942 480.44084,95.790259 470.51692,82.104962
475.98692,89.923689 465.74177,84.705701 481.61063,79.851952
446.05427,82.483733 451.45522,77.94305 472.6676,76.462071
443.93899,78.315826 450.00003,74.125741 433.57397,73.044455
446.04248,75.548267 432.50003,72.399754 410.82566,69.608795
439.17938,69.87397 431.68861,69.054502 412.30412,63.518843
432.76339,69.870406 413.85728,70.756501 402.42616,73.084336
393.55889,72.260354 386.75,77.0 381.56277,76.895712
373.59895,85.677684 364.07472,92.180005 359.03704,95.811552
353.34603,103.22405 347.76519,110.61601 341.19583,121.25588
334.13339,137.28839 324.41736,148.43526 319.46561,153.5736
315.5362,176.27039 319.66229,167.75 323.72791,168.84787
323.19101,151.70598 329.27093,146.93758 329.34273,152.28975
319.85634,179.86649 321.0339,173.66357 318.81142,178.45772
315.78569,167.88295 315.19936,178.5 317.1037,171.69162
319.07572,188.38631 314.91943,186.16035 315.25376,176.56568
309.66719,200.25938 309.51853,204.66241 305.85865,218.47568
306.2257,233.54857 301.81533,247.5 299.62553,259.20425
307.45643,268.87114 306.96904,279.69938 306.14056,291.72231
300.8998,294.70859 304.0,296.16357 299.44931,308.45704
309.04078,289.63004 306.07696,299.71419 301.27712,309.73901
298.4452,310.90439 297.30464,319.36268 297.66862,325.61763
278.86272,338.04551 284.8,335.8 293.3275,331.49645
279.62648,348.47418 284.4003,339.12937 286.54077,335.60871
276.40071,348.49767 269.60147,351.22714 236.70597,370.05911
224.48428,410.00772 220.13123,445.5 218.08544,456.96439
213.94645,468.20661 215.0,480.0 179.16667,480.0
143.33333,480.0 107.5,480.0 107.5,480.0
107.5,480.0 107.5,480.0 107.5,480.0
;
271.96604,347.52092 271.96604,347.52092 276.93782,346.72756
284.15875,331.87 273.29467,344.37796 272.93781,345.43466
266.9155,348.94345 271.96604,347.52092 271.96604,347.52092
271.96604,347.52092 271.96604,347.52092 271.96604,347.52092
;
286.72657,479.97977 286.72657,479.97977 263.74654,479.99937
240.76651,480.01887 217.78648,480.03847 219.44845,455.50913
225.3407,431.45606 230.85608,407.49999 239.40549,384.20764
253.30054,361.97871 276.06632,350.50258 284.03271,344.54514
295.66207,339.49609 298.86759,331.54204 306.18191,326.50156
308.74765,314.40956 307.62839,307.40225 312.30307,289.47362
311.15607,270.66059 314.83247,252.49999 313.08993,253.74132
315.35269,235.06053 316.68919,242.87581 316.47326,229.50779
313.31691,240.25543 311.20385,245.2857 305.24198,251.6193
309.68563,227.58864 310.37012,220.71745 314.00912,195.94828
327.53729,174.19515 333.16477,149.80153 343.27601,112.51884
372.93859,77.234471 413.50068,74.011574 426.72726,72.041975
438.71809,77.318507 450.00068,82.975708 469.08215,87.397143
481.01531,105.30093 488.07768,121.79617 493.1437,131.71131
496.51013,143.22509 498.00068,152.1097 503.55124,158.24642
502.20569,176.72897 504.60625,173.38754 506.52006,198.9943
515.28213,224.7517 513.50071,250.99256 516.86163,258.36816
513.6563,272.23634 517.14848,281.86999 519.83653,294.08787
523.72944,310.2823 535.03238,316.3569 544.12374,321.56168
553.63018,324.84547 563.25502,329.32314 568.48513,334.70789
568.27343,344.79189 578.83104,348.35878 593.22463,361.11794
602.7547,378.94148 601.92867,398.50718 608.13045,419.75364
607.85724,441.46098 608.08198,463.50056 615.11782,478.11343
608.22361,483.14546 593.48916,480.00056 574.21012,480.00056
554.93108,480.00056 535.65204,480.00056 549.44795,465.14845
564.68947,451.7079 575.98314,434.81301 588.20376,427.37207
585.56959,418.28801 574.28291,429.78656 562.78766,447.04158
546.02059,459.54406 532.96137,475.45573 533.10449,482.4975
515.26252,479.32249 506.53138,480.0 497.80847,478.05315
477.6851,486.22847 483.50364,470.61178 486.67012,441.41416
491.76024,412.07658 495.31809,383.21782 493.20512,365.25949
494.86023,346.81168 488.36936,329.5 480.22003,344.66409
487.1824,334.14552 482.42318,319.86244 475.89178,308.15933
477.58926,316.72017 479.25716,327.43472 478.74187,339.05162
480.06308,354.77421 483.56855,342.43536 481.60874,354.98856
476.97155,348.69798 478.36659,356.28192 475.16894,364.13297
463.40347,374.88823 458.6285,374.69318 466.80836,364.81124
445.51833,380.95586 440.00097,379.49987 424.19796,388.68225
407.04502,376.99636 392.25248,370.6367 379.73661,371.04176
382.12828,355.91258 376.922,353.74509 382.98279,368.96327
375.26748,357.49226 369.26691,354.7662 366.43921,345.34445
364.42897,344.62868 364.50887,357.419 362.87779,375.07996
365.8767,394.47172 381.42066,405.35073 387.63641,410.47099
399.38315,423.94316 395.45304,425.58596 398.83302,432.64446
400.9623,455.91534 395.66506,437.42901 393.59597,427.6677
387.65385,427.89051 384.01383,419.32156 380.20446,413.60819
370.36376,399.16634 366.34594,401.98718 370.57836,428.84558
384.57582,453.34815 390.75453,480.0 377.09164,478.65773
360.45516,484.84186 351.20894,471.47187 343.82193,465.82714
336.55155,459.08802 328.94641,458.09485 339.40884,457.44024
317.62358,454.20049 332.96367,463.85401 341.15531,470.77409
345.06151,473.2223 352.13376,479.0 363.00045,477.30818
338.3696,481.91345 332.1546,479.94107 317.01193,479.95397
301.86921,479.96687 286.72657,479.97977 286.72657,479.97977
286.72657,479.97977 286.72657,479.97977 286.72657,479.97977
;
570.13193,425.0 570.13193,425.0 582.25665,424.60401
571.79148,405.05305 564.37598,415.96972 562.63325,419.69505
565.23901,426.04848 570.13193,425.0 570.13193,425.0
570.13193,425.0 570.13193,425.0 570.13193,425.0
;
471.97218,355.42814 471.97218,355.42814 481.4969,338.96275
462.6288,363.77516 471.36446,356.23132 471.36446,356.23132
471.97218,355.42814 471.97218,355.42814 471.97218,355.42814
;
379.72943,351.0 379.72943,351.0 377.01409,339.49092
375.14927,328.98245 376.77126,348.01945 378.07213,348.34257
378.1134,351.34798 379.72943,351.0 379.72943,351.0
379.72943,351.0 379.72943,351.0 379.72943,351.0
;
385.82697,340.01908 385.82697,340.01908 382.78821,330.63229
380.41477,319.83582 377.19574,310.0 379.08862,308.42831
369.51624,288.83354 374.39382,287.91188 380.27184,286.96277
384.87543,289.38367 373.32708,279.44939 355.53307,261.70827
351.0018,235.06356 353.53849,211.09363 350.63936,211.02883
359.8965,192.85734 359.56222,192.25 360.15787,192.71925
372.5571,184.64238 381.49991,189.40164 373.94938,194.92592
386.52308,188.22782 393.83586,188.53112 411.27962,192.2998
397.11698,173.48736 387.58733,175.16095 374.37023,173.58229
368.74385,178.52984 377.72878,177.80499 363.62464,178.45912
368.84365,183.30765 361.87591,185.55194 350.12895,204.35931
358.28831,175.90924 363.18657,180.05451 370.01999,175.3367
368.64242,168.1435 379.8166,165.00978 388.01946,161.48686
405.81606,175.33793 406.9999,163.94649 416.05832,174.62874
411.30094,159.70602 400.91053,158.48804 396.49239,151.44122
376.42197,158.00975 383.08157,153.20824 393.35128,150.07052
393.91648,141.96326 402.32502,136.42859 409.50162,128.52478
418.5169,122.80107 426.5,115.81383 411.77333,122.17818
436.11172,105.87398 433.73162,108.39829 423.87316,112.66764
433.98555,101.0575 418.78534,114.21982 392.32096,140.16814
361.71877,164.4691 347.15714,199.46167 344.59133,215.07049
351.79371,230.95906 350.88775,246.92174 355.75619,259.49604
360.7155,272.4705 371.0,281.8227 370.55378,295.9094
370.9374,310.54973 378.03403,323.13736 375.14431,326.69862
384.15965,340.84555 385.82697,340.01908 385.82697,340.01908
385.82697,340.01908 385.82697,340.01908 385.82697,340.01908
;
385.0,187.37487 385.0,187.37487 382.13275,187.78
389.71799,178.57226 381.35888,183.25 371.85191,177.64827
383.08423,192.29623 372.63011,185.91347 363.53319,181.75073
385.5013,178.33784 390.5,180.35046 396.82674,185.44022
389.50557,186.57403 385.0,187.37487 385.0,187.37487
385.0,187.37487 385.0,187.37487 385.0,187.37487
;
405.5,164.84851 405.5,164.84851 395.56557,162.74674
389.44922,158.55123 380.99153,162.0 365.00212,161.18983
385.89372,154.23031 392.37165,159.57633 396.19119,161.06744
405.58742,162.78735 405.5,164.84851 405.5,164.84851
405.5,164.84851 405.5,164.84851 405.5,164.84851
;
474.73263,319.68021 474.73263,319.68021 472.42339,309.1988
464.50221,299.13946 466.14442,286.83264 475.03951,275.84273
484.91885,263.51907 487.22424,248.5 497.79814,240.10074
495.89952,233.88791 489.96054,239.96054 485.49939,229.08188
495.00162,215.3004 492.99981,203.03189 493.509,180.16109
487.06995,157.48975 477.85235,136.79071 481.93737,138.53345
472.38761,125.0233 472.16497,118.84491 468.83998,110.57929
462.06047,104.85441 469.22424,117.99117 467.52073,127.87885
473.02472,120.11297 472.45818,135.64571 477.03342,142.67622
477.56082,159.67083 481.7744,157.49953 484.68372,173.32824
489.37778,188.92753 489.75256,205.07922 486.5058,223.0589
485.36568,241.70204 480.29853,259.17323 476.26303,270.57876
469.12241,277.08881 460.61933,286.14624 467.77667,293.29557
459.74104,310.03765 463.91472,317.99953 465.2584,308.68765
468.99098,301.45907 472.27255,316.99953 475.68982,315.61421
472.96135,329.18 474.73263,319.68021 474.73263,319.68021
474.73263,319.68021 474.73263,319.68021 474.73263,319.68021
;
440.5,298.98535 440.5,298.98535 446.13789,299.12204
465.00384,282.07598 455.1076,287.31355 451.49732,291.80088
441.98461,296.68001 440.5,298.98535 440.5,298.98535
440.5,298.98535 440.5,298.98535 440.5,298.98535
;
399.5,297.89691 399.5,297.89691 399.01455,297.576
378.84026,278.16691 388.41713,291.28537 392.12233,293.06205
395.55127,297.0903 399.5,297.89691 399.5,297.89691
399.5,297.89691 399.5,297.89691 399.5,297.89691
;
432.9096,264.0 432.9096,264.0 435.2784,263.9426
430.56272,258.98536 441.42406,258.33729 447.15909,259.26711
456.15177,259.11681 450.64104,248.92377 437.66743,242.54089
444.96587,248.04283 436.20472,247.68527 427.61631,243.72563
416.06774,245.52028 406.5,243.1406 417.82653,242.81294
389.61728,253.03132 400.39282,244.9971 397.16713,244.9717
383.57242,250.79774 390.23285,260.50006 392.73048,259.28734
396.66287,261.18316 404.55621,260.76255 411.92244,265.72587
425.49133,258.84398 429.93723,264.00006 429.93723,264.00006
431.89657,264.00006 431.89657,264.00006 431.89657,264.00006
432.9096,264.00006 432.9096,264.00006 432.9096,264.00006
432.9096,264.0 432.9096,264.0 432.9096,264.0
;
425.09928,255.0 425.09928,255.0 414.16249,244.53229
435.31427,253.04671 433.84211,248.5 433.06703,257.49439
428.52997,247.52504 425.09928,255.0 425.09928,255.0
425.09928,255.0 425.09928,255.0 425.09928,255.0
;
417.06642,254.0 417.06642,254.0 409.24419,255.63902
413.82272,240.87281 417.81642,251.35086 416.86597,251.61214
419.5454,255.09554 417.06642,254.0 417.06642,254.0
417.06642,254.0 417.06642,254.0 417.06642,254.0
;
410.5,225.83486 410.5,225.83486 423.24195,218.94981
395.45728,226.40606 403.56998,213.38336 396.72546,213.71088
400.51515,228.83826 410.5,225.83486 410.5,225.83486
410.5,225.83486 410.5,225.83486 410.5,225.83486
;
431.00301,224.72852 431.00301,224.72852 444.09657,224.31245
437.70427,205.64405 435.22574,223.17426 427.73526,216.62435
418.57437,226.90092 431.00301,224.72852 431.00301,224.72852
431.00301,224.72852 431.00301,224.72852 431.00301,224.72852
;
394.96862,224.0 394.96862,224.0 393.7356,217.82541
411.88018,205.52267 399.2609,209.64951 395.93756,211.7943
390.00701,221.77987 394.96862,224.0 394.96862,224.0
394.96862,224.0 394.96862,224.0 394.96862,224.0
;
443.88337,220.0 443.88337,220.0 452.02831,213.1391
429.21217,202.17625 440.79375,213.37502 443.3944,214.71471
442.26585,219.50496 443.88337,220.0 443.88337,220.0
443.88337,220.0 443.88337,220.0 443.88337,220.0
;
450.25,195.95996 450.25,195.95996 453.30946,191.92284
434.25383,191.6717 450.25,195.95996 450.25,195.95996
450.25,195.95996 450.25,195.95996 450.25,195.95996
;
459.0,189.89206 459.0,189.89206 466.86663,190.65585
488.77159,185.80823 472.83958,178.49683 462.12634,171.73917
439.23196,173.57197 439.0,189.2271 446.04023,186.86262
452.00148,189.7849 459.0,189.89206 459.0,189.89206
459.0,189.89206 459.0,189.89206 459.0,189.89206
;
455.1849,187.92105 455.1849,187.92105 453.76232,179.39955
441.95041,186.28389 453.5,178.90434 462.76695,177.54125
480.70357,184.80286 462.5489,186.88462 477.45827,178.84264
445.426,181.84498 459.5,184.23688 464.83525,183.90424
457.04348,188.63569 455.1849,187.92105 455.1849,187.92105
455.1849,187.92105 455.1849,187.92105 455.1849,187.92105
;
480.45,169.92971 480.45,169.92971 480.27918,165.93926
463.82329,159.1216 456.38468,162.66111 449.99623,158.07833
439.04165,165.02796 439.72197,165.55316 437.2663,170.31365
457.72902,164.6911 464.6038,166.31232 469.4187,167.61223
474.81445,168.65874 480.45,169.92971 480.45,169.92971
480.45,169.92971 480.45,169.92971 480.45,169.92971
;
479.12244,166.0 479.12244,166.0 478.64907,159.59844
464.69754,152.59024 456.28694,155.03781 451.05846,155.32441
431.14054,159.24002 437.5448,162.48817 446.13743,160.58433
459.12546,158.39378 461.78138,158.83724 468.15891,157.98287
471.3211,160.76618 479.12244,166.0 479.12244,166.0
479.12244,166.0 479.12244,166.0 479.12244,166.0
;
407.46067,479.76744 407.46067,479.76744 401.44735,475.32127
408.46305,459.3044 403.14737,450.26808 400.43544,434.40298
408.32697,461.45484 408.55083,466.94404 406.76426,465.64277
404.55362,481.83972 410.79045,473.016 409.14686,472.48179
411.529,482.62271 407.46067,479.76744 407.46067,479.76744
407.46067,479.76744 407.46067,479.76744 407.46067,479.76744
;
446.63837,480.0 446.63837,480.0 436.11696,477.93963
419.90164,484.16298 413.0,476.83643 413.13226,468.41299
417.02978,456.85204 415.34741,458.42466 411.54654,453.13324
412.17852,440.99785 404.62644,432.53257 400.34318,422.19347
397.85595,418.24063 391.0,408.40456 384.35096,407.21226
378.10816,382.24771 384.92913,393.5 379.79461,393.5234
391.51336,397.09033 393.12202,404.95991 398.24359,400.33539
383.08057,392.21215 382.9455,384.51162 378.74755,368.47755
388.16781,388.72247 395.49996,390.91153 410.93014,402.24151
390.84317,387.23099 390.13372,380.7993 384.79468,374.81382
382.25,369.3317 379.07026,371.90554 378.60079,368.24866
384.5479,367.75893 395.69672,375.34483 410.61052,380.82124
426.17778,389.98227 442.49999,387.2313 453.61897,381.81532
465.27682,376.60752 473.99999,367.60767 470.4231,386.33272
476.78748,364.02556 476.46827,371.91805 472.54416,381.27025
474.8654,378.66438 471.93466,392.5 470.42402,398.28867
460.12577,426.72701 466.60947,415.1621 471.8605,400.81305
472.85138,400.83056 468.86407,415.87642 467.69645,432.6079
476.6551,406.61818 475.86063,403.0285 470.25199,407.92219
477.60833,386.63276 477.98407,381.5 476.95393,382.8536
484.21392,388.24549 479.48576,375.4789 482.95312,366.04326
482.6263,354.82554 487.12677,347.5 489.73294,358.70396
489.97863,360.59373 488.95394,373.48661 485.54617,384.18666
491.54806,391.03058 489.90081,400.32639 488.64586,419.27131
484.18683,410.77777 487.54875,396.77788 485.2205,379.13466
483.54593,408.25463 481.11292,414.0 474.32057,429.88743
482.29664,425.58959 484.0,412.99496 488.73539,404.51457
481.07456,440.75832 486.0652,421.61913 487.31499,417.69733
485.20636,441.73665 482.10416,446.7994 480.49911,454.08866
480.70104,472.32128 478.42899,453.6749 473.55637,444.96718
482.17494,434.66709 476.99998,426.66746 475.83156,438.54339
474.16682,450.08097 477.35288,461.97818 471.87218,465.31066
463.91848,486.09016 472.54901,471.9822 480.62736,453.5876
485.40577,479.84618 475.14407,480.00079 465.64245,480.00026
456.13864,480.00179 446.63837,480.0 446.63837,480.0
446.63837,480.0 446.63837,480.0 446.63837,480.0
;
407.83361,422.62545 407.83361,422.62545 406.21451,416.97206
398.25023,401.75497 403.56278,416.62137 402.96516,418.25037
408.24163,427.24142 407.83361,422.62545 407.83361,422.62545
407.83361,422.62545 407.83361,422.62545 407.83361,422.62545
;
400.69098,417.96105 400.69098,417.96105 402.75101,411.64115
384.68214,401.62247 397.23863,414.382 398.45648,415.43216
399.3672,417.12579 400.69098,417.96105 400.69098,417.96105
400.69098,417.96105 400.69098,417.96105 400.69098,417.96105
;
402.74499,466.59913 402.74499,466.59913 401.71588,486.98525
398.55173,451.20981 402.99809,461.65504 402.91369,463.30307
402.82936,464.9511 402.74499,466.59913 402.74499,466.59913
402.74499,466.59913 402.74499,466.59913 402.74499,466.59913
;
391.58464,471.49773 391.58464,471.49773 387.61,466.24648
394.57607,454.55788 391.83444,470.5 391.83444,470.5
391.58464,471.49773 391.58464,471.49773 391.58464,471.49773
;
398.62244,469.0 398.62244,469.0 394.38266,457.7214
401.32172,450.7093 399.0,469.0 399.0,469.0
398.62244,469.0 398.62244,469.0 398.62244,469.0
;
554.85605,457.5 554.85605,457.5 539.54706,472.94842
559.12916,451.6672 563.82744,446.05407 575.97124,430.01822
562.82104,451.35841 556.43793,455.96249 556.43793,455.96249
555.0329,457.32811 555.0329,457.32811 555.0329,457.32811
554.85605,457.5 554.85605,457.5 554.85605,457.5
;
389.228,461.35909 389.228,461.35909 382.76316,448.66736
377.50801,430.6113 372.03654,415.63654 377.43215,424.78731
385.37116,426.8677 385.4791,439.19736 386.25969,447.03125
392.06217,450.35891 389.228,461.35909 389.228,461.35909
389.228,461.35909 389.228,461.35909 389.228,461.35909
;
394.15499,458.78346 394.15499,458.78346 391.93858,453.78182
387.25211,435.83978 393.72252,444.83093 394.97137,449.05232
395.99224,454.77348 394.15499,458.78346 394.15499,458.78346
394.15499,458.78346 394.15499,458.78346 394.15499,458.78346
;
378.81485,396.84711 378.81485,396.84711 374.97019,396.45133
366.33014,377.98134 371.0,379.11803 365.23752,359.24908
374.71531,387.82695 377.0377,381.54381 369.618,373.19193
381.15448,381.26795 375.9694,368.5 374.41167,384.0044
368.84456,363.40258 372.19654,359.62147 376.94228,367.51966
369.23695,369.15857 376.50427,367.66175 381.02726,377.18217
377.32708,389.58379 378.9542,395.78294 378.9542,395.78294
379.12971,396.11088 379.12971,396.11088 379.12971,396.11088
378.81485,396.84711 378.81485,396.84711 378.81485,396.84711
;
436.5,384.93395 436.5,384.93395 424.1163,384.72534
463.62649,375.56908 443.73454,383.37148 441.44194,384.93531
439.20488,385.17813 436.5,384.93395 436.5,384.93395
436.5,384.93395 436.5,384.93395 436.5,384.93395
;
308.80573,268.91502 308.80573,268.91502 304.71589,272.83876
300.64432,250.03787 303.73221,247.39888 305.50667,256.90402
304.88821,267.70053 306.85714,264.0 311.70199,259.08673
309.95549,251.85049 308.80573,268.91502 308.80573,268.91502
308.80573,268.91502 308.80573,268.91502 308.80573,268.91502
;
514.83333,216.0 514.83333,216.0 512.92354,210.33414
511.02571,197.40026 512.0,188.66667 513.98506,197.28113
513.90229,207.24923 516.0,216.0 516.0,216.0
514.83333,216.0 514.83333,216.0 514.83333,216.0
;
511.66436,185.24377 511.66436,185.24377 505.86167,184.69184
511.91768,168.96309 513.96987,185.09942 513.13347,184.94058
511.5719,182.57132 511.66436,185.24377 511.66436,185.24377
511.66436,185.24377 511.66436,185.24377 511.66436,185.24377
;
492.61803,123.0 492.61803,123.0 488.13665,115.77063
489.96369,119.21863 492.86522,116.0 496.14209,120.17087
491.45418,121.04886 492.61803,123.0 492.61803,123.0
492.61803,123.0 492.61803,123.0 492.61803,123.0
;
