185.75,479.86382 185.75,479.86382 123.83333,479.90921
61.916667,479.95461 0.0,480.0 0.0,320.0
0.0,160.0 0.0,0.0 284.66667,0.0
569.33333,0.0 854.0,0.0 854.0,160.0
854.0,320.0 854.0,480.0 774.83333,479.9898
695.66667,479.9796 616.5,479.9694 622.69359,471.88451
617.02183,457.47668 618.44697,446.85072 619.04359,436.24682
611.49605,427.55414 609.93539,417.00003 605.27693,411.94627
600.70822,402.80562 595.74655,396.66404 586.60968,389.29824
584.549,379.77067 580.31473,370.28969 571.55786,361.73905
563.30081,357.22939 552.0,353.63014 548.62657,347.12818
535.09892,352.31118 535.83313,343.10566 526.60768,334.70986
530.44698,322.23903 525.99999,312.10494 524.5724,302.86955
523.53,296.75598 524.40978,287.45426 523.56448,279.04592
527.16232,266.90907 527.1715,256.62233 527.281,244.50079
527.3905,232.37924 527.49999,220.2577 532.43845,216.59947
526.79516,207.1765 525.0,206.5 532.03335,210.82939
524.35887,190.89347 523.10396,184.58322 523.94708,171.97407
514.97156,171.90023 513.9046,158.56002 513.66762,149.28832
521.77183,151.16602 513.16956,139.5 506.65385,127.54503
500.54518,114.94198 494.88659,103.0 492.6298,114.01212
492.14016,95.710784 484.29298,91.319346 482.18044,83.59583
458.79089,77.799181 469.85484,75.0 481.58225,86.984228
467.68264,66.386049 458.54291,72.491255 439.35404,75.456171
465.66234,62.259779 448.38586,66.165177 441.34768,64.666968
430.55807,65.329205 428.03138,62.0 428.74819,58.76419
406.94005,54.854373 418.66667,64.0 408.08362,62.343709
412.05048,57.782517 399.5463,60.506645 390.57419,61.350514
381.70603,65.916563 373.5,67.0 367.60572,74.324998
370.82908,65.559187 360.29858,73.830678 349.44414,79.375663
341.79081,89.485722 333.41831,96.74236 330.36793,107.1942
316.55956,111.91207 318.0,124.0 312.67645,129.65494
308.60142,141.2577 306.0,149.76156 302.21889,158.84855
298.33169,167.95803 294.06906,177.21186 289.17587,186.16106
286.60447,198.74534 294.03656,183.30935 297.41942,186.3738
286.02131,199.58449 283.81414,206.88486 281.8811,216.59635
279.08995,226.10758 275.36034,234.69195 275.11402,239.04378
273.26678,250.08059 271.05303,259.24365 269.34498,270.6221
265.38188,286.10322 276.15153,294.03428 272.58352,303.46055
281.53219,293.52022 279.60762,303.80345 278.34715,305.49702
279.54432,315.51747 276.83491,325.20603 272.2505,330.92242
259.69166,342.46288 264.99991,340.78727 249.58275,349.31542
239.43383,367.62041 223.19968,376.03531 207.89041,383.84804
196.29026,398.13229 188.08799,412.0 180.59563,424.75105
172.03232,439.61219 168.12878,455.08202 165.79,461.92675
158.52139,475.18127 160.84118,479.0 168.36602,476.98713
168.93461,461.76348 173.27904,453.99933 180.90276,432.75984
191.98747,413.04796 205.8787,395.40627 214.26617,384.9312
227.54257,380.11049 237.99991,371.80297 244.11226,366.30827
261.03665,362.97922 257.90279,354.17806 263.54015,353.12926
269.5799,341.64516 275.10932,335.27284 282.53223,328.6445
284.97241,318.0838 285.00912,307.0 288.03125,297.6111
286.0116,285.95938 284.25069,280.34501 285.15505,275.2274
276.30439,271.93599 278.27833,263.1747 277.25928,251.35103
280.62514,245.27544 283.99997,237.875 277.5056,243.66016
283.84798,229.30874 285.99997,223.5 291.32805,211.03089
299.37748,197.36875 300.24725,182.57691 307.27614,161.30614
315.37565,140.47344 326.00032,120.5 329.18836,110.37219
336.79497,103.10598 343.18217,95.301431 350.64484,88.893363
353.89127,85.34268 362.27357,81.018595 382.56547,68.90623
408.29378,63.171178 431.04427,70.481477 441.48339,77.622506
456.4101,76.223912 465.02165,86.040509 472.57406,91.803847
477.77833,96.989906 483.74933,105.75478 492.88538,119.84237
499.31038,135.37328 504.62774,151.47251 507.55253,159.78736
510.01573,168.70295 512.80849,177.4593 512.00778,187.95505
516.32883,196.31679 518.23784,206.77021 519.09953,214.72856
521.20981,226.65204 520.31717,237.45768 521.06616,253.11672
520.19379,269.77614 516.99997,283.9593 521.8142,301.37191
516.58058,323.91332 526.66459,341.30768 528.12722,351.62254
538.78719,354.34763 544.79915,355.0 551.27007,363.3766
564.55891,363.30404 570.31013,369.0 581.71147,371.47104
575.14574,385.38516 583.45339,390.70387 597.72796,405.71753
609.15392,424.1532 612.67325,444.36294 613.75749,455.85209
614.4461,467.33946 612.80806,478.81639 617.15321,480.94322
591.13993,479.24746 583.19189,479.82639 550.18165,479.88429
517.17142,479.94213 484.16118,480.0 486.65774,459.23117
486.03039,489.30039 493.22761,475.54171 493.7444,456.05775
502.72351,438.58846 499.44316,418.84182 499.32301,399.5423
497.15091,381.00392 489.77318,363.25 481.99992,361.08548
482.92947,348.55081 477.90639,341.0 470.62989,342.14802
486.54903,361.75812 478.85264,360.7098 478.45552,358.34541
471.85914,340.54037 473.40938,355.75 473.17254,368.21306
485.52204,363.06521 479.99997,378.0 476.85444,365.36592
479.6953,375.82468 474.24997,383.0 471.31962,388.91961
461.53053,409.61293 471.57411,396.76033 476.79519,386.71173
484.71455,381.86519 479.25558,396.5 474.89312,405.8404
470.55201,411.79625 460.73657,416.80682 460.57251,412.99239
451.45622,417.3411 441.08178,421.0 429.24618,424.76521
416.23327,429.27011 404.55436,421.61841 393.7058,418.71091
385.43168,413.84783 375.99954,408.99525 370.35011,403.74284
358.87182,398.93928 355.12986,396.28601 354.48145,379.26111
349.31769,390.38747 352.56692,400.95877 350.77042,409.94801
359.77826,422.08342 349.99379,427.14828 348.12068,422.31181
355.48928,407.35491 346.87773,411.63892 349.28054,431.25867
343.11342,411.30869 346.36767,403.58512 349.18582,394.40591
340.97095,372.88596 339.47668,391.99968 339.6508,402.27727
340.2286,415.19876 345.49423,422.63617 346.87185,429.91923
350.64715,441.47145 353.14797,450.4734 356.91117,460.15831
363.5699,468.63955 367.33049,478.90421 375.52338,480.80317
347.92266,479.21475 342.11045,479.74919 289.99029,479.78739
237.87013,479.82559 185.74997,479.86382 185.74997,479.86382
185.75,479.86382 185.75,479.86382 185.75,479.86382
;
585.60699,479.0 585.60699,479.0 604.07606,479.97632
576.28391,459.7143 578.60016,477.40041 578.72476,480.82135
583.60599,478.15863 585.60699,479.0 585.60699,479.0
585.60699,479.0 585.60699,479.0 585.60699,479.0
;
380.11658,383.0 380.11658,383.0 380.98857,375.91708
374.35852,365.23093 372.90817,356.14957 367.29345,345.52324
367.82433,332.92424 362.13943,322.5 359.30286,335.4683
365.48877,348.53899 369.91442,360.57942 374.05972,369.70756
376.2777,375.87697 379.00006,383.0 379.00006,383.0
380.11664,383.0 380.11664,383.0 380.11664,383.0
380.11658,383.0 380.11658,383.0 380.11658,383.0
;
364.00425,368.49737 364.00425,368.49737 365.73274,360.88936
360.95631,351.44389 361.41696,342.25 357.10455,337.53421
358.25588,360.94969 361.95172,366.33154 362.57466,367.15896
362.50769,370.40588 364.00425,368.49737 364.00425,368.49737
364.00425,368.49737 364.00425,368.49737 364.00425,368.49737
;
462.75,358.81477 462.75,358.81477 467.48909,350.33397
467.26272,343.74321 470.0,336.88197 466.86819,320.39404
487.53351,314.08061 492.53962,299.97259 503.67071,281.2857
503.32059,259.27533 507.31089,238.55526 512.76283,212.98652
503.30526,187.8385 497.15109,163.59755 490.08735,142.88355
482.661,121.87694 467.26051,105.6973 452.85452,103.09403
478.02821,117.12182 471.01533,116.81739 463.12479,111.61233
469.00574,119.64617 464.57111,122.5 475.103,117.71792
472.53088,125.80388 478.29571,133.36697 482.46293,143.4898
485.73475,152.88739 490.42268,162.84725 498.79391,174.9546
487.50972,164.29013 481.81969,160.07777 471.2667,159.58513
464.13164,160.30017 454.90788,164.54421 441.17722,165.68781
442.64114,177.3987 450.41319,178.29406 462.37098,175.31916
475.20186,173.15654 488.10585,175.65776 496.8625,176.29376
497.21862,189.08149 500.31066,196.66215 506.80771,222.08927
500.08719,248.22905 497.09354,273.5 493.06497,293.54282
481.0774,309.55817 466.38378,323.23136 462.88282,331.90721
462.0703,345.26218 462.9545,353.28177 464.08226,354.0288
457.20443,360.21953 462.75,358.81477 462.75,358.81477
462.75,358.81477 462.75,358.81477 462.75,358.81477
;
491.3463,172.0 491.3463,172.0 487.24935,168.32705
469.25714,169.08833 481.0,165.27734 480.65353,168.30928
493.23814,168.60344 491.3463,172.0 491.3463,172.0
491.3463,172.0 491.3463,172.0 491.3463,172.0
;
467.55902,170.0 467.55902,170.0 454.50301,168.89769
477.93341,164.23772 469.0407,170.0 469.0407,170.0
467.55902,170.0 467.55902,170.0 467.55902,170.0
;
360.16601,338.0 360.16601,338.0 363.60038,327.67056
351.70581,324.55922 360.16601,338.0 360.16601,338.0
360.16601,338.0 360.16601,338.0 360.16601,338.0
;
397.57388,327.0 397.57388,327.0 405.80564,324.08063
385.56131,317.23561 397.57388,327.0 397.57388,327.0
397.57388,327.0 397.57388,327.0 397.57388,327.0
;
367.97856,324.0 367.97856,324.0 373.34838,319.55648
357.61639,312.53163 367.97856,324.0 367.97856,324.0
367.97856,324.0 367.97856,324.0 367.97856,324.0
;
362.74997,318.39994 362.74997,318.39994 364.74303,309.02672
361.62767,307.68384 373.24918,316.37648 387.27958,324.30253
368.08898,304.3812 363.06061,302.0 358.32302,295.61142
356.54547,289.93774 352.47017,281.0 344.93254,271.12729
347.99022,258.86088 344.89781,247.58179 338.85143,243.65428
338.09258,217.28287 344.0,231.9593 344.00022,234.14324
348.00988,218.9546 349.55285,212.0 342.97783,220.63337
341.27831,223.18408 345.53624,209.61214 348.10329,201.59543
355.56343,197.47405 358.0,189.0 361.73966,181.58621
372.00399,178.07462 381.76218,179.08914 391.82725,177.40292
402.6854,183.5004 412.16205,180.78181 408.07291,170.70238
423.83467,189.57559 416.23315,174.09718 404.23653,168.01613
390.31197,162.94769 376.15751,164.99634 393.38049,149.13079
410.76924,132.74744 426.41103,115.06506 432.86506,117.04484
430.9362,104.81334 442.87765,110.68219 462.75501,107.87962
429.97476,112.28668 438.15891,102.9999 428.83702,105.94597
421.72616,113.45418 414.78147,119.29265 396.51517,134.74553
378.93305,152.84701 362.29637,170.34692 352.96869,185.77586
341.98698,200.07579 332.60868,215.50049 331.10863,233.27795
336.71209,250.21021 339.62466,267.35357 339.84121,277.00605
333.8882,272.87039 342.13919,282.00049 345.45073,288.92247
352.63671,299.95561 358.12515,307.65164 358.11815,311.41789
360.96483,319.2116 362.74997,318.39994 362.74997,318.39994
362.74997,318.39994 362.74997,318.39994 362.74997,318.39994
;
365.90878,176.25 365.90878,176.25 361.45412,176.83367
373.35631,162.39844 381.45291,171.33653 398.56116,172.50628
376.43206,175.26055 370.01375,173.99992 367.81144,172.94614
367.06758,175.05 365.90878,176.25 365.90878,176.25
365.90878,176.25 365.90878,176.25 365.90878,176.25
;
412.15499,298.0 412.15499,298.0 408.45128,288.58665
407.67359,289.45466 417.0,289.4 414.12964,284.10964
432.92006,291.73739 439.40632,288.16259 448.49701,282.86187
459.47709,292.33815 464.18358,286.25 473.67725,282.5168
464.19258,276.85219 457.64277,272.65443 455.5916,263.22446
430.08815,265.39597 442.49646,268.00135 452.26463,267.96845
461.23128,277.38046 446.34774,274.53618 439.18373,273.3658
431.04151,274.13828 423.0,273.0 416.33433,281.40931
409.14961,272.64627 423.17543,268.74684 430.81069,272.84908
443.10493,265.62703 434.78131,260.03173 425.10928,263.10465
435.57056,267.99295 420.21663,265.99992 413.035,273.61149
404.8875,277.40083 399.51851,283.5546 393.14517,292.05711
409.0403,293.48806 412.15499,298.0 412.15499,298.0
412.15499,298.0 412.15499,298.0 412.15499,298.0
;
443.9349,292.0 443.9349,292.0 459.47169,292.1658
440.56221,282.11749 442.0,292.0 442.0,292.0
443.9349,292.0 443.9349,292.0 443.9349,292.0
;
286.5,274.0 286.5,274.0 295.91225,263.07953
275.01711,259.95252 285.9593,274.0 285.9593,274.0
286.5,274.0 286.5,274.0 286.5,274.0
;
414.64301,252.91726 414.64301,252.91726 416.97124,250.01893
438.11628,249.81199 423.09932,242.99996 413.72492,248.93995
410.40957,245.50446 412.3866,232.66994 404.92925,222.72544
394.3471,247.84598 405.66722,249.89069 408.6633,250.77051
411.53263,252.63556 414.64301,252.91726 414.64301,252.91726
414.64301,252.91726 414.64301,252.91726 414.64301,252.91726
;
409.58603,248.0 409.58603,248.0 401.47159,241.94119
410.63752,233.67146 409.9505,248.0 409.9505,248.0
409.58603,248.0 409.58603,248.0 409.58603,248.0
;
443.65499,249.0 443.65499,249.0 454.25729,252.1642
450.97109,233.92182 455.41813,235.13247 453.25134,221.68879
449.34746,233.97297 451.10703,241.08743 453.40899,247.86772
431.13614,236.45564 440.96969,248.62408 441.48768,249.59925
442.74476,248.90963 443.65499,249.0 443.65499,249.0
443.65499,249.0 443.65499,249.0 443.65499,249.0
;
437.75,240.81311 437.75,240.81311 447.22065,232.43665
429.01223,235.89528 437.75,240.81311 437.75,240.81311
437.75,240.81311 437.75,240.81311 437.75,240.81311
;
531.73456,231.0706 531.73456,231.0706 533.49585,216.52122
526.12164,232.75377 530.91122,232.74231 530.91122,232.74231
531.73456,231.0706 531.73456,231.0706 531.73456,231.0706
;
395.31291,215.0 395.31291,215.0 413.07713,206.25227
390.77493,209.49699 394.9593,215.0 394.9593,215.0
395.31291,215.0 395.31291,215.0 395.31291,215.0
;
381.0,208.84651 381.0,208.84651 389.89938,205.90779
400.86744,207.20343 408.0,204.75511 407.34787,194.13833
396.27139,187.36811 386.47195,188.23687 376.23936,186.24201
364.05056,191.3838 358.01533,199.25 356.90384,204.44209
363.50038,208.62034 375.89063,208.30834 377.59491,208.47553
379.28498,208.79254 381.0,208.84651 381.0,208.84651
381.0,208.84651 381.0,208.84651 381.0,208.84651
;
386.39674,204.54978 386.39674,204.54978 371.6871,203.64604
388.32045,193.84789 395.53366,199.16811 406.76156,201.9778
388.65378,203.22386 386.39674,204.54978 386.39674,204.54978
386.39674,204.54978 386.39674,204.54978 386.39674,204.54978
;
375.37244,203.93661 375.37244,203.93661 361.76121,201.67768
374.08281,194.03819 381.62084,193.99998 389.58042,197.68324
368.25636,198.08946 375.37244,203.93658 375.37244,203.93658
375.37244,203.93661 375.37244,203.93661 375.37244,203.93661
;
470.25,205.70833 470.25,205.70833 473.73811,200.71378
488.03263,202.45637 494.0,194.86387 492.0032,180.83337
472.54039,182.70055 462.56547,185.00095 455.32898,185.09135
444.17725,198.24466 451.45915,202.47634 454.94419,205.72203
464.01013,197.0349 469.0,206.16766 469.0,206.16766
470.25,205.70932 470.25,205.70932 470.25,205.70932
470.25,205.70833 470.25,205.70833 470.25,205.70833
;
468.81574,199.93661 468.81574,199.93661 463.36343,195.78072
453.82867,198.04683 456.48467,193.49998 461.46944,187.43986
475.60544,186.26093 466.0,193.90638 468.39388,197.02112
481.64396,196.98848 468.81574,199.93661 468.81574,199.93661
468.81574,199.93661 468.81574,199.93661 468.81574,199.93661
;
478.79966,196.92105 478.79966,196.92105 476.03508,192.83269
474.13458,181.97911 486.0,193.0 485.9529,194.86063
480.60903,196.96981 478.79966,196.92105 478.79966,196.92105
478.79966,196.92105 478.79966,196.92105 478.79966,196.92105
;
461.6672,113.81697 461.6672,113.81697 471.42046,108.8353
437.80119,107.90474 458.38733,112.56697 458.12752,115.22413
460.33454,113.79665 461.6672,113.81697 461.6672,113.81697
461.6672,113.81697 461.6672,113.81697 461.6672,113.81697
;
452.44098,108.0 452.44098,108.0 469.45986,104.78387
435.98898,102.93995 452.44098,108.0 452.44098,108.0
452.44098,108.0 452.44098,108.0 452.44098,108.0
;
467.25,97.873914 467.25,97.873914 465.91696,90.506949
450.29096,94.336382 466.5,97.747829 466.5,97.747829
467.25,97.873914 467.25,97.873914 467.25,97.873914
;
427.5,479.74782 427.5,479.74782 408.83333,479.74082
390.16667,479.73432 371.5,479.72762 381.7102,476.97866
378.74061,477.24991 375.46167,467.53953 373.6369,456.54595
371.05004,479.51361 367.5322,457.50048 363.49345,448.44299
369.59982,438.35088 362.82321,429.59682 365.55383,422.87336
372.43382,440.40898 373.0,439.85918 364.77068,446.02101
374.49138,457.25536 376.18839,445.12893 375.28617,429.18972
382.25098,448.88973 385.5,443.49998 375.09749,433.12155
391.85516,441.53629 390.23472,437.47688 387.20647,433.4056
370.16856,429.97351 378.78608,433.99998 381.95293,443.71881
361.0653,418.49005 365.0506,421.99998 366.23372,417.77724
379.19903,428.62073 371.76882,412.89789 385.66054,417.33193
400.48329,427.17482 416.18597,429.86942 423.309,433.06208
433.50713,435.48652 442.83996,430.15383 456.9286,425.23029
471.5424,418.3145 480.11947,405.49998 480.73311,401.56104
479.3874,429.25108 475.50006,415.72909 473.194,422.92073
481.05557,427.1541 474.48044,437.67209 475.27065,444.29884
467.22721,464.72341 476.60378,461.52725 479.41124,451.73489
479.76581,440.17556 482.27948,429.7907 476.0767,421.7123
491.96942,424.18018 488.00006,412.08138 481.98926,420.09333
487.55962,400.77837 488.15897,394.99998 493.40106,381.71456
492.10161,393.98712 493.26002,405.37123 487.53694,412.59959
491.9692,418.88734 489.0,427.3186 490.64591,438.82319
484.22856,448.63645 485.09969,460.19891 476.28237,466.68788
485.56648,484.05498 477.6212,479.76588 460.91474,479.75988
444.2035,479.75378 427.5,479.74778 427.5,479.74778
427.5,479.74782 427.5,479.74782 427.5,479.74782
;
469.80511,479.0 469.80511,479.0 479.77135,478.9171
472.70072,453.65687 469.87721,468.01795 468.82515,470.11005
463.63271,481.01354 469.80511,479.0 469.80511,479.0
469.80511,479.0 469.80511,479.0 469.80511,479.0
;
386.9121,468.0 386.9121,468.0 391.99636,460.86993
385.30394,454.34721 383.06277,446.0 376.45812,448.90592
387.51632,463.42462 386.9121,468.0 386.9121,468.0
386.9121,468.0 386.9121,468.0 386.9121,468.0
;
356.90123,447.0 356.90123,447.0 349.5222,438.06441
361.65229,434.04196 357.86522,447.0 357.86522,447.0
356.90123,447.0 356.90123,447.0 356.90123,447.0
;
491.12743,384.73936 491.12743,384.73936 483.06853,388.40212
491.56496,370.71144 491.12743,384.73936 491.12743,384.73936
491.12743,384.73936 491.12743,384.73936 491.12743,384.73936
;
