427.0,480.0 427.0,480.0 284.66667,480.0
142.33333,480.0 0.0,480.0 0.0,320.0
0.0,160.0 0.0,0.0 284.66667,0.0
569.33333,0.0 854.0,0.0 854.0,160.0
854.0,320.0 854.0,480.0 711.66667,480.0
569.33333,480.0 427.0,480.0 427.0,480.0
427.0,480.0 427.0,480.0 427.0,480.0
;
176.40616,479.0 176.40616,479.0 180.09753,471.09186
181.00002,457.69023 183.29416,447.56629 188.76132,423.65538
199.86687,399.33932 217.35838,382.24664 233.42672,373.24352
247.95052,361.82534 263.5,351.99026 262.50536,343.03112
277.97463,342.50877 276.77602,331.074 280.98097,307.03166
285.44858,282.4246 283.06234,257.99654 275.8099,249.05083
275.67064,235.14296 274.0,226.0 275.41111,219.57657
275.05772,223.7913 276.73691,211.0 289.97838,175.89545
299.30574,138.74207 314.07875,104.60287 325.80247,83.223247
343.27767,61.306321 366.38079,53.714127 372.03873,49.468391
386.5163,44.811829 396.41847,44.547567 409.91556,42.937191
422.63443,46.214678 433.03502,54.878246 444.15488,59.317128
458.25425,58.687069 465.96059,70.027868 489.39543,92.362995
494.60159,126.04419 504.81,155.39381 513.90601,191.74292
520.98082,229.55562 512.98364,266.81243 512.11537,278.00642
512.05906,289.27689 511.5,300.5 504.77851,305.22606
514.81719,300.35851 514.06647,313.59718 515.93549,325.25528
531.16538,328.58445 540.54782,332.61709 552.31153,332.86653
560.49426,344.08521 573.04532,344.25451 582.37692,348.58338
584.56997,356.27917 586.74262,365.30794 604.13693,380.67392
617.81747,402.08543 620.30052,425.37759 620.58576,443.24868
620.472,461.14314 621.00006,479.0 627.70386,473.89664
622.10103,456.5085 623.89326,446.50229 626.23739,424.75725
620.69346,403.31635 608.58319,385.12221 602.61488,372.71111
587.10797,366.8392 586.34066,352.0 578.59289,338.77061
560.25001,340.26836 549.12303,330.46061 539.93177,326.66708
527.40507,325.7732 521.11693,317.70057 512.02184,309.28221
523.47338,303.99967 516.06146,299.04229 515.2819,288.33505
516.9507,275.21138 517.04456,263.57634 525.26234,235.20733
521.77759,205.87201 518.57095,177.02629 516.25787,156.05201
514.60111,190.66388 517.9245,188.00322 518.65476,205.49115
518.16862,202.72566 515.21399,188.5 512.99062,175.27512
508.98756,169.81409 514.75289,171.22872 508.64957,159.19572
513.97194,163.57536 515.64932,165.90637 513.66262,158.26254
511.90932,140.74357 510.28342,147.62936 507.20804,135.71341
509.43081,138.18783 505.50126,128.69 501.61191,112.96287
503.76211,114.4029 507.50779,120.45616 508.17999,129.45291
509.23925,119.53278 511.58175,125.60217 506.95604,113.93099
503.08039,114.47573 499.5,103.5 492.55415,96.851236
492.29177,81.269976 483.29789,77.439182 478.5605,75.804012
471.8632,69.344071 480.16667,74.166667 479.5701,67.561785
471.99926,62.663158 466.91444,57.253723 465.11647,58.994803
469.76868,63.652964 458.85027,53.87917 448.23119,54.759663
463.85946,50.805823 446.22262,50.048775 441.41729,51.435559
437.81029,47.977031 435.0,47.341864 423.56185,47.729811
413.89795,37.189585 401.79062,41.323741 389.35665,40.168556
375.8121,46.770535 365.47925,49.033578 355.00457,54.581366
343.88432,60.289101 335.42777,69.0 337.77953,66.301857
344.63933,56.083823 336.42388,64.616486 327.09227,75.871211
329.32046,73.292496 330.19991,76.484936 315.48474,86.414201
311.00713,106.25493 299.96791,120.32637 292.14583,132.39544
285.47846,147.177 285.75358,161.08692 290.16051,146.43167
290.66167,159.8774 287.1174,165.68764 281.52839,178.05602
283.42762,174.7086 287.92669,167.59332 285.59282,173.6347
280.64894,190.1518 279.65866,190.30194 277.72919,190.54982
275.25958,204.6516 272.37544,211.21979 266.13048,224.55177
266.58804,239.24946 268.29047,253.5 272.48144,246.17594
271.89374,272.30721 278.39874,260.75623 278.85158,264.98537
279.93957,275.13487 279.19173,284.5 280.07669,300.48286
273.33381,314.90296 271.36583,330.5 262.61635,336.86449
254.25709,343.24964 245.71712,349.13018 235.50634,355.11063
235.0885,367.19286 238.78327,357.84017 252.44724,352.24308
239.79687,356.60087 250.2602,347.48435 256.30179,346.35674
270.4636,331.07956 263.49565,341.9769 260.73032,349.43378
256.42609,351.80418 256.86228,344.73411 252.0304,348.01886
258.29634,356.93087 254.12765,353.3373 254.44771,350.98417
243.22027,364.30633 237.24104,365.94558 226.934,368.09668
224.06841,376.461 213.66918,381.50765 191.00271,405.29943
180.07877,438.57723 176.02603,470.88638 176.3227,472.77696
172.9142,479.38861 176.40616,479.0 176.40616,479.0
176.40616,479.0 176.40616,479.0 176.40616,479.0
;
292.52805,152.23666 292.52805,152.23666 288.31098,155.72177
294.44664,132.94768 299.39046,127.08307 298.4949,118.97999
304.22841,125.42662 297.76751,135.90932 295.77926,141.27972
294.90767,147.04954 292.52805,152.23666 292.52805,152.23666
292.52805,152.23666 292.52805,152.23666 292.52805,152.23666
;
505.27305,136.98469 505.27305,136.98469 497.53362,127.14577
504.38845,127.69606 504.63607,133.506 500.53308,135.49288
509.69431,137.28011 505.27305,136.98469 505.27305,136.98469
505.27305,136.98469 505.27305,136.98469 505.27305,136.98469
;
496.9556,112.52744 496.9556,112.52744 497.85122,102.68388
491.31341,109.96275 493.68553,103.39915 491.32586,97.31149
503.99471,106.54387 496.9556,112.52744 496.9556,112.52744
496.9556,112.52744 496.9556,112.52744 496.9556,112.52744
;
359.78518,478.98457 359.78518,478.98457 362.78428,475.09464
353.46421,460.20106 352.32374,452.10765 350.51633,441.94214
351.44515,441.26493 348.14054,430.49997 349.11274,449.96948
343.65315,420.1589 345.80964,423.45755 348.12286,435.49302
347.45425,408.48402 346.5768,403.60886 343.13245,384.26274
340.56824,408.53407 342.0,416.18673 342.0526,437.94725
352.19375,458.14657 357.5,478.96857 357.5,478.96857
359.45926,478.98177 359.45926,478.98177 359.45926,478.98177
359.78518,478.98377 359.78518,478.98377 359.78518,478.98377
359.78518,478.98457 359.78518,478.98457 359.78518,478.98457
;
376.0221,478.80486 376.0221,478.80486 383.47786,467.35043
375.45775,481.66523 373.97552,467.17616 373.2103,461.56256
372.43749,457.26018 368.72269,447.61041 366.51914,435.42797
366.49782,429.04441 371.72639,443.40989 372.60881,435.96727
371.01394,421.52973 368.38858,428.5 369.78165,439.36495
354.67348,407.50675 360.24553,429.25178 366.69131,446.29793
357.4261,440.25717 357.51579,427.92835 357.19114,426.21251
349.20197,411.56935 349.94705,411.51487 348.3438,420.53723
351.81576,414.76916 353.28529,431.5 355.37234,425.64187
354.8331,443.06383 356.97984,442.20866 359.86157,434.35424
360.96629,448.97553 360.78575,457.85593 366.73887,461.20783
361.49528,458.23948 366.13572,465.97873 369.97608,484.61422
370.59225,470.89902 366.08452,460.72405 360.24666,445.66356
371.36372,458.32432 368.30796,465.3814 372.03132,466.16348
369.19312,479.88532 376.02213,478.80486 376.02213,478.80486
376.0221,478.80486 376.0221,478.80486 376.0221,478.80486
;
365.67705,442.0 365.67705,442.0 363.58927,436.91377
357.87225,415.16559 364.7446,430.5 364.89799,434.11164
366.38347,439.18213 365.67705,442.0 365.67705,442.0
365.67705,442.0 365.67705,442.0 365.67705,442.0
;
487.89962,479.0 487.89962,479.0 492.95532,469.95652
492.67539,455.44096 489.9838,445.49002 488.65397,451.74216
491.23372,465.35202 486.99994,474.12411 487.71681,475.10014
485.68194,479.63195 487.89962,479.0 487.89962,479.0
487.89962,479.0 487.89962,479.0 487.89962,479.0
;
494.45889,479.0 494.45889,479.0 500.21626,472.95918
497.17752,457.20108 499.7145,447.60263 501.4487,429.9522
507.06039,413.0115 502.03888,395.5 502.58147,379.35422
500.05785,363.16869 494.87787,347.87407 489.23653,353.89711
490.79369,366.8034 484.5211,374.33651 479.75804,386.9885
468.34334,396.59631 455.73762,400.93882 471.35301,387.88075
452.33884,401.64799 443.62355,402.52171 433.06768,406.48528
420.4089,408.12951 409.90521,406.74464 402.6886,406.5129
393.08802,404.42088 383.95543,400.14972 376.91376,399.46791
361.25365,385.20504 365.0876,391.39167 357.16938,387.41549
352.79349,379.70103 351.16619,374.50054 355.83266,384.61289
347.88807,398.14627 354.33061,405.27849 357.23969,413.15823
356.26598,418.61194 364.08401,422.39738 362.95219,421.15045
366.90093,418.70348 363.30564,408.67364 369.22934,399.62886
362.59268,415.8842 369.81287,421.1043 368.21574,413.44856
372.32138,405.45707 367.21552,395.42446 384.35139,404.36268
406.70807,411.50288 427.44097,412.48448 445.7908,409.76378
465.17687,403.32375 478.10971,389.5 477.85413,411.8413
478.45529,387.88239 482.06976,387.12756 486.78616,378.72855
485.45944,377.74774 487.22503,385.825 481.33457,380.05554
486.03221,398.01741 487.98681,394.45516 489.69456,398.68496
488.31404,383.6166 489.54075,380.17104 488.71483,362.62098
491.51435,369.586 492.99993,380.20004 491.83799,387.26929
487.42094,373.49862 493.69993,389.00004 495.52976,402.94641
496.63205,363.87815 493.85171,372.00004 492.2095,358.82832
496.92999,372.38759 498.06563,380.34971 498.62689,385.5632
497.40573,411.3741 496.02178,402.12628 495.54127,405.49975
497.74617,425.39916 493.0789,423.30906 488.80205,415.95101
495.18246,439.49738 493.1126,444.91858 494.10201,447.99568
496.74129,452.45887 493.62209,464.42588 493.78338,467.94175
489.98867,479.33214 494.4589,479.00004 494.4589,479.00004
494.45889,479.0 494.45889,479.0 494.45889,479.0
;
497.52688,441.5 497.52688,441.5 495.43737,436.91158
496.2024,422.17592 499.0306,415.5 502.88131,411.61799
497.79991,434.55879 497.52685,441.5 497.52685,441.5
497.52688,441.5 497.52688,441.5 497.52688,441.5
;
361.10699,418.0 361.10699,418.0 359.04069,414.30416
351.76673,391.88505 360.20292,399.28967 364.09702,412.0741
353.86034,392.34693 361.00669,412.87542 360.81362,413.72267
363.50103,418.51141 361.10699,418.0 361.10699,418.0
361.10699,418.0 361.10699,418.0 361.10699,418.0
;
428.36394,409.37987 428.36394,409.37987 412.38438,411.04777
432.94841,406.85857 440.6655,406.77683 436.75966,408.7166
432.67686,409.24306 428.36394,409.37987 428.36394,409.37987
428.36394,409.37987 428.36394,409.37987 428.36394,409.37987
;
366.71085,400.62249 366.71085,400.62249 359.73206,398.50567
362.4053,394.97296 360.00006,391.04288 364.85684,391.89059
366.86419,396.54303 366.71085,400.62249 366.71085,400.62249
366.71085,400.62249 366.71085,400.62249 366.71085,400.62249
;
357.06,395.46292 357.06,395.46292 352.21852,391.44666
357.68596,380.43565 358.06137,394.84404 358.06137,394.84404
357.06,395.46292 357.06,395.46292 357.06,395.46292
;
585.93261,479.0 585.93261,479.0 596.82889,461.6002
583.88209,484.75507 591.70138,475.21001 593.38789,468.68673
614.3363,453.44794 600.25001,456.62677 595.70782,463.07373
585.00443,472.44171 585.93261,479.0 585.93261,479.0
585.93261,479.0 585.93261,479.0 585.93261,479.0
;
360.86859,469.0 360.86859,469.0 365.08401,469.76192
360.25497,465.44018 358.5763,454.21614 355.28887,446.05304
354.87135,455.07348 358.18576,459.92262 359.00012,461.04732
360.62041,479.59079 360.86859,469.0 360.86859,469.0
360.86859,469.0 360.86859,469.0 360.86859,469.0
;
470.4538,461.5 470.4538,461.5 475.43321,444.28342
481.47513,426.53873 484.0041,408.5 478.25933,412.59823
488.67948,406.58084 485.16312,399.3526 480.7347,401.38199
479.07429,419.15133 476.2126,427.30417 474.82565,439.43016
467.72814,451.03958 466.67014,462.5 473.86569,446.10978
466.15109,471.10204 470.4538,461.5 470.4538,461.5
470.4538,461.5 470.4538,461.5 470.4538,461.5
;
591.76796,457.0 591.76796,457.0 605.3407,454.71022
592.41711,435.28216 586.0,447.38226 585.1118,452.04477
586.51978,456.62016 591.76796,457.0 591.76796,457.0
591.76796,457.0 591.76796,457.0 591.76796,457.0
;
379.54799,449.78534 379.54799,449.78534 380.63238,437.82746
377.40898,427.14376 376.0,440.16357 376.4452,447.55754
378.10152,435.25766 379.54799,449.78534 379.54799,449.78534
379.54799,449.78534 379.54799,449.78534 379.54799,449.78534
;
381.75,423.96245 381.75,423.96245 378.31049,416.33666
367.2778,405.80077 377.13117,420.08643 378.69672,421.29248
380.07922,423.00102 381.75,423.96245 381.75,423.96245
381.75,423.96245 381.75,423.96245 381.75,423.96245
;
340.777,419.16901 340.777,419.16901 337.22436,401.33068
341.33481,417.1501 341.0,403.75511 334.17895,406.98858
337.80524,385.82277 338.8039,395.54112 340.4393,382.8279
331.43193,379.26862 335.14141,395.50002 334.93568,402.93905
337.95005,416.36197 340.777,419.16903 340.777,419.16903
340.777,419.16901 340.777,419.16901 340.777,419.16901
;
349.62938,406.70395 349.62938,406.70395 349.91064,392.37806
352.60774,396.2908 350.99993,382.5271 347.71727,379.006
345.43547,387.45541 347.96333,395.34144 348.75006,398.3936
348.39474,406.16133 349.62938,406.70395 349.62938,406.70395
349.62938,406.70395 349.62938,406.70395 349.62938,406.70395
;
475.63533,378.0 475.63533,378.0 484.56328,368.41159
477.49837,363.54439 475.00007,376.09938 475.37966,376.56504
474.23977,378.55053 475.63533,378.0 475.63533,378.0
475.63533,378.0 475.63533,378.0 475.63533,378.0
;
482.90122,370.0 482.90122,370.0 491.5638,360.79498
491.11814,343.46034 485.91857,331.98139 478.15431,317.12436
476.74216,322.15587 483.9908,334.45984 485.98887,341.83201
489.11973,356.88955 483.9998,354.71441 489.60792,360.5381
480.87495,363.8903 482.90102,370.0 482.90102,370.0
482.90122,370.0 482.90122,370.0 482.90122,370.0
;
362.5,367.0 362.5,367.0 364.6999,356.48511
357.7902,351.00202 361.7421,365.5 362.1106,365.86251
361.46561,367.42764 362.5,367.0 362.5,367.0
362.5,367.0 362.5,367.0 362.5,367.0
;
372.72542,363.60791 372.72542,363.60791 365.51851,355.07365
365.09715,341.57773 361.73796,330.72518 361.42587,323.7312
351.26911,307.10186 357.69437,308.00003 359.22031,314.01844
357.75197,299.13971 365.14681,307.90173 358.06981,301.76562
349.37567,290.09541 346.04069,285.99998 338.30613,270.05986
330.83289,253.68703 327.98858,235.89616 320.62654,217.86169
319.04317,197.45394 328.80203,179.99998 331.87308,167.69331
335.27046,168.23525 341.05459,156.74998 351.61628,151.94602
339.46477,151.47243 356.15169,151.7456 365.37029,150.2756
380.04093,157.12108 385.72885,153.04986 382.44332,148.33798
372.24233,149.35862 368.81052,146.50575 363.26686,147.13813
344.61196,151.8785 343.17938,147.76749 347.23381,139.31017
357.85407,138.41036 362.00004,130.76593 370.24779,123.21138
374.95905,118.86507 381.55548,110.9879 388.21356,102.94201
394.6624,98.349235 400.26079,91.717709 385.82368,98.217645
408.69775,78.779266 400.62683,83.381615 380.10519,102.67712
362.41357,124.52466 342.30298,144.13863 330.812,158.44452
324.67572,175.98892 322.0,193.88197 316.14636,195.22587
331.01214,163.67171 320.20734,184.35727 315.66618,196.5227
318.31414,211.36096 320.60764,224.09608 322.82097,235.86858
327.84933,247.94711 328.5,259.35719 319.68553,251.81913
336.35821,269.39967 336.14707,275.96828 340.97751,288.44897
355.60863,296.25033 353.08507,310.88391 352.13137,322.1267
356.36069,330.20462 360.67202,338.94006 361.77678,347.86885
365.67736,359.17765 372.72542,363.60791 372.72542,363.60791
372.72542,363.60791 372.72542,363.60791 372.72542,363.60791
;
358.62445,354.70889 358.62445,354.70889 358.66265,349.08494
355.28264,322.08385 356.40559,339.3338 357.09683,344.23262
355.26374,351.81504 358.62445,354.70889 358.62445,354.70889
358.62445,354.70889 358.62445,354.70889 358.62445,354.70889
;
473.73672,336.59662 473.73672,336.59662 474.55773,325.00614
466.72476,321.69221 472.7598,335.13161 472.7598,335.13161
473.3229,337.00826 473.3229,337.00826 473.3229,337.00826
473.3234,337.01026 473.3234,337.01026 473.3234,337.01026
473.73672,336.59662 473.73672,336.59662 473.73672,336.59662
;
465.92596,336.0 465.92596,336.0 470.76973,323.42788
465.79784,306.3136 468.90907,292.86298 477.48473,280.89434
484.18589,267.44221 487.29684,253.0 498.99792,257.28241
502.94441,235.66088 497.28605,237.44456 500.4283,258.48441
490.17023,233.47141 492.13814,241.5 484.6448,228.98332
497.59735,214.07024 495.09154,200.18016 497.08665,172.13554
485.25946,145.85256 476.00423,120.25 471.43872,113.97068
468.86779,105.86831 466.72695,97.5 461.98901,102.81894
467.856,116.88247 472.04337,125.14623 474.18613,136.67962
484.41069,144.69596 483.81494,157.36639 487.03147,172.87154
493.86539,187.96687 491.42774,204.37786 490.54628,219.96685
483.63121,234.619 483.48767,250.42015 481.04744,270.00089
470.34817,287.7227 456.96878,301.87806 465.08698,296.72392
466.28571,299.40325 464.85052,311.70996 469.92974,318.11764
455.18733,337.77191 464.44507,329.00001 469.24424,327.21866
462.96124,336.28811 465.92596,336.0 465.92596,336.0
465.92596,336.0 465.92596,336.0 465.92596,336.0
;
489.39301,250.0 489.39301,250.0 477.44959,240.43553
500.42251,240.05064 489.39301,250.0 489.39301,250.0
489.39301,250.0 489.39301,250.0 489.39301,250.0
;
384.0,319.84696 384.0,319.84696 381.46967,317.30742
363.91491,302.45011 375.79885,314.78972 377.9333,317.22847
381.08114,318.67032 384.0,319.84696 384.0,319.84696
384.0,319.84696 384.0,319.84696 384.0,319.84696
;
381.99294,277.50437 381.99294,277.50437 381.16951,270.27699
402.02893,278.62868 389.19353,275.16824 378.5817,267.07681
392.88423,271.62338 382.01533,265.84878 390.05959,256.30847
402.98606,263.91895 413.89693,261.16905 418.77127,256.65992
438.73699,261.50032 432.5,264.41064 427.11401,268.20163
414.93281,269.02254 405.65348,269.51336 399.18797,269.94147
382.15432,270.71719 393.0,273.28975 396.16224,277.25779
409.65509,279.29936 417.17991,274.77705 423.69736,274.11631
440.45854,260.16214 429.43427,270.70859 418.17065,275.96323
436.27194,270.44965 435.05621,273.74603 442.25129,269.16325
434.57018,255.93664 442.0,265.00005 441.45751,260.15841
428.17665,251.50429 426.95597,251.39841 441.54015,264.12383
426.04109,254.42031 416.5,254.55278 406.26945,253.98499
396.5169,254.2896 387.5495,257.54197 378.38926,268.08211
390.64744,243.49662 381.06605,259.49998 370.0949,266.97657
377.89332,272.04017 381.99294,277.50435 381.99294,277.50435
381.99294,277.50437 381.99294,277.50437 381.99294,277.50437
;
404.16665,267.54279 404.16665,267.54279 416.4036,265.32085
379.47126,264.46663 402.29848,267.56369 402.29848,267.56369
404.16631,267.54279 404.16631,267.54279 404.16631,267.54279
404.16665,267.54279 404.16665,267.54279 404.16665,267.54279
;
414.79966,266.97428 414.79966,266.97428 433.72792,264.64419
417.77827,260.48296 414.45915,266.97028 414.45915,266.97028
414.79963,266.97428 414.79963,266.97428 414.79963,266.97428
414.79966,266.97428 414.79966,266.97428 414.79966,266.97428
;
282.56739,253.0 282.56739,253.0 289.5993,246.05332
273.45137,245.87068 282.56739,253.0 282.56739,253.0
282.56739,253.0 282.56739,253.0 282.56739,253.0
;
282.70111,245.0 282.70111,245.0 285.22612,233.73218
280.44511,233.33787 279.19936,230.5 281.10273,241.85909
279.9413,238.74143 282.70104,245.0 282.70104,245.0
282.70111,245.0 282.70111,245.0 282.70111,245.0
;
381.84612,227.0 381.84612,227.0 382.30208,223.03336
371.93327,215.78474 380.30998,227.0 380.30998,227.0
381.84612,227.0 381.84612,227.0 381.84612,227.0
;
391.39546,226.57015 391.39546,226.57015 409.28637,228.27325
390.42138,210.07775 388.27302,225.95917 383.44218,214.27517
383.98633,206.69109 384.12405,224.15979 385.17442,228.07625
388.51061,226.21118 391.39546,226.57015 391.39546,226.57015
391.39546,226.57015 391.39546,226.57015 391.39546,226.57015
;
418.0,225.25706 418.0,225.25706 432.19107,228.04451
426.99021,202.84806 424.81192,222.18808 425.701,219.52584
402.54278,215.65824 412.75,224.2655 414.50044,224.48568
416.21376,226.82152 418.0,225.25706 418.0,225.25706
418.0,225.25706 418.0,225.25706 418.0,225.25706
;
359.0,184.20485 359.0,184.20485 366.02896,179.16888
381.78793,185.38554 383.10202,177.2524 376.44756,163.80777
357.25205,161.09755 344.82871,168.16211 353.71619,167.53617
367.46658,162.32007 375.0,171.86235 378.81247,174.69107
357.2495,162.2769 349.83777,169.87227 339.28317,169.89667
333.22023,182.78656 340.0,182.6684 346.30811,182.93583
352.72925,185.11588 359.0,184.20485 359.0,184.20485
359.0,184.20485 359.0,184.20485 359.0,184.20485
;
363.44647,179.0 363.44647,179.0 349.83408,177.68039
367.81265,173.74605 363.0,173.5 353.14969,167.88986
370.63091,179.09768 369.69956,171.93206 370.52294,173.78432
368.47178,181.34456 363.44647,179.0 363.44647,179.0
363.44647,179.0 363.44647,179.0 363.44647,179.0
;
343.19098,177.96415 343.19098,177.96415 337.58883,176.08951
365.84584,167.93666 344.92276,177.98155 344.92276,177.98155
343.19098,177.96475 343.19098,177.96475 343.19098,177.96475
343.19098,177.96415 343.19098,177.96415 343.19098,177.96415
;
453.5,179.27422 453.5,179.27422 461.3008,176.83638
476.86503,176.86475 477.0,170.02509 466.97087,160.95719
452.56391,157.2377 440.0413,162.35638 432.95896,163.09106
421.0713,181.07724 432.0,178.00007 437.29333,173.92935
446.81426,181.28007 453.5,179.27422 453.5,179.27422
453.5,179.27422 453.5,179.27422 453.5,179.27422
;
446.05902,175.0 446.05902,175.0 440.93661,172.92354
439.6715,163.90233 452.13501,166.44793 460.85434,161.03419
451.04802,175.16798 446.05902,175.0 446.05902,175.0
446.05902,175.0 446.05902,175.0 446.05902,175.0
;
449.75,170.884 449.75,170.884 455.06039,164.97063
436.37393,168.17806 449.75,170.88391 449.75,170.88391
449.75,170.884 449.75,170.884 449.75,170.884
;
458.1507,174.95808 458.1507,174.95808 470.80116,171.98419
449.49244,163.22876 466.74548,169.64112 473.75448,169.65272
458.89386,174.57428 458.1507,174.95808 458.1507,174.95808
458.1507,174.95808 458.1507,174.95808 458.1507,174.95808
;
435.30607,169.43605 435.30607,169.43605 434.06374,165.28913
450.03191,159.7183 457.637,161.99992 475.31972,167.00993
467.44631,167.13831 454.72761,163.00763 447.59349,162.05488
438.85191,164.29613 435.30607,169.43605 435.30607,169.43605
435.30607,169.43605 435.30607,169.43605 435.30607,169.43605
;
479.85014,153.42963 479.85014,153.42963 475.18365,149.33048
466.34622,143.06188 457.28888,143.93521 448.17801,143.77151
438.07625,143.90211 430.9717,148.88539 418.33989,146.15539
435.23802,154.42828 442.36629,148.52172 451.65657,147.4055
461.7483,143.11046 469.5,148.76801 452.65782,148.70371
474.48447,151.30446 479.85014,153.42964 479.85014,153.42964
479.85014,153.42963 479.85014,153.42963 479.85014,153.42963
;
392.84827,152.45203 392.84827,152.45203 387.70657,143.4388
373.27463,141.05751 363.15557,138.62536 349.50614,135.72425
348.83749,146.8174 362.95926,143.72295 372.8138,144.31761
385.03436,147.3971 392.84827,152.45203 392.84827,152.45203
392.84827,152.45203 392.84827,152.45203 392.84827,152.45203
;
476.25742,148.0 476.25742,148.0 475.39262,141.7649
463.63785,136.22611 456.69284,135.0062 444.6355,135.35246
430.36076,136.95849 421.03063,144.50089 421.84181,146.63287
436.46141,139.71456 434.33596,143.70132 438.17787,144.32988
458.16256,139.11507 454.69098,138.9863 463.51143,136.68505
466.86588,143.51146 476.25742,147.99991 476.25742,147.99991
476.25742,148.0 476.25742,148.0 476.25742,148.0
;
464.16667,96.0 464.16667,96.0 466.91421,89.930397
449.73386,79.08413 461.99948,91.609438 461.84714,93.299689
461.7165,96.189106 464.16667,96.0 464.16667,96.0
464.16667,96.0 464.16667,96.0 464.16667,96.0
;
