100.75721,480.0 100.75721,480.0 67.171473,480.0
33.585737,480.0 0.0,480.0 0.0,320.0
0.0,160.0 0.0,0.0 284.66667,0.0
569.33333,0.0 854.0,0.0 854.0,160.0
854.0,320.0 854.0,480.0 779.44444,480.0
704.88889,480.0 630.33333,480.0 625.73627,452.34482
630.38223,423.46072 623.18264,395.90204 619.36819,385.77726
618.19594,371.31501 613.0,364.67711 607.91554,352.18891
594.67974,343.34637 588.0,332.59847 592.35726,326.79252
593.7041,327.89579 582.33681,319.73117 572.27534,314.13858
565.17887,311.73816 555.2398,306.54285 545.17042,304.11141
538.82925,294.97687 534.43801,288.23085 532.22622,277.69603
527.96933,272.09475 525.95913,262.75438 521.6877,252.91874
525.66702,241.5929 520.90138,234.26754 518.4535,219.94361
519.72028,223.90186 523.93045,215.55333 528.58039,201.7035
514.88055,214.47587 521.02645,206.13438 521.67391,194.65413
515.79849,180.73394 517.95034,171.0 517.6101,168.95654
518.54408,161.69139 514.98585,159.87331 512.21433,152.12746
510.91963,143.90879 509.93368,133.59964 503.00509,129.28001
510.20948,129.39749 505.0,122.76674 498.95677,126.13393
502.6536,113.88951 505.0,111.12961 500.23447,102.42228
494.24364,95.513543 490.56245,85.479698 484.5065,75.746047
483.463,74.158773 475.90935,65.850831 469.72359,58.316922
460.37395,50.758514 451.0,51.93723 459.72341,45.305293
441.54759,46.527374 437.65676,45.873269 417.32431,33.558568
430.1062,46.243904 427.25,45.567143 409.90326,38.290391
391.68617,45.237816 374.99098,51.733804 356.23413,58.552316
345.20159,76.57998 334.45041,92.262263 328.57367,98.147531
330.07347,106.6099 325.15529,115.16667 318.90735,125.61007
311.41764,136.39311 308.77234,148.70609 313.89394,155.32674
299.78215,174.68271 301.39668,171.91425 301.91343,172.52821
297.22286,193.70156 295.00009,191.16667 293.05876,199.41393
293.05614,208.22476 292.00009,217.21125 289.15812,229.06374
289.7143,230.3383 297.58514,239.9241 302.24754,257.96757
294.9744,277.38846 288.90834,294.5 282.97894,304.15215
271.50435,310.40897 262.7031,317.0 260.68369,325.80729
260.36417,323.22119 252.62471,327.5231 238.39445,337.08195
229.01385,353.26677 221.84261,368.40811 213.40584,387.79993
210.28924,408.695 206.88752,429.42911 202.08021,445.1168
200.343,463.12508 201.51444,480.0 167.9287,480.0
134.34295,480.0 100.75721,480.0 100.75721,480.0
100.75721,480.0 100.75721,480.0 100.75721,480.0
;
278.47735,479.921 278.47735,479.921 253.4849,479.8947
228.49245,479.8684 203.5,479.8421 208.95614,472.20957
204.78508,457.52705 207.69938,447.19615 211.19699,428.1786
215.01861,409.45421 219.00275,390.49999 225.09759,369.22506
235.52691,347.4167 253.20534,333.76914 267.472,326.60438
280.09806,318.49682 292.8523,308.9489 292.34621,299.97878
297.17634,293.32225 299.90786,282.84473 303.05056,267.77418
304.50192,251.24867 306.27783,236.24153 306.37373,228.67637
310.4706,216.21314 301.49999,212.03059 295.89572,227.57448
299.70244,211.93719 299.57057,202.22874 305.32492,191.81224
299.81661,186.09671 306.66307,175.51554 313.41243,163.86398
317.501,151.02195 321.20716,138.14223 324.50014,138.765
324.29455,123.38087 330.06464,116.19404 333.73261,104.49042
340.5143,92.31417 346.96861,82.99996 354.80307,70.602706
370.564,59.62658 385.49999,53.767234 400.92102,48.674384
418.02313,45.264786 432.88274,52.851567 451.62871,55.188416
470.73734,66.803128 476.99999,84.99996 483.82316,88.854271
484.88559,101.8703 490.69,108.49996 494.91512,121.29126
499.5296,133.68529 502.22848,146.6996 502.88416,158.62301
508.50661,170.73977 508.19637,183.49996 513.40069,198.58809
514.6138,215.98384 514.20103,232.13988 517.51796,237.96344
514.43428,245.98612 514.00794,249.74996 515.32288,257.98623
515.9904,270.90561 521.56968,274.99996 527.16501,279.26161
529.83764,291.73833 534.04687,299.3726 540.04175,310.50126
551.67519,308.38271 560.05041,315.78633 567.60353,319.19473
577.17743,320.74777 583.73468,328.37999 577.91692,340.6993
598.73664,345.27324 601.00083,355.78806 608.98907,365.49154
614.08368,376.41731 615.2558,388.99996 619.38954,398.21656
619.74493,412.96785 622.41817,424.29393 624.97392,441.43004
620.05464,460.11488 624.98383,476.46954 627.16114,484.64971
603.49318,477.70333 595.61785,479.99996 575.72608,479.99996
555.83431,479.99996 535.94254,479.99996 541.26627,468.18693
552.55727,463.69865 562.81034,455.99996 572.41763,452.44166
582.05481,439.33638 592.01819,431.89962 605.97633,427.51162
601.78338,417.15961 589.63246,424.7467 577.40559,437.47615
563.72091,448.10819 548.50091,456.87731 540.80134,463.3073
533.21469,468.08397 530.03046,475.95842 527.53139,484.8219
509.87912,477.7424 500.31877,479.99991 490.09091,479.25902
473.99917,484.46388 481.74372,469.49991 487.6779,439.51392
493.35377,409.7376 499.83177,379.49991 499.87677,359.71558
503.4909,339.22654 497.78692,319.99991 487.13354,328.41159
491.56595,328.05215 492.93238,314.20669 492.90868,304.93124
489.19784,298.5073 483.76352,290.99991 480.54162,295.84218
488.86726,306.9788 488.08961,314.86502 481.57829,309.96341
487.80704,336.47945 483.85629,322.88134 481.40478,328.87348
475.36975,343.51971 482.00058,340.31282 475.7895,349.22896
463.76041,356.31503 453.09199,357.69749 442.74234,359.04145
435.06308,362.57968 424.00784,362.23082 409.89763,359.59989
394.20591,355.95047 382.86197,346.73389 377.16254,342.75748
366.82169,339.9241 364.6967,331.57584 362.46304,310.83073
356.18971,334.27526 357.66474,343.59466 359.36048,359.2418
355.20338,365.91737 356.0,346.16683 358.64167,333.91188
350.72183,329.16686 355.0,321.0 345.45194,315.28069
350.92669,337.23986 349.50152,345.17584 349.64349,355.53783
348.84734,370.55043 357.00017,377.0 358.50216,366.35424
357.83475,394.1933 360.79432,398.2932 364.61588,412.07757
368.36831,426.74577 372.97907,440.76132 369.83863,449.745
378.41506,449.51899 372.99987,460.45931 373.52861,465.5933
382.19007,480.8352 375.09821,480.0 362.65562,481.22705
357.87136,480.55628 352.71198,469.81672 348.2821,461.63736
338.72651,457.05344 331.89845,448.94861 327.58945,443.78836
309.74899,427.1444 312.40083,439.86085 326.08541,453.24059
339.77003,466.62031 353.45467,480.0 328.46222,479.9737
303.46977,479.9473 278.47732,479.921 278.47732,479.921
278.47735,479.921 278.47735,479.921 278.47735,479.921
;
581.82258,422.98464 581.82258,422.98464 596.09303,424.76031
587.38376,400.75045 576.96874,409.20652 571.14602,413.68062
574.44505,424.0039 581.82258,422.98464 581.82258,422.98464
581.82258,422.98464 581.82258,422.98464 581.82258,422.98464
;
471.69528,348.0 471.69528,348.0 487.3576,338.53484
469.3153,338.50872 471.69528,348.0 471.69528,348.0
471.69528,348.0 471.69528,348.0 471.69528,348.0
;
382.85699,343.93232 382.85699,343.93232 381.30389,342.18873
382.68658,320.90497 376.85579,329.81821 381.77646,336.48065
370.94548,342.27138 382.85699,343.93232 382.85699,343.93232
382.85699,343.93232 382.85699,343.93232 382.85699,343.93232
;
379.47525,325.0 379.47525,325.0 382.09916,318.82407
377.08757,310.5295 376.53409,301.49896 372.99705,283.87043
384.99283,320.72245 385.99237,307.71619 381.15258,297.45875
377.99527,287.14934 375.68054,276.0 366.45635,271.89384
379.58236,272.6079 382.22557,272.5387 386.59573,268.74912
368.51014,262.23832 367.83447,254.5 361.67331,248.94206
360.30421,241.99195 356.41098,233.89728 349.00332,213.89569
346.30006,190.76539 353.77694,170.82303 348.38275,160.74867
365.12834,157.59159 354.99997,165.0 359.49434,168.90347
376.91225,174.50165 378.74997,169.50198 388.55566,169.97117
406.06869,167.3892 391.67468,156.42164 382.90672,150.86604
368.14662,151.33183 360.4025,158.0 356.99624,150.09508
370.81744,141.16622 379.36416,145.35142 387.49189,146.53074
399.88245,147.3054 402.99997,145.5 411.88045,147.2832
398.85664,133.06706 390.99997,134.44402 375.86587,131.41011
376.73891,133.04637 385.58674,121.84986 392.92712,113.04404
404.49444,105.1923 411.06187,97.781385 414.64307,88.345197
426.33521,88.065935 431.99997,82.8 427.9084,78.169608
411.82345,90.451655 423.99997,82.042878 417.81322,75.470945
406.97943,92.131889 400.8698,96.85135 388.75214,110.162
373.1222,122.4509 363.95308,136.99999 358.09997,144.94663
349.43577,154.79695 345.82577,165.71693 339.45759,174.18149
337.87755,187.48181 341.85621,195.83858 343.92757,205.64031
345.3145,216.18683 348.23326,225.99999 342.24638,227.50316
354.16187,242.21593 356.17688,248.90225 361.5586,258.22923
372.79969,264.67251 369.35871,277.13456 369.14861,293.69447
372.93967,309.61025 377.9505,324.99999 377.9505,324.99999
379.47525,324.99999 379.47525,324.99999 379.47525,324.99999
379.47525,325.0 379.47525,325.0 379.47525,325.0
;
380.0,166.72493 380.0,166.72493 376.27661,161.79546
362.43373,164.26633 365.63473,161.18566 375.61508,155.68028
378.5349,153.56378 377.95512,162.09793 382.53306,154.94975
391.93476,156.65433 382.75223,166.42904 382.08858,167.18795
380.8967,166.57266 380.0,166.72493 380.0,166.72493
380.0,166.72493 380.0,166.72493 380.0,166.72493
;
373.94098,140.0 373.94098,140.0 355.63024,137.88574
387.50136,134.99512 377.92266,140.0 376.59544,140.0
375.26821,140.0 373.94098,140.0 373.94098,140.0
373.94098,140.0 373.94098,140.0 373.94098,140.0
;
388.12183,319.27817 388.12183,319.27817 391.6769,306.90154
379.06853,315.5464 388.12183,319.27817 388.12183,319.27817
388.12183,319.27817 388.12183,319.27817 388.12183,319.27817
;
480.32332,315.97776 480.32332,315.97776 482.8054,312.33897
481.01698,298.26349 476.0,294.99996 472.40092,299.43061
472.62743,277.8817 471.72786,271.41875 467.00507,259.51959
477.26033,252.58984 481.39927,242.73454 484.01665,231.8819
488.13081,225.48294 495.90985,218.79989 492.77194,204.81239
492.95611,222.75327 487.5,209.5 493.14652,189.17218
493.53578,167.17368 487.9102,146.74521 483.96532,134.88622
478.59971,122.74137 473.75551,111.0 473.44181,106.12338
468.97152,95.473765 464.61778,88.666579 458.7976,73.344321
456.06225,84.092168 461.54768,92.793947 460.9029,102.25738
466.97135,93.189496 465.68714,110.53888 471.47793,117.59818
470.04233,129.96081 477.32987,133.75 480.09131,146.86695
484.4359,159.04379 486.31305,172.45368 490.41114,188.39127
479.37821,202.41952 481.33402,217.65053 480.82546,225.71253
478.42565,238.75266 472.34674,247.83244 470.47364,256.36368
459.879,260.17951 458.0,268.0 469.18686,258.68221
467.09154,274.02872 466.70922,283.66691 467.72249,290.78658
458.90379,309.31272 469.35959,294.95959 471.96473,299.15543
471.81856,322.33012 474.53513,307.05684 483.46228,305.42387
468.88713,314.44556 480.32332,315.97776 480.32332,315.97776
480.32332,315.97776 480.32332,315.97776 480.32332,315.97776
;
397.75,280.96879 397.75,280.96879 401.80059,279.55932
378.47406,261.73284 387.02656,274.52404 390.0581,276.97303
393.96058,280.21736 397.75,280.96879 397.75,280.96879
397.75,280.96879 397.75,280.96879 397.75,280.96879
;
448.5,275.0 448.5,275.0 464.73433,266.15187
443.48584,268.39668 448.5,275.0 448.5,275.0
448.5,275.0 448.5,275.0 448.5,275.0
;
397.25,246.99626 397.25,246.99626 394.5767,235.14055
416.70618,250.38057 410.32103,243.0 398.18118,235.03272
419.31251,235.9397 412.0,239.98095 423.24274,246.70819
425.33312,242.97999 431.5,237.5 419.62156,241.20507
442.41297,247.41611 443.09011,237.38972 448.50708,229.71912
432.56659,222.75557 426.16667,220.0 421.93651,219.45694
405.84291,217.49554 400.61003,223.61757 394.55513,231.60668
378.99751,239.78897 397.25,246.99626 397.25,246.99626
397.25,246.99626 397.25,246.99626 397.25,246.99626
;
424.90927,238.86372 424.90927,238.86372 416.25669,242.56618
425.38705,228.13284 424.90927,238.86372 424.90927,238.86372
424.90927,238.86372 424.90927,238.86372 424.90927,238.86372
;
433.8067,228.86639 433.8067,228.86639 424.32196,227.02676
409.30196,226.59994 404.94321,225.83918 394.69822,225.86798
417.43268,220.49124 424.75212,221.31686 428.37587,222.15799
432.98695,226.09298 433.8067,228.86639 433.8067,228.86639
433.8067,228.86639 433.8067,228.86639 433.8067,228.86639
;
400.23213,209.0 400.23213,209.0 404.02166,207.80711
420.74846,204.0608 404.61939,197.75182 395.01674,211.85701
403.23334,179.65806 393.83722,190.85615 387.16849,196.8236
391.21279,208.47599 400.23213,209.0 400.23213,209.0
400.23213,209.0 400.23213,209.0 400.23213,209.0
;
428.23333,209.0 428.23333,209.0 443.39932,200.79588
432.41565,205.30984 433.2831,198.73873 444.00426,196.50484
427.52178,178.27966 432.1434,192.78553 432.55686,207.00864
424.98978,191.0859 417.68782,200.74401 422.77643,203.84214
427.10048,207.53222 428.23333,209.0 428.23333,209.0
428.23333,209.0 428.23333,209.0 428.23333,209.0
;
384.35078,176.0 384.35078,176.0 399.71599,172.78801
388.98963,165.19974 383.0,176.0 383.0,176.0
384.35078,176.0 384.35078,176.0 384.35078,176.0
;
450.25,172.97776 450.25,172.97776 469.02726,172.05808
444.59413,168.22759 438.10308,168.56358 438.91191,172.961
445.79716,173.49982 450.25,172.97776 450.25,172.97776
450.25,172.97776 450.25,172.97776 450.25,172.97776
;
453.82143,168.96196 453.82143,168.96196 459.35567,164.41326
476.71577,165.76546 475.01584,156.51904 463.62845,145.86589
442.18419,145.30639 433.1779,159.47227 429.51845,173.27854
446.16262,159.26908 451.5,168.92389 451.5,168.92389
453.45904,168.95599 453.45904,168.95599 453.45904,168.95599
453.82143,168.96199 453.82143,168.96199 453.82143,168.96199
453.82143,168.96196 453.82143,168.96196 453.82143,168.96196
;
454.0,164.19746 454.0,164.19746 446.69862,160.35191
433.53027,162.41051 445.06002,156.22193 450.29581,149.87603
471.43335,157.44737 463.48725,158.26077 455.76913,152.9302
460.33791,164.06488 454.0,164.19746 454.0,164.19746
454.0,164.19746 454.0,164.19746 454.0,164.19746
;
452.01241,160.0 452.01241,160.0 459.16043,155.51213
441.45547,154.40985 451.14286,160.0 451.14286,160.0
452.01241,160.0 452.01241,160.0 452.01241,160.0
;
433.69159,145.0 433.69159,145.0 446.00999,140.77205
462.53997,140.62951 475.11663,144.82676 479.31388,141.7242
473.23988,133.88247 464.48706,130.55896 450.97449,125.47008
436.74791,132.7367 424.0,137.02684 416.59535,145.61086
432.70204,134.43387 431.74249,145.0 431.74249,145.0
433.69159,145.0 433.69159,145.0 433.69159,145.0
;
449.66411,89.823907 449.66411,89.823907 455.80172,80.156108
425.06499,87.121325 446.78602,87.0 447.74058,87.949977
447.121,91.737943 449.66411,89.823907 449.66411,89.823907
449.66411,89.823907 449.66411,89.823907 449.66411,89.823907
;
433.78138,479.98469 433.78138,479.98469 421.54184,479.98969
409.30231,479.99489 397.06277,479.99999 399.20469,469.07259
395.37345,456.047 394.23857,446.68253 390.62803,437.06497
390.0331,426.11159 393.4973,416.88626 390.02449,412.58288
384.73547,413.95978 382.84091,398.85779 379.88972,386.59466
390.71799,401.83871 387.58231,385.56021 391.92355,376.8178
378.40302,388.92129 376.6946,374.58367 377.57639,368.17508
367.43574,355.6896 374.99967,362.49999 386.485,371.10734
368.11371,348.72137 375.16426,348.78751 388.06875,355.64818
402.65087,363.40968 417.18144,365.38765 426.66497,369.55508
440.48831,367.83091 450.99967,363.99095 459.24688,363.59271
475.48838,353.36524 475.96705,353.86175 486.1432,348.10111
478.26101,365.74349 472.29571,370.73176 472.67314,375.77151
474.56969,382.70969 468.25235,392.49995 464.28867,410.07618
452.04415,424.92143 447.99967,441.92958 457.40532,447.95253
455.41835,428.52739 460.69364,424.02811 471.97774,408.33632
474.00261,387.55617 483.16921,370.81157 480.12969,362.81301
493.02921,350.82769 490.0317,366.99999 495.90867,363.37125
490.45468,391.87677 490.375,371.12499 486.74774,366.50918
486.03278,377.26094 482.61056,380.42755 491.99258,381.40066
487.17484,394.65168 486.20156,400.49999 484.25152,409.07233
480.43815,415.59068 479.9991,423.11719 470.39966,439.43963
472.20316,459.37866 468.73813,476.81444 470.80727,483.66652
448.05249,478.24259 439.15021,479.98242 437.36094,479.98318
435.56782,479.98342 433.78138,479.98442 433.78138,479.98442
433.78138,479.98469 433.78138,479.98469 433.78138,479.98469
;
392.375,406.9922 392.375,406.9922 392.9394,403.18801
391.38685,376.79927 389.79381,395.25 389.6849,398.73899
388.62306,405.43614 392.375,406.9922 392.375,406.9922
392.375,406.9922 392.375,406.9922 392.375,406.9922
;
482.42054,391.0 482.42054,391.0 491.64887,381.6819
477.06601,383.81225 482.42054,391.0 482.42054,391.0
482.42054,391.0 482.42054,391.0 482.42054,391.0
;
398.19098,375.85017 398.19098,375.85017 401.65044,374.45762
385.83071,366.68343 386.0,362.0 383.58473,369.507
375.50741,366.29204 390.33324,374.61902 392.81052,375.31859
395.59045,375.56965 398.19098,375.85017 398.19098,375.85017
398.19098,375.85017 398.19098,375.85017 398.19098,375.85017
;
382.91799,360.71887 382.91799,360.71887 391.84123,354.17508
370.12592,351.67258 382.918,360.71887 382.918,360.71887
382.91799,360.71887 382.91799,360.71887 382.91799,360.71887
;
475.0,479.98655 475.0,479.98655 468.59691,474.45344
476.19837,458.52233 476.03186,449.22566 476.78009,439.16939
480.56826,429.86075 484.68318,421.44617 487.64049,405.19284
487.99047,411.8756 485.58097,423.42828 481.42875,441.74554
479.62006,459.97059 474.55867,478.10927 475.98805,479.39174
480.22435,480.53482 475.0,479.98655 475.0,479.98655
475.0,479.98655 475.0,479.98655 475.0,479.98655
;
389.037,468.74482 389.037,468.74482 383.56948,468.52201
385.72904,447.22785 390.75925,464.04626 390.98019,465.9026
391.92109,468.34062 389.037,468.74482 389.037,468.74482
389.037,468.74482 389.037,468.74482 389.037,468.74482
;
378.89004,430.0 378.89004,430.0 378.64623,427.03479
372.57823,402.45585 377.03331,413.75048 376.80033,420.325
386.29618,425.55183 378.89004,430.0 378.89004,430.0
378.89004,430.0 378.89004,430.0 378.89004,430.0
;
363.06437,344.0 363.06437,344.0 357.24476,338.58591
365.39305,329.23932 363.06437,344.0 363.06437,344.0
363.06437,344.0 363.06437,344.0 363.06437,344.0
;
