182.25,479.90032 182.25,479.90032 121.5,479.93355
60.75,479.96677 0.0,480.0 0.0,320.0
0.0,160.0 0.0,0.0 284.66667,0.0
569.33333,0.0 854.0,0.0 854.0,160.0
854.0,320.0 854.0,480.0 748.83333,479.8933
643.66667,479.78661 538.5,479.67993 549.31982,479.44238
557.55567,469.10527 565.16667,465.07251 572.90156,454.85146
584.07333,445.78657 593.23665,439.80808 582.65508,431.75232
574.95005,449.75563 566.99282,455.25824 561.45342,460.99251
551.90952,466.41773 543.73987,472.19641 537.08538,482.23186
529.66247,479.96432 516.38494,479.96281 478.75663,479.89791
441.12831,479.83294 403.5,479.768 408.32056,475.90871
404.48627,460.49016 402.75287,452.5933 398.90688,444.26551
400.01702,430.177 397.1667,425.0 396.25875,425.9681
393.85356,414.26781 393.75289,409.5 394.04096,401.60607
389.98958,413.09578 388.0608,399.5 395.65366,403.60254
400.16427,408.92991 400.91286,417.44616 404.24701,413.83194
403.91409,406.5365 403.23324,403.0 401.75192,395.33644
391.95154,393.49458 401.09928,390.31409 416.75843,397.10683
399.96185,388.69896 398.02732,382.5 397.42018,363.64762
395.41511,392.56368 390.01533,381.86111 401.11713,382.40536
380.001,362.51268 395.98403,371.85116 405.23768,379.55314
417.42435,381.11196 429.96326,385.0 447.75221,386.29545
465.58715,378.73071 478.40017,366.54356 476.47663,387.19569
484.73728,366.13889 482.90411,363.6808 477.61685,381.89362
474.44237,400.84756 469.27195,419.12728 462.43377,430.09736
468.23265,436.50114 473.14687,423.93308 477.05909,409.26952
479.97434,394.29444 483.45741,379.50001 487.53102,387.41241
487.48282,395.69261 486.59968,405.50001 488.25481,429.17609
477.63231,450.91737 474.74237,474.00001 480.32203,469.11454
481.5475,456.08421 484.04355,447.65612 485.22991,436.35246
489.85135,427.56163 486.15381,444.00001 484.18259,455.59776
483.3962,467.35609 481.73993,479.00001 491.20403,477.44955
485.58363,458.8938 489.48522,450.80391 492.59638,432.54961
496.30585,414.08316 498.8995,395.55971 495.66804,375.14966
500.24203,353.55076 492.04291,334.00001 487.00245,330.16728
487.6871,318.33492 481.85223,311.33882 482.64852,314.28845
478.25561,324.38132 481.11806,325.00001 480.23221,339.10945
476.96296,315.3675 474.90753,309.00001 472.82796,299.79633
466.62101,288.55059 473.21649,280.30025 483.1123,272.2371
485.02532,258.42167 490.6682,248.4349 500.48436,244.69893
494.24543,230.64895 491.92958,245.00001 487.74879,238.44523
492.04097,228.93114 493.96454,220.74204 496.74143,207.94987
493.69599,194.68473 494.83503,181.6871 490.78549,178.32853
491.15822,170.52694 485.89951,159.61115 482.04906,147.49541
479.52179,132.47668 470.23687,123.91234 470.52115,134.26439
472.77381,138.00495 476.26284,147.40587 477.88253,151.16421
484.42036,170.14477 481.41656,166.30253 470.61609,154.08663
453.53534,161.05457 440.00055,163.93724 439.28849,176.6856
452.89162,169.97548 463.45807,170.63532 471.37222,170.95371
487.67364,173.1667 484.19391,179.62006 490.93788,192.93821
487.46689,209.73782 487.63111,224.37221 484.6484,245.48326
483.01969,272.24691 461.35461,282.80091 453.4771,287.94582
443.72337,297.484 457.00062,291.00001 462.99752,281.55975
467.23937,285.76606 463.74048,298.4583 463.14042,305.48146
462.27054,327.98616 467.00062,310.26797 465.89175,290.72212
469.97196,300.77592 470.44999,314.44654 472.53212,332.17033
473.92584,300.03907 473.99424,320.50001 474.82982,325.7679
480.22812,346.38645 483.02937,332.68376 490.18098,330.88504
476.378,341.78657 480.52024,349.24626 485.28008,358.32256
471.55121,367.03959 464.03912,372.38218 458.2204,373.80815
454.51208,373.96436 443.118,376.00008 431.32059,385.48564
415.88201,376.57712 403.11244,372.75351 393.45927,366.26076
398.95964,368.24571 398.81119,363.59576 390.16117,356.61561
397.37706,347.27015 391.02911,336.5 391.2558,326.04525
385.81253,316.33019 384.73809,308.19406 381.79277,301.1233
382.50392,287.49126 377.70495,284.0 378.28074,299.7732
380.63288,315.60832 387.47026,329.45389 385.36502,336.54943
396.79178,355.31852 389.50005,353.68953 378.77198,349.73853
400.49662,370.20999 392.00005,364.89301 383.02762,362.41483
377.70947,351.27941 377.39306,341.58179 371.76721,337.39942
381.29579,361.46644 372.00005,348.0 366.28226,350.79863
373.60923,375.72879 368.00005,373.5 360.67359,376.84402
368.55713,378.04848 369.9398,380.41286 370.20806,393.16283
372.37643,405.38145 375.95369,417.12006 366.27184,414.70193
378.03029,433.92743 377.1989,440.03402 381.69982,452.91179
380.58829,467.90006 385.07042,479.0 393.63493,476.99462
404.08592,480.35704 388.70351,479.77739 377.71509,478.15516
362.94844,483.71279 366.42805,475.70021 356.53609,466.44293
347.19473,454.78443 336.00002,447.99996 341.48029,454.86948
327.94413,447.78412 339.3157,458.73732 347.94492,465.35551
354.21591,476.02646 364.50002,479.8006 303.75002,479.8339
242.99999,479.867 182.25,479.9003 182.25,479.9003
182.25,479.90032 182.25,479.90032 182.25,479.90032
;
216.06629,479.0 216.06629,479.0 221.17851,472.5439
220.93202,459.2557 225.19937,450.38636 231.15998,422.48468
236.63822,394.32109 248.89042,368.44368 259.71006,356.80611
268.79276,342.92819 285.02082,338.92012 295.12632,332.45324
312.1618,330.71446 313.38084,316.87663 317.80233,298.44416
321.94304,278.77647 317.10608,259.67874 313.24227,241.63284
317.53421,222.48956 321.67628,205.59949 322.89401,198.03456
328.29558,191.41651 328.69764,183.57377 331.97558,172.14489
338.56136,162.60406 340.74488,150.75759 350.26603,124.66739
367.41194,97.609017 395.49936,88.140598 412.8155,80.612651
433.98662,81.169658 449.41639,92.144157 472.18092,94.50571
481.49618,118.42623 490.44008,135.22594 500.14276,156.53151
502.92852,183.22373 507.93865,207.5 513.46032,231.18783
516.54408,255.73513 516.99752,280.29286 521.54996,291.1548
522.93249,303.88103 529.82681,314.30541 531.82729,325.13731
545.11321,325.62586 549.54589,333.0 560.77282,340.62052
540.39294,321.94012 556.1328,333.0 562.49476,340.25276
576.87963,339.89792 580.7581,346.92706 574.42711,358.0019
590.36964,361.80471 594.05791,370.80746 609.4947,390.38408
609.91191,416.43736 611.88527,440.1219 613.98604,453.89928
623.34159,465.36387 626.48211,479.0 634.50245,476.21041
622.4293,459.67735 620.76315,451.78146 609.99355,434.09987
618.16838,411.56613 609.09954,392.90296 606.13945,376.05563
594.94572,363.49194 582.9276,352.16278 591.18072,342.30416
576.83696,339.78028 569.87438,335.5071 559.53677,332.25836
553.28647,323.31364 542.32285,320.69882 530.72423,315.90882
530.14809,298.39897 524.69977,287.69519 521.42996,274.76237
519.56846,259.52622 520.14555,247.16735 523.49578,229.46106
515.51896,250.95177 519.23713,236.50068 519.43827,223.43001
520.93161,217.85572 516.14761,205.68967 515.43233,193.68783
519.77616,196.69654 513.94755,184.5 510.4383,174.48435
506.54683,162.01833 505.12718,153.0 498.46905,146.8883
501.74367,139.87365 497.5,132.03063 501.73501,131.02226
495.9583,121.18003 496.05776,126.83812 496.13586,120.41923
490.30246,110.57327 484.96738,108.13823 482.97049,106.15732
479.93422,103.85432 478.20827,104.91848 477.29076,99.3491
468.07303,95.648874 475.0,94.244889 467.08523,87.548223
456.97525,89.55237 452.39474,85.912642 443.23686,85.038452
448.68375,83.910908 436.65201,80.739022 422.61508,75.123162
404.09206,81.140912 392.0,84.956163 383.06414,88.628882
370.3486,94.722627 363.53273,104.28963 349.36732,116.23355
342.43114,134.03476 334.64712,149.36453 330.57264,162.11536
326.22992,176.00179 322.27502,187.5 319.79665,200.69057
312.86274,210.23721 313.24125,223.69521 308.67068,230.0389
312.86317,237.95901 310.70584,249.5 307.19715,255.73913
315.32952,264.2751 314.22173,274.38195 309.86025,285.49589
314.59921,285.27978 309.00003,290.83333 308.4236,297.85398
310.29262,302.80606 305.96738,311.30904 302.85991,321.74003
291.66653,327.30733 284.44333,333.0 280.65343,338.7872
272.5899,337.06962 268.32028,341.5 254.03627,357.01244
237.64756,372.45275 234.88279,394.5 225.77038,421.50466
222.64718,451.08139 213.01738,477.68402 213.92798,478.3779
214.47086,479.95964 216.06629,479.0 216.06629,479.0
216.06629,479.0 216.06629,479.0 216.06629,479.0
;
513.19485,194.20515 513.19485,194.20515 509.075,195.71767
511.69129,177.44971 513.19485,194.20515 513.19485,194.20515
513.19485,194.20515 513.19485,194.20515 513.19485,194.20515
;
461.00511,461.57143 461.00511,461.57143 463.85961,461.45704
466.73948,433.63665 461.95086,448.70003 462.48368,451.62723
455.73528,462.38985 461.00511,461.57143 461.00511,461.57143
461.00511,461.57143 461.00511,461.57143 461.00511,461.57143
;
574.96643,439.0 574.96643,439.0 586.97601,439.65296
581.09733,421.10703 571.77248,426.20699 566.83159,429.35011
568.27805,439.91639 574.96643,439.0 574.96643,439.0
574.96643,439.0 574.96643,439.0 574.96643,439.0
;
480.96482,429.0 480.96482,429.0 488.17587,421.76544
483.22605,407.86724 485.23166,398.0 479.55792,403.27007
484.66158,418.14611 480.20901,426.81557 480.22041,427.48246
479.22873,429.79995 480.96482,429.0 480.96482,429.0
480.96482,429.0 480.96482,429.0 480.96482,429.0
;
474.0,359.0 474.0,359.0 484.96885,352.47212
471.29556,350.88475 474.0,359.0 474.0,359.0
474.0,359.0 474.0,359.0 474.0,359.0
;
396.02499,325.0 396.02499,325.0 398.15031,318.21325
389.70899,307.84832 388.32121,298.92121 382.82248,295.9563
390.69721,315.07857 393.11698,320.75 394.26367,321.74227
393.95777,325.48057 396.02499,325.0 396.02499,325.0
396.02499,325.0 396.02499,325.0 396.02499,325.0
;
406.75,294.89362 406.75,294.89362 409.23192,293.47269
393.72811,281.30003 392.0,288.0 398.72851,287.20484
399.00633,294.69936 406.75,294.89362 406.75,294.89362
406.75,294.89362 406.75,294.89362 406.75,294.89362
;
386.063,289.96628 386.063,289.96628 389.47985,283.89314
392.23257,285.95639 381.46945,277.42135 373.51669,270.22741
367.63653,260.57944 365.74403,249.5 363.49,240.2562
361.683,230.56228 362.21398,222.0 366.2823,214.50596
370.03254,216.02307 373.18163,207.22492 376.12635,196.94078
355.64559,223.46547 367.59759,207.42591 375.50231,192.35889
375.01738,199.22542 377.0,201.36803 378.773,188.61555
388.32083,196.34634 391.0,193.0 392.28431,192.77114
410.38961,194.76589 411.06548,188.55505 405.58106,180.94466
396.06041,175.78678 386.74954,179.21377 384.90408,179.25917
384.17318,171.60621 391.38977,171.52689 398.30666,165.39042
413.31855,180.74156 415.32104,169.9995 424.03703,177.79604
415.5566,159.96468 406.02025,162.25868 397.99024,159.17542
409.67766,147.93544 410.96462,143.84463 415.82294,131.43243
415.13684,133.17503 416.48761,127.84509 425.75249,118.96536
426.71997,111.09922 414.8836,123.34235 410.44524,135.13304
401.89088,143.68265 394.73424,153.9995 383.6472,159.1977
394.71464,161.53606 396.83067,165.12527 387.06573,164.46772
379.16362,169.35305 376.54188,178.62791 370.07318,189.6964
391.96003,184.66063 376.34715,188.10662 369.49342,192.60345
368.16028,191.68414 363.59796,203.5 356.05624,212.08425
354.56569,221.8419 356.72633,232.90908 358.68476,244.16723
356.92572,249.38658 361.30797,258.5 366.34552,268.58921
373.62811,277.27099 382.00003,285.07256 381.17587,287.1594
383.262,292.97775 386.063,289.96628 386.063,289.96628
386.063,289.96628 386.063,289.96628 386.063,289.96628
;
395.16667,192.0 395.16667,192.0 381.58307,195.51386
386.78426,175.49281 391.0,188.0 393.36926,178.51188
414.675,186.8594 399.89977,185.56194 399.46421,187.29268
399.18586,190.98756 395.16667,192.0 395.16667,192.0
395.16667,192.0 395.16667,192.0 395.16667,192.0
;
403.70031,260.93232 403.70031,260.93232 410.74975,254.36692
424.46003,263.16182 434.43516,259.21995 444.31265,256.55553
459.38146,259.49956 457.00001,258.00002 458.85618,247.1398
444.1036,245.27381 438.69293,239.68981 450.35238,249.88485
437.70221,245.44832 426.50001,245.33375 419.29951,236.03891
403.90595,255.43977 411.78859,243.7452 425.56677,229.23156
392.3041,258.67819 398.6303,250.25002 397.19383,255.48993
396.95981,260.58409 403.70031,260.93232 403.70031,260.93232
403.70031,260.93232 403.70031,260.93232 403.70031,260.93232
;
424.83749,251.6384 424.83749,251.6384 417.71064,258.83911
421.94978,241.46797 424.83749,251.6384 424.83749,251.6384
424.83749,251.6384 424.83749,251.6384 424.83749,251.6384
;
318.68358,258.9682 318.68358,258.9682 330.86703,254.32711
314.28855,249.13861 318.68358,258.9682 318.68358,258.9682
318.68358,258.9682 318.68358,258.9682 318.68358,258.9682
;
505.79519,256.0 505.79519,256.0 512.72519,244.76318
506.01742,240.79468 504.78602,256.0 504.78602,256.0
505.79519,256.0 505.79519,256.0 505.79519,256.0
;
321.32818,252.05954 321.32818,252.05954 324.61411,234.51513
308.64141,252.17517 321.32818,252.05954 321.32818,252.05954
321.32818,252.05954 321.32818,252.05954 321.32818,252.05954
;
426.35699,242.85017 426.35699,242.85017 431.9129,236.26555
425.95083,231.75932 425.02956,238.7612 416.58367,237.71749
416.19793,241.85452 426.35699,242.85017 426.35699,242.85017
426.35699,242.85017 426.35699,242.85017 426.35699,242.85017
;
509.0,239.0 509.0,239.0 513.58679,229.24915
504.91641,227.38826 509.0,239.0 509.0,239.0
509.0,239.0 509.0,239.0 509.0,239.0
;
412.25,228.87722 412.25,228.87722 418.12633,229.63606
429.17645,221.81268 414.11803,222.0 407.16342,225.87809
417.23519,198.68213 404.95404,213.66669 398.26784,221.88366
404.29476,231.36873 408.0,218.6 408.82951,224.9248
402.22042,227.75741 412.25,228.87722 412.25,228.87722
412.25,228.87722 412.25,228.87722 412.25,228.87722
;
441.25,228.81912 441.25,228.81912 448.23243,227.01259
443.49468,216.49525 446.14647,212.67506 442.36266,215.57157
441.86716,226.04647 431.16216,224.36848 430.47582,226.67335
438.75298,227.08829 441.25,228.81912 441.25,228.81912
441.25,228.81912 441.25,228.81912 441.25,228.81912
;
450.3595,222.71976 450.3595,222.71976 456.59314,212.69968
443.35764,211.23811 450.3595,222.71976 450.3595,222.71976
450.3595,222.71976 450.3595,222.71976 450.3595,222.71976
;
430.44098,221.0 430.44098,221.0 438.7646,217.44382
423.41145,212.21968 430.44098,221.0 430.44098,221.0
430.44098,221.0 430.44098,221.0 430.44098,221.0
;
399.16667,200.0 399.16667,200.0 410.96327,195.73081
398.88902,191.78233 397.33333,200.0 397.33333,200.0
399.16667,200.0 399.16667,200.0 399.16667,200.0
;
464.5,199.17622 464.5,199.17622 471.0786,195.33241
450.80799,197.84985 449.89634,193.5412 442.26575,196.70546
460.46431,201.73559 464.5,199.17622 464.5,199.17622
464.5,199.17622 464.5,199.17622 464.5,199.17622
;
462.51241,195.0 462.51241,195.0 468.21718,192.13471
492.88131,190.05467 476.85085,181.61142 466.12038,175.4088
449.04587,177.00109 442.83868,189.13722 445.51371,194.10813
460.20495,190.06984 462.51241,195.0 462.51241,195.0
462.51241,195.0 462.51241,195.0 462.51241,195.0
;
461.61743,190.3311 461.61743,190.3311 457.24838,190.3833
449.02924,184.08717 456.80098,182.53336 472.93225,181.92566
454.29874,181.66653 464.0,188.76998 464.0,188.76998
462.36116,189.84379 462.36116,189.84379 462.36116,189.84379
461.61743,190.3311 461.61743,190.3311 461.61743,190.3311
;
470.30887,190.0 470.30887,190.0 463.93692,183.33676
478.24366,181.21077 471.61774,190.0 471.61774,190.0
470.30887,190.0 470.30887,190.0 470.30887,190.0
;
510.86269,158.36991 510.86269,158.36991 510.77869,140.6996
503.05785,156.26511 510.5,158.63186 510.5,158.63186
510.86269,158.36991 510.86269,158.36991 510.86269,158.36991
;
471.18709,123.0 471.18709,123.0 471.97297,114.67365
458.41953,113.14884 470.37418,123.0 470.37418,123.0
471.18709,123.0 471.18709,123.0 471.18709,123.0
;
462.25,116.91878 462.25,116.91878 462.43558,111.42603
446.88988,106.49951 440.01363,110.61363 450.23961,115.50574
451.18291,113.20028 462.25,116.91876 462.25,116.91876
462.25,116.91878 462.25,116.91878 462.25,116.91878
;
485.25,105.94467 485.25,105.94467 488.30222,98.702279
468.5196,90.124797 485.25,105.94467 485.25,105.94467
485.25,105.94467 485.25,105.94467 485.25,105.94467
;
441.0,99.0 441.0,99.0 460.72649,97.304002
421.32309,96.202857 440.87791,99.0 440.87791,99.0
441.0,99.0 441.0,99.0 441.0,99.0
;
398.5942,469.0 398.5942,469.0 393.38565,462.28441
395.78889,452.63298 390.97316,445.0 399.0749,446.09845
395.6332,463.99067 398.5942,469.0 398.5942,469.0
398.5942,469.0 398.5942,469.0 398.5942,469.0
;
394.25,437.86382 394.25,437.86382 385.83718,440.66724
383.85244,417.21049 389.0,429.11663 388.9064,432.44935
394.57311,429.39091 394.25,437.86382 394.25,437.86382
394.25,437.86382 394.25,437.86382 394.25,437.86382
;
390.38337,425.0 390.38337,425.0 384.33933,427.83463
386.61981,408.95238 389.50444,419.02019 389.75887,423.41022
393.48894,419.84319 390.38337,425.0 390.38337,425.0
390.38337,425.0 390.38337,425.0 390.38337,425.0
;
492.36733,410.03267 492.36733,410.03267 485.98025,409.91258
490.37475,380.47579 493.45658,397.02267 492.67117,400.95964
494.83708,406.93272 492.36733,410.03267 492.36733,410.03267
492.36733,410.03267 492.36733,410.03267 492.36733,410.03267
;
380.47708,398.0 380.47708,398.0 374.09385,393.30769
377.9683,389.52665 374.1119,384.7119 380.31238,387.82997
381.24336,390.32084 380.47708,398.0 380.47708,398.0
380.47708,398.0 380.47708,398.0 380.47708,398.0
;
386.11803,392.0 386.11803,392.0 377.70217,392.93505
380.43083,373.95273 385.45601,388.57441 384.67631,389.14142
388.92602,392.84874 386.11803,392.0 386.11803,392.0
386.11803,392.0 386.11803,392.0 386.11803,392.0
;
490.01127,386.49304 490.01127,386.49304 486.141,379.80434
491.43692,366.83793 490.06357,357.5 496.68054,367.65097
489.67977,368.88665 492.35062,376.68731 491.39074,379.70692
492.06768,384.21933 490.01123,386.49304 490.01123,386.49304
490.01127,386.49304 490.01127,386.49304 490.01127,386.49304
;
384.96862,379.0 384.96862,379.0 376.12177,374.27648
393.45297,365.355 384.96862,379.0 384.96862,379.0
384.96862,379.0 384.96862,379.0 384.96862,379.0
;
378.04679,378.0 378.04679,378.0 371.38612,376.37849
372.55105,350.88545 375.0,359.00005 376.44232,358.88893
379.71255,375.70123 378.04679,378.0 378.04679,378.0
378.04679,378.0 378.04679,378.0 378.04679,378.0
;
478.80902,168.93661 478.80902,168.93661 468.87308,168.30237
462.88657,160.25641 475.22157,167.0 477.12531,166.41007
479.12085,167.58123 478.80902,168.93661 478.80902,168.93661
478.80902,168.93661 478.80902,168.93661 478.80902,168.93661
;
