427.0,480.0 427.0,480.0 284.66667,480.0
142.33333,480.0 0.0,480.0 0.0,320.0
0.0,160.0 0.0,0.0 284.66667,0.0
569.33333,0.0 854.0,0.0 854.0,160.0
854.0,320.0 854.0,480.0 711.66667,480.0
569.33333,480.0 427.0,480.0 427.0,480.0
427.0,480.0 427.0,480.0 427.0,480.0
;
236.305,479.0 236.305,479.0 240.28284,470.48389
240.78819,456.76197 245.28567,446.68995 258.22591,417.26021
259.03852,380.2867 285.67601,358.45324 297.36978,347.04486
316.34866,344.26747 327.76108,333.80563 335.84219,329.83149
339.24016,318.1386 340.0,308.42337 338.44919,300.15755
339.74959,288.66352 336.49733,278.65806 332.36235,243.10844
350.30466,210.93103 359.08638,177.54166 369.57166,146.82548
396.97216,118.01292 431.5,119.65571 445.12594,118.79901
458.15082,125.69159 470.22205,131.12896 498.82759,155.19437
503.89968,195.25467 510.10824,230.01829 514.34516,263.77712
507.70411,300.07851 523.28144,331.49938 528.47607,336.45296
545.5912,345.03917 543.5,344.23405 533.5826,334.70107
554.88384,349.90441 560.17606,350.34409 571.05568,353.32537
563.90111,367.23558 575.95499,372.74896 593.31105,393.96796
594.90436,423.10356 593.84664,449.49936 598.95515,458.71377
601.79303,471.30805 606.57089,478.99936 609.26898,472.00332
601.15317,459.37327 597.90931,450.87752 595.49562,432.08746
599.01021,411.54366 590.69979,393.39207 587.16003,380.76333
578.98458,370.75942 569.99985,361.53681 573.90553,348.70701
558.46242,346.65876 549.92575,342.69688 542.33817,335.59918
533.35897,335.4283 526.04328,328.06035 525.04719,320.54535
522.29865,324.61331 519.69711,310.59042 515.84757,295.40406
515.23814,278.77818 518.05642,263.5 510.53481,274.54245
521.24371,251.38938 517.66064,246.13767 516.93766,227.08012
516.02826,209.22081 508.9277,191.85825 503.93616,179.48963
504.48047,165.96809 497.07649,154.78085 492.66081,140.57524
486.92753,138.77762 495.07521,153.61346 496.27049,162.4175
486.27296,134.41006 486.99993,138.0 481.74629,139.44224
471.01231,127.00389 477.45506,128.89741 479.37696,125.54288
462.54737,125.04852 457.70556,120.74833 448.04635,118.29805
438.37932,116.17523 428.49993,113.81137 430.72443,118.53408
409.0223,116.99236 402.25981,122.3649 368.57266,136.68799
355.05995,174.24973 345.61934,206.91695 337.14733,229.48439
332.77225,252.00283 331.29877,276.61601 331.05431,284.19838
339.23952,293.07073 334.01149,300.62743 333.0516,310.10126
333.81227,321.18583 324.67511,326.76415 316.37927,334.27474
308.19227,340.71736 299.2118,346.30348 265.22589,360.61616
256.70698,400.30725 247.86595,432.2497 241.41055,446.99428
236.61259,462.95712 234.99992,479.00003 234.99992,479.00003
236.30492,479.00003 236.30492,479.00003 236.30492,479.00003
236.305,479.0 236.305,479.0 236.305,479.0
;
315.25,338.39931 315.25,338.39931 312.86897,338.6026
331.59118,323.03707 323.88197,331.0 325.62431,332.28695
317.75984,336.6092 315.25,338.39931 315.25,338.39931
315.25,338.39931 315.25,338.39931 315.25,338.39931
;
513.07282,223.0 513.07282,223.0 509.75034,214.0278
513.20839,203.03141 514.0,220.5244 512.87992,220.5386
515.2447,224.03762 513.07282,223.0 513.07282,223.0
513.07282,223.0 513.07282,223.0 513.07282,223.0
;
503.4166,178.0 503.4166,178.0 496.79133,167.35039
499.54505,159.11928 503.06099,175.25 501.6481,175.03118
505.23662,178.52068 503.4166,178.0 503.4166,178.0
503.4166,178.0 503.4166,178.0 503.4166,178.0
;
389.30902,478.98411 389.30902,478.98411 395.6288,480.93514
389.45493,471.05148 381.44999,464.92258 372.75794,464.80462
378.54822,458.5201 365.7113,451.61622 351.87778,443.83259
365.96091,460.37254 372.0,463.2449 374.3071,457.472
379.26402,474.85676 387.73011,478.21251 387.73011,478.21251
388.5,478.96823 388.5,478.96823 388.5,478.96823
389.30902,478.98413 389.30902,478.98413 389.30902,478.98413
389.30902,478.98411 389.30902,478.98411 389.30902,478.98411
;
368.01718,457.0 368.01718,457.0 353.12478,449.5158
364.19819,447.38924 368.01718,457.0 368.01718,457.0
368.01718,457.0 368.01718,457.0 368.01718,457.0
;
404.08081,477.49464 404.08081,477.49464 405.00714,476.26713
408.64199,479.84536 420.37979,478.64983 422.30003,471.52865
417.33522,457.33039 415.76793,447.71628 411.77234,437.41171
411.7017,425.44606 406.69833,416.58072 403.99089,404.32311
398.07025,402.51724 399.58876,391.5 402.55858,402.77198
405.86285,408.98562 404.0,398.5 402.66588,390.9227
403.25926,383.18865 403.0,378.5132 406.75812,372.85757
422.64092,387.28533 432.18963,387.46974 449.73339,394.77238
468.60953,384.99946 481.62463,373.19746 479.34187,390.12636
489.904,352.79511 484.9262,375.70921 483.22952,381.38782
482.34116,390.03888 481.21448,399.33925 480.31798,408.41937
473.16507,429.90165 476.05316,429.54249 477.59397,432.86964
481.37239,421.07988 481.788,413.5 482.55891,406.69386
488.05909,382.10181 486.10207,386.0 485.34956,383.55225
489.5438,378.97276 491.17816,387.36953 492.73692,387.85033
492.51434,369.91277 491.57416,363.0 489.8271,351.15352
496.00146,376.72281 493.862,381.8151 490.01016,397.30757
492.42579,389.43108 494.9998,398.62756 492.64161,415.22279
492.33958,432.01166 488.82372,448.5 491.45311,457.86346
486.40614,482.83328 486.45924,478.98054 495.39955,476.59625
489.82372,459.85098 492.97885,451.70777 494.56249,425.89845
502.06941,400.52251 497.60895,374.63863 497.17967,364.17322
494.42651,353.68935 490.8618,343.96735 489.35795,334.18889
481.03849,338.79574 485.45911,330.04434 476.14304,313.33438
486.88393,334.89282 481.04708,341.28623 477.2266,329.31057
475.14998,317.40533 474.7126,304.13337 486.55813,293.75938
490.40763,277.61512 496.23078,264.25431 497.66399,263.09745
493.28362,254.99719 498.59705,244.10384 501.35522,238.10232
499.38711,205.75816 498.77911,213.6521 498.76851,212.62343
495.61948,198.45319 492.18806,188.9732 487.43545,178.88216
485.83187,164.38184 477.73678,157.48717 468.53533,153.39514
483.99052,169.03519 483.06956,176.4566 483.02846,182.6639
495.92524,199.71319 488.31236,198.26891 482.74402,196.15349
456.32404,195.34787 473.99411,194.85879 473.85348,188.90851
491.70526,199.59485 487.33659,193.96822 477.99739,184.99411
465.10491,191.83559 454.5,194.65884 452.88187,205.61805
465.76028,199.20992 476.45927,200.5701 489.41734,196.72745
494.18287,207.08876 494.85561,218.2629 499.23117,240.85728
490.24051,262.63686 484.65129,284.19589 481.35233,294.68425
471.79857,301.07827 464.689,308.89417 473.39216,309.15284
464.95373,316.81166 472.91055,305.86323 472.43132,311.3716
472.87435,337.92115 474.98287,327.85034 476.7999,322.64176
479.99553,353.67045 482.86107,341.36037 488.49428,332.3169
486.18426,366.15528 487.09942,360.56145 487.66425,352.88313
479.95239,339.01234 483.01675,356.13915 484.51685,367.16729
484.54299,361.46842 479.58859,370.94251 474.19393,380.18627
464.90028,378.81276 456.50011,381.73887 439.66379,386.57701
446.37746,386.09493 459.37559,383.92895 450.94262,388.69269
434.94399,388.60633 439.15602,387.08537 423.29952,381.76057
404.56282,376.00221 394.02827,363.24068 393.77078,351.79275
388.76989,342.62178 392.11573,358.9019 392.94591,368.83246
384.2202,352.1879 387.23988,369.7905 387.35236,392.05645
389.03885,414.0697 397.00014,434.81284 388.34477,432.95407
399.92464,450.38516 399.19306,456.429 400.72715,460.40507
402.00015,481.09282 404.08081,477.49464 404.08081,477.49464
404.08081,477.49464 404.08081,477.49464 404.08081,477.49464
;
415.4318,471.0 415.4318,471.0 409.0716,456.40359
404.3274,439.44487 399.0,424.10494 398.41871,417.85315
387.796,403.51779 398.07037,414.0 391.49286,406.54814
393.18889,400.15513 390.38067,391.06824 388.55169,380.02077
395.40994,394.41621 396.90401,387.70108 401.92004,396.58174
390.69403,391.15304 398.03789,401.47662 401.56574,410.3987
395.74348,409.84964 403.00003,417.11803 401.51161,413.78107
405.26382,421.68704 407.03656,424.6346 405.38029,432.88366
409.07518,426.56771 410.13104,440.5 406.03633,438.72944
415.49092,452.96551 413.0247,459.74336 413.0491,463.38513
415.42105,468.37902 415.4318,471.0 415.4318,471.0
415.4318,471.0 415.4318,471.0 415.4318,471.0
;
393.55214,388.0 393.55214,388.0 387.67474,377.40526
393.57524,382.71701 389.99448,373.0408 389.2479,356.49264
392.64006,371.44472 394.26023,375.90036 395.68002,380.425
391.20387,382.60032 393.55214,388.0 393.55214,388.0
393.55214,388.0 393.55214,388.0 393.55214,388.0
;
400.52305,386.0 400.52305,386.0 394.93348,383.55079
394.03213,359.71285 397.05985,375.5 399.27106,369.70333
401.76929,375.64632 400.52305,386.0 400.52305,386.0
400.52305,386.0 400.52305,386.0 400.52305,386.0
;
533.07814,479.0 533.07814,479.0 538.66222,476.45762
538.15694,479.489 548.71832,468.79272 559.09666,459.08323
568.78116,448.66654 578.41031,438.22022 586.87354,431.82813
564.50191,439.54184 563.23371,448.2417 554.45408,460.21357
540.00143,466.422 531.81376,479.0 531.81376,479.0
533.07814,479.0 533.07814,479.0 533.07814,479.0
;
554.49001,461.0 554.49001,461.0 554.93175,459.14191
574.23236,438.21328 564.38268,450.75 561.49469,454.38729
558.35531,458.69782 554.49001,461.0 554.49001,461.0
554.49001,461.0 554.49001,461.0 554.49001,461.0
;
482.93217,463.5 482.93217,463.5 486.5587,451.81101
489.63984,439.79079 489.96607,427.5 486.09969,441.25989
481.8898,455.17264 480.98672,469.5 481.6352,467.5
482.28369,465.5 482.93217,463.5 482.93217,463.5
482.93217,463.5 482.93217,463.5 482.93217,463.5
;
469.66436,457.24377 469.66436,457.24377 475.49084,454.48037
475.49854,439.50304 473.00941,445.0 474.17966,435.33345
466.98259,463.01822 469.66436,457.24377 469.66436,457.24377
469.66436,457.24377 469.66436,457.24377 469.66436,457.24377
;
567.16482,436.0 567.16482,436.0 579.7277,435.03021
563.95646,416.48776 562.0,430.10216 561.04691,433.44186
563.51746,436.95053 567.16482,436.0 567.16482,436.0
567.16482,436.0 567.16482,436.0 567.16482,436.0
;
487.51253,426.5 487.51253,426.5 490.51517,422.94825
487.77114,398.18208 490.61313,410.25 490.51943,418.83784
492.46954,396.19538 488.9003,393.75 485.63545,392.66851
489.13549,400.52234 488.41887,402.60317 485.99945,408.48061
487.31619,425.29173 487.51249,426.5 487.51249,426.5
487.51253,426.5 487.51253,426.5 487.51253,426.5
;
414.0831,413.3877 414.0831,413.3877 417.38839,406.92352
405.77441,387.56665 419.93002,396.9976 413.50419,398.18188
411.55781,378.22953 407.0,384.06269 412.65392,388.44372
403.22352,396.76943 410.58676,406.56228 414.13041,407.47718
412.27303,421.79855 414.0831,413.3877 414.0831,413.3877
414.0831,413.3877 414.0831,413.3877 414.0831,413.3877
;
411.6696,402.66373 411.6696,402.66373 407.17077,393.92046
411.34624,384.41712 412.24187,402.09146 412.24187,402.09146
411.6696,402.66373 411.6696,402.66373 411.6696,402.66373
;
384.61439,388.0 384.61439,388.0 383.35927,384.09687
382.14667,357.32481 382.14501,373.5 381.74069,378.31176
382.06601,384.31698 384.61439,388.0 384.61439,388.0
384.61439,388.0 384.61439,388.0 384.61439,388.0
;
411.86501,372.96959 411.86501,372.96959 407.61955,370.87915
406.32085,344.38428 404.79492,356.49999 404.32463,362.47329
405.2877,370.87149 411.86501,372.96959 411.86501,372.96959
411.86501,372.96959 411.86501,372.96959 411.86501,372.96959
;
403.74714,344.84885 403.74714,344.84885 400.10722,335.07505
398.45421,324.25911 396.23155,313.78387 390.51432,296.84017
394.95762,323.82545 396.09799,329.43487 398.5582,332.80057
402.81481,346.68111 403.74714,344.84885 403.74714,344.84885
403.74714,344.84885 403.74714,344.84885 403.74714,344.84885
;
408.19927,336.0 408.19927,336.0 407.36029,332.32617
402.19544,316.00338 400.0712,315.5 401.72012,322.44298
403.3799,331.14302 408.19927,336.0 408.19927,336.0
408.19927,336.0 408.19927,336.0 408.19927,336.0
;
466.77205,332.5 466.77205,332.5 471.81149,317.9483
465.94437,318.93562 465.77205,333.5 465.77205,333.5
466.77205,332.5 466.77205,332.5 466.77205,332.5
;
407.28493,304.0 407.28493,304.0 403.13058,298.56914
392.69443,288.85105 388.0,283.06277 385.29998,270.0467
383.66449,270.30924 389.18783,273.19804 385.85235,264.86601
384.69498,255.17668 385.27382,245.78726 382.55979,241.05762
395.73204,228.17196 400.77714,223.40715 410.4413,226.21507
420.78572,215.6883 425.0,222.11803 432.29209,214.07166
416.71632,205.94621 409.04625,208.27021 399.67562,211.36314
412.74342,192.79826 407.75206,208.0854 410.31092,195.91549
422.32099,204.46392 430.23373,203.35554 434.36744,202.46099
438.98492,200.51727 425.65695,194.87584 413.58971,192.5288
430.78802,178.4937 425.71895,178.28931 428.57729,168.01307
436.06043,158.62123 441.56993,151.23663 435.23283,156.39297
425.25198,163.51888 426.11799,171.0 423.8785,175.23748
418.41001,180.77052 414.36106,186.0277 403.04347,194.88835
424.06428,197.51017 430.46561,199.34476 422.48098,199.83679
406.25226,192.39127 402.96897,203.45833 397.14976,209.08603
405.07941,208.47749 399.99982,214.9505 413.44075,210.50855
412.48152,216.16713 402.65022,215.68211 399.41312,219.86867
390.84539,226.70563 387.58499,236.2555 390.38749,226.75277
397.55255,212.05875 387.50959,230.08696 380.86865,233.61958
382.66595,257.64561 379.99978,247.0 375.19002,252.35141
381.13487,266.24901 381.76733,274.93466 385.59128,287.90584
395.07057,299.0169 407.28485,304.0 407.28485,304.0
407.28493,304.0 407.28493,304.0 407.28493,304.0
;
385.13755,263.77744 385.13755,263.77744 379.04899,260.80837
385.29211,251.74465 385.13755,263.77744 385.13755,263.77744
385.13755,263.77744 385.13755,263.77744 385.13755,263.77744
;
418.46501,193.0 418.46501,193.0 415.39416,185.66341
427.66493,175.55668 418.46501,193.0 418.46501,193.0
418.46501,193.0 418.46501,193.0 418.46501,193.0
;
449.88486,281.81959 449.88486,281.81959 462.87143,284.27662
463.70279,268.53012 456.86698,274.79288 447.157,277.63236
432.66937,271.46322 428.15088,278.2296 430.3161,281.72908
445.59129,283.54782 449.88486,281.81959 449.88486,281.81959
449.88486,281.81959 449.88486,281.81959 449.88486,281.81959
;
447.0,269.22055 447.0,269.22055 461.07761,265.59721
427.31947,266.70277 444.4103,269.69718 445.26819,269.92209
446.13801,269.29032 447.0,269.22055 447.0,269.22055
447.0,269.22055 447.0,269.22055 447.0,269.22055
;
432.83889,256.96086 432.83889,256.96086 423.75664,255.55086
432.91319,235.55087 427.02943,242.49996 424.9804,251.41797
421.47396,253.62857 432.83889,256.96086 432.83889,256.96086
432.83889,256.96086 432.83889,256.96086 432.83889,256.96086
;
440.16532,253.35039 440.16532,253.35039 440.97678,241.81814
428.62303,260.7579 430.88896,244.60005 424.52118,248.64807
433.6698,257.64198 440.16532,253.35039 440.16532,253.35039
440.16532,253.35039 440.16532,253.35039 440.16532,253.35039
;
457.71976,253.16437 457.71976,253.16437 466.29615,244.16337
454.74359,256.91004 455.94664,242.5 463.73279,255.27196
440.2977,243.38883 451.56087,252.62353 467.52866,243.46562
447.98807,260.02686 457.71976,253.16437 457.71976,253.16437
457.71976,253.16437 457.71976,253.16437 457.71976,253.16437
;
385.43338,245.0 385.43338,245.0 392.84514,239.8887
402.60097,224.89675 389.71339,238.8372 388.77494,240.62076
383.3513,243.06953 385.43338,245.0 385.43338,245.0
385.43338,245.0 385.43338,245.0 385.43338,245.0
;
467.12917,219.76869 467.12917,219.76869 473.43552,221.27235
496.57896,218.30509 486.73216,209.86582 478.00434,202.79119
458.53695,205.68625 457.28192,218.27547 458.31452,221.09819
464.55195,218.91599 467.12917,219.76869 467.12917,219.76869
467.12917,219.76869 467.12917,219.76869 467.12917,219.76869
;
469.24098,216.0 469.24098,216.0 466.13053,211.81922
468.29131,208.10784 472.71986,214.16 472.98252,215.81842
471.0172,216.46899 469.24098,216.0 469.24098,216.0
469.24098,216.0 469.24098,216.0 469.24098,216.0
;
462.69098,147.83996 462.69098,147.83996 468.18899,141.9457
439.665,145.87445 459.94794,147.51209 459.94794,147.51209
461.5,147.67993 461.5,147.67993 461.5,147.67993
462.69098,147.83996 462.69098,147.83996 462.69098,147.83996
;
