427.0,480.0 427.0,480.0 284.66667,480.0
142.33333,480.0 0.0,480.0 0.0,320.0
0.0,160.0 0.0,0.0 284.66667,0.0
569.33333,0.0 854.0,0.0 854.0,160.0
854.0,320.0 854.0,480.0 711.66667,480.0
569.33333,480.0 427.0,480.0 427.0,480.0
427.0,480.0 427.0,480.0 427.0,480.0
;
226.40217,479.0 226.40217,479.0 233.0124,471.55068
229.679,457.01492 233.81107,447.06043 240.0192,421.02259
241.11715,390.57011 263.91687,372.67547 275.32221,356.76341
296.03845,354.13196 311.0,342.86381 311.72651,333.5901
316.22835,337.06878 313.55286,331.79609 317.129,317.62371
322.037,301.91196 322.13247,288.04703 320.73425,274.02135
317.92241,269.92533 323.98226,271.93484 326.9337,259.54438
317.47314,247.23985 319.95433,266.9177 316.06428,264.26822
319.11625,245.92337 318.78361,237.25164 321.43515,218.66224
330.55852,201.48789 332.88331,182.75 336.73852,175.56781
339.37188,164.32577 344.71617,155.52172 352.03456,133.97896
365.54151,113.36864 383.95697,98.720849 405.20017,83.761414
434.84369,78.327303 458.49966,90.695713 486.11786,94.490095
500.60541,122.55541 509.06103,146.28143 516.27291,164.34835
521.36357,184.1831 523.92193,203.4566 528.5063,234.57248
532.40408,266.74849 536.13098,298.18426 538.90303,309.55101
543.45757,322.72694 551.40957,333.00826 557.35868,346.88982
570.49213,353.37588 583.49966,359.18333 589.88841,366.55827
602.55033,368.77441 607.99966,374.11821 599.92277,383.70342
614.84639,390.60517 620.59777,398.44701 636.34093,419.44767
639.30907,446.95514 639.88812,472.5 648.10091,489.49218
641.49715,464.57197 642.31773,457.12788 641.09075,429.64113
632.28634,400.76293 609.84039,383.19245 615.33784,373.35607
608.92542,367.48044 598.6367,365.06444 588.61718,360.72468
580.75646,352.91743 573.91864,348.65215 558.0007,342.74301
551.78046,324.1804 544.36649,310.17192 538.39888,295.81563
538.28213,279.2797 535.77924,264.89534 534.70861,254.02775
533.06524,250.20006 532.9993,241.66675 535.34849,246.63479
538.64902,251.2428 534.24026,235.08268 535.25419,223.79153
532.93027,213.81754 529.99992,203.30866 530.28669,192.38998
526.66029,192.89649 524.60137,180.97651 524.10652,168.08229
522.74144,169.33861 519.57268,158.66626 520.36657,171.73177
516.53614,154.40291 513.74492,146.5 505.97069,129.45059
517.95801,150.70517 519.90031,156.88939 523.11298,153.79009
513.32699,140.85187 511.70696,133.81652 505.20222,124.03849
503.14593,113.12069 496.04447,104.5 500.85862,112.89135
504.46388,124.98306 495.35578,110.05755 493.69186,104.00887
484.37945,102.31699 484.23904,95.803502 496.67153,110.82596
496.7585,101.40979 483.31763,93.632623 469.75959,89.903501
471.59024,84.640275 458.0466,85.544297 447.17522,83.794301
443.64185,77.733785 431.12303,79.847631 404.14455,81.058022
378.61827,93.752681 361.90847,115.04882 349.82222,130.16003
341.60715,149.87156 334.27924,166.61257 343.11626,154.83839
330.64302,176.32574 329.55855,182.29741 324.45643,194.72677
320.83231,206.91985 318.2309,219.5 311.82567,232.98761
322.39975,215.68618 315.37521,233.97197 310.60148,234.32477
316.4793,238.44907 313.02357,251.62372 313.07957,260.20787
313.42712,269.78253 316.6676,280.25605 321.27658,280.10773
310.38422,298.42908 313.99995,293.88197 320.86561,284.8538
315.05911,298.85027 313.00019,308.5 311.7612,319.57385
307.89842,326.73796 304.88797,337.60855 300.55597,343.97918
289.22374,348.89211 284.56588,352.10667 278.14897,354.91823
282.08647,354.42791 270.45511,361.13069 256.01384,375.86851
239.92822,391.3234 238.19934,413.14928 233.33707,433.11984
228.8895,453.411 226.51077,473.59107 226.9623,474.91179
222.89552,479.8832 226.40217,479.0 226.40217,479.0
226.40217,479.0 226.40217,479.0 226.40217,479.0
;
383.40466,478.66667 383.40466,478.66667 386.14084,473.78141
379.35385,453.22806 384.99079,472.71856 390.233,488.2277
394.67758,471.14249 389.0,462.78925 389.52465,458.12195
378.64149,435.23181 385.94086,447.7186 390.97172,451.61886
373.30647,420.05057 379.99994,430.08179 385.78256,421.79629
380.00047,426.14527 379.4402,417.17756 379.24217,417.93008
373.77411,400.24944 377.62054,396.08572 380.34246,393.47371
373.55076,391.30563 376.23207,379.5 381.23873,384.4522
381.94279,390.22414 382.8797,398.70866 382.50318,391.54377
373.22966,408.4164 381.88217,411.5 382.47487,404.95412
381.87817,402.70539 384.62253,404.70505 386.42034,409.1292
396.36907,422.37151 393.0,420.88197 396.59429,431.25666
395.28184,415.62711 394.71491,414.27292 402.82637,420.58786
394.42123,429.95042 402.5616,433.85052 410.74956,449.27953
409.13454,441.93503 404.98433,430.11752 398.97468,419.32213
399.56635,405.56965 396.15054,393.5 393.74325,400.90653
403.25299,419.98687 393.61456,406.61456 386.91791,403.86597
395.98587,406.47624 394.89769,396.54084 393.72247,403.9263
389.73157,394.47105 394.87709,392.83541 402.29005,404.60893
396.2177,394.69382 406.03864,399.93913 423.30495,409.44573
444.21339,418.8037 463.3077,408.52366 472.8791,405.03468
486.23625,396.07127 488.43164,396.41549 489.95915,398.40995
493.09882,388.8636 492.96274,389.41341 498.23917,382.61806
492.10685,406.33115 488.55946,411.49928 483.97702,428.56015
480.33024,446.8625 471.93413,462.74879 482.24371,465.06527
480.47197,446.62673 484.55286,439.99928 489.05915,425.66803
493.05399,411.18284 497.21429,396.74882 496.57355,389.638
497.36824,405.38123 496.0467,414.31895 499.93838,401.82687
498.76854,414.04456 499.23461,424.83428 501.37991,443.33128
495.89924,461.50737 491.99999,479.16595 498.44815,473.07306
497.50201,460.45086 500.23641,451.54135 505.24503,441.90213
498.01308,427.80598 504.94385,419.99928 507.71679,428.18843
505.12659,441.74737 501.74496,451.59927 501.59386,458.02296
493.0471,485.30313 500.92216,475.49928 504.03321,452.88623
511.86892,431.12575 509.59409,407.99928 510.33411,391.70151
509.98606,375.48306 506.41891,359.49928 501.95736,360.24647
502.47544,334.00483 497.01643,338.654 496.15763,351.94385
495.45882,331.45578 493.04681,347.35246 487.50584,349.95677
497.87064,326.20641 487.75944,342.64834 484.8621,349.20476
489.86951,366.74462 493.73233,356.6965 492.38718,361.73967
498.97625,334.42241 499.24085,353.65922 497.58129,366.05993
500.7335,370.16551 499.94744,376.24928 494.99448,383.70293
485.27946,391.70224 477.70861,398.61856 464.58122,405.10564
450.01085,412.51135 435.02043,409.77528 434.87214,407.62514
422.34491,406.05901 414.73158,401.42282 402.24902,395.14895
390.90128,386.41477 381.0,376.58358 380.9076,389.55401
373.63916,368.9275 377.48868,374.03581 377.94564,376.87907
387.62487,381.05667 382.31621,369.75 378.64732,362.74891
384.02548,380.43939 374.01843,366.83948 373.71467,384.39941
373.73779,401.96735 374.88228,419.5 370.45913,414.70214
371.92446,386.38383 371.32961,399.37434 369.70378,415.14144
376.25275,429.37519 380.83881,444.0 373.01128,432.10395
380.97767,452.47398 381.54498,459.44116 377.88688,464.50538
381.53898,449.27668 375.85836,450.5 378.41117,458.86434
377.82492,473.34943 383.40466,478.66667 383.40466,478.66667
383.40466,478.66667 383.40466,478.66667 383.40466,478.66667
;
502.11123,415.0 502.11123,415.0 499.91831,419.34703
502.77726,395.16161 502.46612,387.83947 503.43436,370.28605
505.02283,379.48513 506.21522,389.50812 506.5659,398.59047
506.19372,406.75061 502.11123,415.0 502.11123,415.0
502.11123,415.0 502.11123,415.0 502.11123,415.0
;
389.21561,404.0 389.21561,404.0 380.42708,390.79181
388.11973,398.08573 389.98476,401.25 388.84476,401.288
391.24671,404.8482 389.21561,404.0 389.21561,404.0
389.21561,404.0 389.21561,404.0 389.21561,404.0
;
385.08502,390.0 385.08502,390.0 379.6694,388.23894
387.87458,380.00932 387.91918,388.0 394.90245,393.90651
382.15356,389.45557 385.08502,390.0 385.08502,390.0
385.08502,390.0 385.08502,390.0 385.08502,390.0
;
400.11663,479.0 400.11663,479.0 406.74931,476.80242
397.24124,463.09817 397.97517,456.12439 403.82723,459.34589
391.39196,449.27241 396.13503,440.24095 394.62788,442.86753
392.5503,429.58136 388.88116,423.59286 387.82858,411.14895
382.7674,414.4059 385.17464,423.49996 389.11773,429.19134
385.3907,434.82217 383.03181,432.19094 385.31241,444.30103
387.89436,437.75064 390.54709,439.44109 392.34132,440.13282
392.40832,447.10922 392.93409,451.33521 394.53339,454.75236
393.48114,466.645 396.34885,474.35616 400.79916,465.26797
394.73135,481.2633 400.11663,478.99996 400.11663,478.99996
400.11663,479.0 400.11663,479.0 400.11663,479.0
;
595.22796,478.0 595.22796,478.0 608.38208,478.9342
599.84214,457.96289 590.98936,466.6048 586.6873,469.93569
589.52723,479.28166 595.22796,478.0 595.22796,478.0
595.22796,478.0 595.22796,478.0 595.22796,478.0
;
490.85376,459.0 490.85376,459.0 497.74125,449.8084
493.1061,434.85007 497.89764,425.05 496.55706,419.95342
492.08291,441.65903 493.15031,448.40486 493.40886,451.50667
489.54369,457.09781 490.85376,459.0 490.85376,459.0
490.85376,459.0 490.85376,459.0 490.85376,459.0
;
440.75,408.65583 440.75,408.65583 451.74203,405.69469
465.15075,406.80282 473.5,397.90814 462.63495,403.08223
448.91011,404.47221 439.0,408.20668 439.0,408.20668
439.0,409.13478 439.0,409.13478 439.0,409.13478
440.75,408.65583 440.75,408.65583 440.75,408.65583
;
399.00785,388.0 399.00785,388.0 397.51463,376.73409
388.60603,373.5685 398.04611,388.0 398.04611,388.0
399.00785,388.0 399.00785,388.0 399.00785,388.0
;
393.14589,384.40907 393.14589,384.40907 392.29173,370.76335
386.15305,370.70221 392.50008,384.80749 392.50008,384.80749
393.14597,384.40907 393.14597,384.40907 393.14597,384.40907
393.14589,384.40907 393.14589,384.40907 393.14589,384.40907
;
495.34201,374.13112 495.34201,374.13112 502.23086,367.30577
488.17767,361.89818 495.34187,374.13112 495.34187,374.13112
495.34201,374.13112 495.34201,374.13112 495.34201,374.13112
;
396.2359,367.0 396.2359,367.0 394.0413,355.94104
397.18591,358.19723 391.8428,345.81329 388.81165,333.14215
385.78364,320.3785 383.0,307.69002 388.72064,316.26608
392.49309,314.49361 402.21972,321.00289 421.85874,329.55125
385.36082,308.28725 393.2017,312.99338 383.6571,304.51956
373.27662,292.79673 371.00512,281.37967 366.20441,275.92557
362.74386,260.40347 363.5888,259.07787 360.36071,249.08973
354.88841,236.94367 366.0,229.81077 359.39914,237.47325
358.10709,231.4449 366.54167,222.84232 374.26885,214.58344
370.61288,203.19811 376.21398,214.0 373.60901,204.2382
394.41295,209.18951 401.6445,206.80974 410.93294,209.23986
399.69551,191.48699 392.73184,192.77159 378.23802,194.52537
376.29768,188.35653 386.95854,183.1156 393.1365,181.21519
413.12012,191.16415 408.5,181.67476 420.34739,193.00529
412.237,175.11489 401.87382,174.99734 385.64241,174.72949
408.02819,158.16525 402.0,159.11803 411.74525,145.59697
402.0234,150.8572 397.47195,161.77989 389.41444,180.34198
391.27319,166.60745 397.83506,155.9653 401.99027,148.31598
410.27463,145.65944 411.0232,135.87712 419.96456,119.62103
410.50958,132.98109 405.75596,141.29666 401.037,153.21824
387.696,161.79341 386.79949,174.53156 407.83675,179.92593
379.06231,174.90068 376.69929,184.54839 370.87877,199.69254
386.95639,190.86158 371.5,199.26047 379.62456,193.35794
381.51256,209.14233 374.58634,203.32238 366.80162,209.30808
371.52162,205.32331 364.79672,209.64617 359.76304,223.01706
356.6778,222.10249 362.81569,208.98999 356.541,213.69674
358.92196,225.65366 353.06361,227.5 354.93427,245.70903
358.72298,264.19553 365.17509,281.5 369.40404,294.45012
384.6897,302.90414 382.00601,317.5 383.45277,333.35074
390.82875,347.67662 393.73552,362.99314 394.81329,363.85961
394.38039,367.33739 396.2359,367.0 396.2359,367.0
396.2359,367.0 396.2359,367.0 396.2359,367.0
;
359.5316,228.69424 359.5316,228.69424 350.2037,237.19147
368.61571,210.17126 359.5316,228.69424 359.5316,228.69424
359.5316,228.69424 359.5316,228.69424 359.5316,228.69424
;
363.60608,224.0 363.60608,224.0 359.20548,217.62674
376.36026,203.39667 368.5,218.62979 366.78588,220.09156
365.69947,223.38372 363.60608,224.0 363.60608,224.0
363.60608,224.0 363.60608,224.0 363.60608,224.0
;
391.02802,204.28242 391.02802,204.28242 385.55249,205.2209
385.19917,195.74959 389.0,197.14237 391.56139,196.80074
397.08373,199.55722 391.02802,204.28242 391.02802,204.28242
391.02802,204.28242 391.02802,204.28242 391.02802,204.28242
;
483.0972,347.79079 483.0972,347.79079 486.31245,331.14341
481.76906,312.7949 483.78058,296.3979 490.3496,287.79072
494.85483,277.97608 497.5,267.5 507.3766,272.5628
510.23514,253.59326 507.00353,262.67394 494.74767,271.50977
496.89116,256.47996 500.09927,247.98026 504.70723,227.69783
505.52095,205.2948 499.06084,185.5 498.7036,201.44755
495.19478,175.78501 494.21118,170.58336 489.73173,159.46844
488.59943,146.02795 482.03337,135.63333 479.38633,142.09079
482.84757,144.47185 483.1131,149.85131 484.68712,153.23832
486.57,169.77291 491.82274,176.29745 492.95839,191.62011
498.2905,206.73333 495.30227,222.09777 502.54905,213.05628
494.79606,201.05817 496.06737,190.5 500.17881,204.12593
502.22754,218.74424 497.95614,232.37573 495.44046,243.85063
491.04008,255.36756 491.00506,267.5 493.78989,251.34877
498.11152,248.20892 493.89935,266.16619 492.34082,280.62955
488.38589,273.29194 487.96683,278.5 486.00917,291.76709
473.47669,302.12114 467.37469,311.0 476.6045,298.82196
479.33914,308.65831 473.50002,317.00039 471.29251,337.6558
477.02221,315.61716 478.80336,307.33417 482.06885,299.89551
481.13988,325.61224 482.05947,331.3267 483.12502,334.79663
481.28531,349.64472 483.0972,347.79079 483.0972,347.79079
483.0972,347.79079 483.0972,347.79079 483.0972,347.79079
;
472.74885,346.0 472.74885,346.0 477.7292,333.76283
471.52936,329.97924 471.72815,346.0 471.72815,346.0
472.74885,346.0 472.74885,346.0 472.74885,346.0
;
398.18146,341.0 398.18146,341.0 397.94505,339.54491
387.97303,310.79092 391.23145,325.46027 393.67051,330.09791
393.57388,338.6453 398.18146,341.0 398.18146,341.0
398.18146,341.0 398.18146,341.0 398.18146,341.0
;
424.79966,284.86863 424.79966,284.86863 429.52749,277.90431
448.59129,288.20642 442.49993,275.83878 436.34391,270.20804
438.59682,280.9316 425.26167,275.25847 419.50098,271.08618
397.50929,283.69572 405.99993,273.55499 400.62303,272.76337
393.16361,284.27787 401.79876,278.75 408.48061,284.72033
415.27017,280.28496 424.79966,284.86863 424.79966,284.86863
424.79966,284.86863 424.79966,284.86863 424.79966,284.86863
;
425.5,280.27522 425.5,280.27522 406.37598,280.4549
431.93702,275.02897 425.6046,280.24782 425.6046,280.24782
425.5,280.27522 425.5,280.27522 425.5,280.27522
;
422.0,268.27577 422.0,268.27577 437.76957,263.39088
418.25006,268.15804 412.7566,265.0 409.08809,267.78059
419.94002,269.36406 422.0,268.27577 422.0,268.27577
422.0,268.27577 422.0,268.27577 422.0,268.27577
;
435.0,251.7157 435.0,251.7157 447.91044,245.94928
440.80809,241.82892 433.5,252.2769 433.5,252.2769
435.0,251.7157 435.0,251.7157 435.0,251.7157
;
406.91351,250.41982 406.91351,250.41982 402.27884,241.07229
393.08093,238.55014 404.2616,249.43675 405.0664,248.60697
406.18976,252.43447 406.91351,250.41982 406.91351,250.41982
406.91351,250.41982 406.91351,250.41982 406.91351,250.41982
;
411.1927,248.64946 411.1927,248.64946 425.78137,244.85897
404.23195,242.24917 406.50178,244.89067 409.09422,227.54663
399.65207,239.19076 406.59088,248.20525 407.59613,249.28293
409.87218,248.15015 411.19272,248.64946 411.19272,248.64946
411.1927,248.64946 411.1927,248.64946 411.1927,248.64946
;
432.46395,247.61453 432.46395,247.61453 444.01327,245.54182
439.89571,231.32756 434.23326,246.0 432.43843,234.26894
413.56169,250.52974 432.46395,247.61453 432.46395,247.61453
432.46395,247.61453 432.46395,247.61453 432.46395,247.61453
;
403.75638,236.65429 403.75638,236.65429 406.63042,222.83569
397.44416,245.86116 403.71658,236.75419 403.71658,236.75419
403.75638,236.65429 403.75638,236.65429 403.75638,236.65429
;
490.94176,238.0 490.94176,238.0 498.18547,231.08365
496.60667,215.03644 492.82723,233.5 492.9888,234.37272
488.14979,238.71063 490.94176,238.0 490.94176,238.0
490.94176,238.0 490.94176,238.0 490.94176,238.0
;
463.5,208.84507 463.5,208.84507 470.55711,208.3248
495.43714,205.67666 481.9199,197.07621 470.68608,188.41534
447.68664,189.76949 443.0,204.66385 447.20582,209.43244
455.49932,203.98384 463.5,208.84509 463.5,208.84509
463.5,208.84507 463.5,208.84507 463.5,208.84507
;
460.93657,204.0 460.93657,204.0 454.34187,201.88084
457.70299,193.30607 462.43689,200.74804 462.33327,194.65509
472.0489,198.43975 460.93657,204.0 460.93657,204.0
460.93657,204.0 460.93657,204.0 460.93657,204.0
;
490.0,186.84988 490.0,186.84988 490.97647,182.08008
468.38364,175.27107 469.5,178.14115 460.74194,171.99346
481.72855,179.2512 472.98567,173.79381 479.35493,180.18574
496.28047,185.55575 481.33897,175.98321 473.1303,169.34953
463.35701,171.72358 453.15929,172.72883 441.84567,172.94523
431.80161,185.39843 446.20063,178.41183 451.03444,174.19356
476.67159,178.67281 462.63161,178.79189 450.87021,174.89622
444.13541,178.97012 445.75,180.9688 447.05081,176.89619
433.65953,190.07353 451.93834,184.18728 465.12352,182.71091
468.41411,181.02458 474.11803,184.99996 479.62137,184.69242
484.68957,185.74868 490.0,186.84988 490.0,186.84988
490.0,186.84988 490.0,186.84988 490.0,186.84988
;
469.85417,119.77668 469.85417,119.77668 465.74288,115.96775
453.45011,115.55799 459.48338,119.91675 462.85247,117.34271
467.83312,121.64014 469.85417,119.77668 469.85417,119.77668
469.85417,119.77668 469.85417,119.77668 469.85417,119.77668
;
449.69098,116.86836 449.69098,116.86836 459.07949,113.75131
428.25408,115.28714 449.45578,116.85426 449.45578,116.85426
449.69098,116.86836 449.69098,116.86836 449.69098,116.86836
;
