427.0,480.0 427.0,480.0 284.66667,480.0
142.33333,480.0 0.0,480.0 0.0,320.0
0.0,160.0 0.0,0.0 284.66667,0.0
569.33333,0.0 854.0,0.0 854.0,160.0
854.0,320.0 854.0,480.0 711.66667,480.0
569.33333,480.0 427.0,480.0 427.0,480.0
427.0,480.0 427.0,480.0 427.0,480.0
;
213.5,479.0 213.5,479.0 216.60661,471.80217
216.78507,458.07746 219.22588,448.5 223.52044,424.32571
226.48902,397.91907 245.87694,380.45389 256.47083,367.53934
273.0455,361.10818 286.67758,351.8014 294.28582,350.16357
303.44336,334.2948 298.87364,334.11035 305.35967,309.95344
309.78673,284.41777 304.67203,259.5831 304.16065,240.6817
301.9463,220.97351 309.79441,203.15444 302.26994,202.70799
319.29315,186.92165 317.88285,178.49281 328.24328,156.73126
340.14238,130.2897 358.13874,111.71329 381.23015,89.906776
420.60573,80.263426 447.58877,100.36418 474.2104,106.26114
481.26268,135.35775 491.20109,156.85039 493.37487,167.17605
497.06829,177.34959 500.1613,187.77198 504.99961,222.42484
514.08418,256.33319 518.06404,291.18149 520.31443,308.06555
528.54067,324.69399 539.44099,337.13808 552.23107,340.6926
562.08288,352.55191 575.19643,352.0 568.72974,366.37624
585.84889,370.33509 592.33499,380.23325 610.93437,406.33528
604.95707,441.10131 619.27598,469.15701 625.68203,487.75376
626.72321,472.81185 620.50561,462.68139 608.73774,438.82404
612.61793,410.72764 600.24578,386.94496 596.43611,375.13494
582.48781,369.53039 577.00006,359.86852 584.54932,348.72868
568.46874,348.78628 561.59252,344.81037 554.32935,339.99561
546.16382,335.67827 538.82353,330.68061 531.30845,318.42387
524.66989,305.63126 521.96196,291.0 521.07099,285.02201
525.22056,289.64006 520.31127,280.63621 517.2493,271.78682
519.64943,260.34641 515.78029,253.95597 517.27448,246.40123
513.60901,238.43597 513.46556,226.58585 510.97454,210.83629
512.38544,213.90344 509.331,211.5 510.17302,204.60826
502.11807,189.13423 508.56343,197.84034 508.00976,196.17845
503.3055,172.57926 504.20951,183.01149 508.93545,176.41005
501.83518,176.46103 501.28614,164.62927 496.61513,151.58663
503.60163,182.40539 497.01091,162.21508 494.70729,153.71888
492.41839,146.70777 496.81176,149.72092 505.90946,170.72771
497.55823,138.88564 495.21491,143.2702 492.06511,136.26177
491.69725,124.02283 485.99994,120.24047 490.26868,132.44537
490.35068,134.9363 485.06187,127.06335 483.03115,122.75625
477.4329,117.82009 480.49335,119.66667 484.26565,115.15092
457.00785,99.649084 472.99994,106.05136 467.52391,98.691505
459.73335,99.175575 451.9758,95.896261 440.48269,95.229841
436.23095,87.343492 427.0,86.500176 414.21699,84.966694
421.87184,86.534066 405.46679,86.804473 369.1838,89.886787
340.23135,118.21843 326.98469,150.74161 318.40855,172.04219
307.39527,192.17324 299.12465,213.5 297.17762,221.71179
302.04458,236.6163 299.95433,240.0 302.62918,246.79965
297.7053,248.4243 300.69846,262.5 296.5227,274.05532
302.61392,277.52028 300.44403,283.0 305.82627,276.81587
297.82298,297.65065 297.52327,304.0012 292.14156,312.76305
301.49681,314.19818 294.65064,315.46809 299.63969,315.57047
286.28862,329.42254 292.00002,328.88197 289.93048,340.01767
288.64632,334.60608 279.7986,346.16107 272.89978,353.38966
265.80772,358.74201 257.87248,362.98466 255.57532,369.57565
242.35209,376.22758 237.87089,385.0 216.96282,409.11623
219.63448,442.90363 212.0,472.13075 212.87621,473.78224
210.18499,479.95704 213.5,479.0 213.5,479.0
213.5,479.0 213.5,479.0 213.5,479.0
;
274.47489,354.56971 274.47489,354.56971 266.25563,358.12793
287.89673,343.83703 284.25,344.99823 284.47905,348.18721
283.06801,351.17593 274.47489,354.56971 274.47489,354.56971
274.47489,354.56971 274.47489,354.56971 274.47489,354.56971
;
287.98875,345.29269 287.98875,345.29269 283.18706,347.36577
299.59734,330.77996 293.7484,341.04328 288.9997,347.84246
292.85335,338.15559 287.98875,345.29269 287.98875,345.29269
287.98875,345.29269 287.98875,345.29269 287.98875,345.29269
;
295.09191,333.0 295.09191,333.0 295.74031,319.91517
291.82941,334.0311 294.0,322.0 298.73421,321.12572
296.20963,331.64758 295.09191,333.0 295.09191,333.0
295.09191,333.0 295.09191,333.0 295.09191,333.0
;
303.55264,219.78069 303.55264,219.78069 303.32009,214.20735
304.74545,202.04555 306.84366,207.54305 305.4801,211.42671
305.59142,216.28908 303.55264,219.78069 303.55264,219.78069
303.55264,219.78069 303.55264,219.78069 303.55264,219.78069
;
478.29856,117.29607 478.29856,117.29607 464.53349,107.58151
470.45814,104.82323 478.29856,117.29607 478.29856,117.29607
478.29856,117.29607 478.29856,117.29607 478.29856,117.29607
;
374.27406,479.0 374.27406,479.0 376.93826,464.10249
374.43186,479.4276 379.56739,477.0 377.4233,462.68707
379.19056,481.75317 385.9892,478.625 379.97539,464.73356
388.75599,465.02677 387.00068,479.08102 402.35675,480.89623
384.7303,465.595 386.4401,456.5703 382.91313,443.79157
388.65017,449.11413 382.0199,445.28055 380.80567,437.44055
370.75465,418.73452 372.91483,419.30014 376.1997,428.58317
374.98394,402.34456 376.54102,415.60014 383.39027,425.31284
385.20564,428.0942 386.93261,434.0 389.10119,427.21051
396.34174,438.17964 388.0,427.75511 386.35461,418.98977
382.04108,411.93999 382.0,406.8 386.02386,399.76675
381.12134,396.47335 390.41315,400.63614 405.57965,407.52875
424.40931,417.24174 439.91379,406.03904 449.82135,401.2813
458.54894,394.40377 466.14793,386.49992 462.59805,406.61854
469.4335,374.49627 470.37961,387.55089 469.40848,397.28625
464.89911,404.69831 465.62372,414.43136 463.77899,425.48111
462.01531,436.59237 458.68491,447.31266 467.54711,433.32458
459.33359,450.95179 462.57718,453.75606 464.93418,439.78909
466.62625,425.01926 469.52557,410.85884 470.9283,400.22377
472.14695,412.74986 472.05919,418.46333 474.40398,425.22862
471.59047,440.85763 471.97249,450.99561 463.95176,469.0101
475.22006,448.18142 469.94813,465.45179 465.12243,478.52058
474.77473,485.01605 476.82021,471.26238 479.81851,444.02113
489.59983,417.53384 485.96844,389.9086 485.06245,376.2147
487.14956,359.23804 478.8274,348.7753 478.95906,359.61556
474.8631,365.80161 470.97865,375.1845 460.51061,391.37341
442.61565,404.70068 423.13786,408.97757 409.03265,406.60503
435.93966,403.32742 440.92871,399.76476 455.17016,389.8173
451.62028,392.31505 438.2829,397.98367 426.54125,401.2554
414.82341,411.21809 402.76952,403.22294 387.8549,398.33793
378.10762,389.92132 365.49999,380.38363 361.43266,372.50115
359.06469,397.84327 360.89922,376.19098 366.10765,372.29659
354.87826,373.73636 358.43053,382.33127 357.84398,396.30162
360.86967,410.27805 363.42571,423.44995 363.63863,435.78571
372.34141,448.02101 372.40612,460.2815 370.94892,445.60592
365.00997,449.95901 364.06122,444.96157 358.6494,438.96276
367.01418,462.6032 368.97697,468.45371 370.64509,471.36889
369.54676,479.48924 374.27405,479.0 374.27405,479.0
374.27406,479.0 374.27406,479.0 374.27406,479.0
;
472.31414,474.97 472.31414,474.97 472.32924,468.90412
473.32433,456.13773 476.0,448.66667 477.47838,456.25964
473.92221,467.00266 472.31414,474.97 472.31414,474.97
472.31414,474.97 472.31414,474.97 472.31414,474.97
;
378.66713,469.82332 378.66713,469.82332 372.78522,458.2113
379.34095,462.63136 380.33428,469.5 380.33428,469.5
378.66714,469.82332 378.66714,469.82332 378.66714,469.82332
378.66713,469.82332 378.66713,469.82332 378.66713,469.82332
;
381.90104,458.97114 381.90104,458.97114 380.48979,456.13308
374.10512,446.50213 378.0,442.77432 377.46757,437.83716
383.85203,456.13688 381.90104,458.97114 381.90104,458.97114
381.90104,458.97114 381.90104,458.97114 381.90104,458.97114
;
475.24973,442.5 475.24973,442.5 472.62492,452.63516
475.9048,425.64333 475.27933,419.58279 474.89329,413.56932
477.80909,437.99319 475.24973,442.5 475.24973,442.5
475.24973,442.5 475.24973,442.5 475.24973,442.5
;
367.74566,423.73776 367.74566,423.73776 363.75491,422.41353
362.58158,404.95366 364.0,406.66667 367.57754,408.73535
357.99216,402.79109 361.09572,392.82665 363.00371,377.16587
362.48661,404.40041 369.11936,407.06385 381.97392,419.62454
365.00778,411.94507 367.13418,420.48179 369.43305,417.63998
372.12331,422.34121 367.74566,423.73776 367.74566,423.73776
367.74566,423.73776 367.74566,423.73776 367.74566,423.73776
;
382.75,421.99687 382.75,421.99687 374.57586,410.15942
384.39709,412.87049 383.0,421.99987 383.0,421.99987
382.75,421.99687 382.75,421.99687 382.75,421.99687
382.75,421.99687 382.75,421.99687 382.75,421.99687
;
478.61896,417.71438 478.61896,417.71438 478.71296,406.96943
477.57427,393.36178 480.9292,382.5 475.25567,398.5676
478.13785,354.59567 480.74969,372.63128 484.67244,387.45137
479.57069,402.83886 478.61896,417.71438 478.61896,417.71438
478.61896,417.71438 478.61896,417.71438 478.61896,417.71438
;
476.6671,410.76147 476.6671,410.76147 471.00331,408.77675
475.75265,396.68977 475.76034,405.54524 472.84741,388.18851
480.58761,405.05912 476.6671,410.76147 476.6671,410.76147
476.6671,410.76147 476.6671,410.76147 476.6671,410.76147
;
379.68569,408.74288 379.68569,408.74288 373.9428,409.09844
374.49061,405.59169 373.18358,394.98179 368.44777,383.00186
376.95713,399.96431 378.81955,393.99351 384.44725,394.08511
381.86488,405.85608 379.68569,408.74288 379.68569,408.74288
379.68569,408.74288 379.68569,408.74288 379.68569,408.74288
;
370.59452,401.63829 370.59452,401.63829 357.05812,393.28173
381.81205,392.86302 370.59452,401.63829 370.59452,401.63829
370.59452,401.63829 370.59452,401.63829 370.59452,401.63829
;
366.64301,393.98469 366.64301,393.98469 364.13124,387.27771
363.98634,375.89143 370.17479,392.27393 368.93559,392.63764
368.10155,394.35234 366.64301,393.98469 366.64301,393.98469
366.64301,393.98469 366.64301,393.98469 366.64301,393.98469
;
446.91435,477.5 446.91435,477.5 447.88825,481.65424
458.02475,456.77799 451.03547,467.8151 454.05038,462.00021
459.57211,448.53482 451.6898,462.59991 450.35637,465.06042
443.81977,481.97194 446.91435,477.5 446.91435,477.5
446.91435,477.5 446.91435,477.5 446.91435,477.5
;
559.23255,478.78368 559.23255,478.78368 568.12309,476.47205
577.05629,463.68914 582.86237,459.06034 577.2621,451.09113
567.19583,470.52329 560.34627,474.20667 558.26703,476.45598
552.3608,480.41731 559.23255,478.78368 559.23255,478.78368
559.23255,478.78368 559.23255,478.78368 559.23255,478.78368
;
568.11803,457.0 568.11803,457.0 580.78054,456.38908
572.75201,437.44019 563.98936,445.6048 559.3122,449.14994
563.59664,456.77926 568.11803,457.0 568.11803,457.0
568.11803,457.0 568.11803,457.0 568.11803,457.0
;
362.141,439.71254 362.141,439.71254 364.90323,429.05658
355.54751,429.59943 359.0,417.66667 361.422,423.53141
356.07857,409.41748 354.66694,411.91696 357.78176,421.54784
357.18782,432.32254 361.24152,441.31981 361.24152,441.31981
362.141,439.71254 362.141,439.71254 362.141,439.71254
;
356.38853,394.89313 356.38853,394.89313 355.58869,380.11066
350.94977,382.44403 356.04708,395.28626 356.04708,395.28626
356.38853,394.89313 356.38853,394.89313 356.38853,394.89313
;
380.82807,390.01579 380.82807,390.01579 377.5811,378.19735
367.68234,370.39345 378.02837,386.5 378.76812,386.76289
380.5244,393.80917 380.82807,390.01579 380.82807,390.01579
380.82807,390.01579 380.82807,390.01579 380.82807,390.01579
;
463.0,377.5 463.0,377.5 467.10756,365.97104
472.31493,370.94208 472.5624,367.75 470.10464,360.5241
470.44514,341.02398 472.95753,342.45749 473.66189,347.31573
472.34898,371.23386 476.23077,357.19289 476.48834,348.11328
478.58257,335.71917 472.09193,329.0 475.13169,341.14313
469.35863,337.16317 469.62291,349.70687 465.67363,342.63173
469.99,355.58949 468.07645,366.85895 463.31866,368.27271
457.79633,382.56247 462.83053,377.66328 462.83053,377.66328
463.00096,377.5 463.00096,377.5 463.00096,377.5
463.0,377.5 463.0,377.5 463.0,377.5
;
375.81597,361.5008 375.81597,361.5008 375.16317,351.34226
367.05301,340.60389 368.22868,330.73727 365.56171,326.35011
361.82853,301.35375 361.00006,311.01316 363.10314,326.19728
365.5038,342.78372 372.02246,356.09511 377.72531,355.61943
372.51096,371.3601 375.81597,361.5008 375.81597,361.5008
375.81597,361.5008 375.81597,361.5008 375.81597,361.5008
;
454.96699,351.5204 454.96699,351.5204 456.53262,337.87836
463.14866,322.53896 459.71213,307.5507 457.90364,295.41824
471.5498,287.35702 473.75165,275.5 480.66546,270.74142
487.73258,266.80552 480.43402,259.89324 473.29101,261.16073
484.26218,241.13584 484.53501,233.04974 485.92252,225.9606
487.57625,199.89189 486.15721,204.32042 483.56213,205.85511
485.28084,187.84175 481.04999,182.38075 477.13344,166.52075
473.31122,149.87811 467.18333,135.58872 456.83101,115.53674
472.73248,154.09619 466.7352,143.27138 472.5779,151.73036
463.48187,148.65755 471.1475,161.18586 470.19707,169.25087
476.88478,179.03057 478.01161,187.23857 478.52766,200.57443
483.51401,215.25014 480.41308,227.63404 475.71903,241.20759
484.56743,230.58456 476.69625,246.67625 469.32075,261.13787
472.85561,279.09899 461.52306,292.01966 458.38531,296.34068
443.36714,312.05203 455.7832,304.0 455.8392,312.71797
457.80657,321.0833 455.27537,329.49892 456.4712,331.74043
460.64226,325.70052 454.89149,340.5 455.40525,342.51345
452.54204,353.04493 454.96699,351.5204 454.96699,351.5204
454.96699,351.5204 454.96699,351.5204 454.96699,351.5204
;
380.79599,348.53734 380.79599,348.53734 375.3988,336.3966
369.98904,321.34246 367.0,307.62288 371.42634,312.65711
389.91644,322.10917 389.15771,319.69003 373.33852,311.41357
358.44641,298.09923 350.56896,281.75 352.00086,276.2787
346.53173,266.32432 345.22121,257.62617 344.07836,244.85343
337.55794,227.88166 347.23172,218.22145 348.10671,211.09192
361.13268,193.61697 352.83458,209.00373 354.25968,204.93675
366.28003,203.44237 375.15006,206.70463 383.6582,202.71923
401.28451,210.86581 391.22819,196.96691 384.99672,188.40484
371.36251,186.73725 362.5028,191.92532 382.60686,189.59641
373.54082,193.33749 359.37324,193.70657 362.42567,182.44077
363.93957,186.34302 367.93286,180.03593 378.44224,177.43165
389.80099,183.89669 399.78602,185.0 400.57892,178.42086
379.7286,175.38235 394.05363,177.81427 402.849,180.11675
408.60806,191.27398 402.60879,178.38039 393.86262,174.37659
384.15338,168.06436 376.57554,169.12313 376.97114,164.2659
389.97621,161.75049 390.0,153.16207 393.67015,145.37586
411.28201,128.27719 409.79047,132.07963 401.04216,137.74814
390.94272,147.46464 402.5,132.50073 407.91095,122.97285
390.31878,144.6192 387.37634,148.96626 382.8423,156.97045
365.4849,163.62987 369.87708,173.04279 369.15726,167.59672
384.85988,175.5454 385.58552,175.7448 372.09395,180.75394
368.68985,169.20047 361.72392,178.10786 351.79508,181.44662
352.3687,205.12886 357.924,186.31136 357.51535,186.96796
359.55696,202.20756 365.30617,197.47592 355.11742,198.78796
347.96364,204.43441 347.05034,215.54802 336.50471,230.85899
346.33022,214.71326 348.75718,206.5013 350.87042,201.18747
341.18041,215.03034 349.01825,198.37906 343.32469,201.61487
341.01398,215.19925 336.84144,222.5013 338.47736,248.83083
339.17632,277.78635 357.77852,298.64933 371.80386,311.83415
367.64303,334.7432 380.32104,349.01356 380.32104,349.01356
380.79596,348.53864 380.79596,348.53864 380.79596,348.53864
380.79599,348.53734 380.79599,348.53734 380.79599,348.53734
;
378.1197,203.0 378.1197,203.0 375.06585,200.63948
369.513,190.22296 379.35215,198.36015 374.97998,188.52027
386.34085,203.92086 378.1197,203.0 378.1197,203.0
378.1197,203.0 378.1197,203.0 378.1197,203.0
;
388.70036,282.5 388.70036,282.5 396.23799,275.41981
385.03254,271.93222 388.03476,284.0 388.4025,285.49878
388.49978,283.29161 388.70036,282.5 388.70036,282.5
388.70036,282.5 388.70036,282.5 388.70036,282.5
;
410.5,283.2798 410.5,283.2798 416.59255,280.2227
438.03712,282.08944 424.25,276.1925 416.45808,274.06696
406.48796,267.3311 396.9255,273.31305 392.10251,276.44336
392.04778,280.87611 403.0,282.27725 405.53523,283.12779
407.80899,284.2708 410.5,283.2798 410.5,283.2798
410.5,283.2798 410.5,283.2798 410.5,283.2798
;
409.10078,279.92105 409.10078,279.92105 391.91435,276.75326
407.0862,271.9854 416.0,276.45476 416.73217,278.89943
410.6921,279.33935 409.10078,279.92105 409.10078,279.92105
409.10078,279.92105 409.10078,279.92105 409.10078,279.92105
;
386.2,275.2 386.2,275.2 405.33584,262.49871
382.50748,272.27133 386.2,275.2 386.2,275.2
386.2,275.2 386.2,275.2 386.2,275.2
;
396.62756,264.94755 396.62756,264.94755 400.03102,261.8059
427.65607,264.22084 409.9336,262.68909 413.80551,263.59078
396.48663,258.58882 396.62756,264.94755 396.62756,264.94755
396.62756,264.94755 396.62756,264.94755 396.62756,264.94755
;
422.97991,250.0 422.97991,250.0 441.13079,237.50018
426.84014,241.28261 422.97991,250.0 422.97991,250.0
422.97991,250.0 422.97991,250.0 422.97991,250.0
;
393.82258,247.96404 393.82258,247.96404 387.40671,246.48165
397.89752,220.7558 387.0,233.90454 386.60511,240.40498
386.11598,246.2184 393.82258,247.96404 393.82258,247.96404
393.82258,247.96404 393.82258,247.96404 393.82258,247.96404
;
401.30902,246.9682 401.30902,246.9682 413.29866,240.82085
394.42513,239.20122 395.10587,243.62757 395.60927,228.54726
389.65577,234.18492 393.89434,245.67111 396.93601,245.66311
398.90122,244.56374 401.30902,246.9682 401.30902,246.9682
401.30902,246.9682 401.30902,246.9682 401.30902,246.9682
;
423.10996,247.0 423.10996,247.0 429.98193,236.92486
426.24504,230.55963 422.51724,245.19095 420.71577,232.08251
403.41676,249.24843 420.98037,245.75616 421.77756,245.93665
422.01609,247.52722 423.10996,247.0 423.10996,247.0
423.10996,247.0 423.10996,247.0 423.10996,247.0
;
428.99809,241.0 428.99809,241.0 431.00982,227.01163
423.68598,226.80925 428.99809,241.0 428.99809,241.0
428.99809,241.0 428.99809,241.0 428.99809,241.0
;
456.45354,210.48594 456.45354,210.48594 464.49181,211.4415
479.78837,206.80005 466.94636,199.46774 456.42387,190.8311
432.87955,192.14793 431.0,207.53722 439.36948,206.60086
447.50865,212.40112 456.45354,210.48594 456.45354,210.48594
456.45354,210.48594 456.45354,210.48594 456.45354,210.48594
;
447.01623,206.0 447.01623,206.0 437.78913,202.21176
451.83588,196.50579 446.0,200.83393 451.60777,203.17736
456.10058,199.56301 447.01623,205.99994 447.01623,205.99994
447.01623,206.0 447.01623,206.0 447.01623,206.0
;
474.05902,191.0 474.05902,191.0 478.27983,188.03871
468.86497,177.96458 461.58043,175.26474 451.54643,172.19906
437.04051,174.55113 429.0,179.37478 433.27612,180.92445
460.74647,177.26282 453.58179,181.89253 442.54249,180.54811
439.35876,179.51414 435.0,181.94953 422.50179,185.68238
437.46909,186.59276 448.22595,185.42395 457.64866,182.27736
462.32998,191.49851 462.0,184.83135 464.42172,185.40774
468.8105,190.1551 474.05902,191.0 474.05902,191.0
474.05902,191.0 474.05902,191.0 474.05902,191.0
;
472.28518,186.95808 472.28518,186.95808 465.75875,183.1067
453.40244,182.15011 456.83651,178.00003 459.91548,178.03653
463.72389,177.97063 471.96673,184.93787 472.18361,185.66834
474.05327,187.54387 472.28518,186.95808 472.28518,186.95808
472.28518,186.95808 472.28518,186.95808 472.28518,186.95808
;
333.35811,169.05599 333.35811,169.05599 347.67749,155.82368
329.35337,167.55673 326.77091,175.5 328.96664,173.352
331.16238,171.20399 333.35811,169.05599 333.35811,169.05599
333.35811,169.05599 333.35811,169.05599 333.35811,169.05599
;
459.71862,128.94261 459.71862,128.94261 455.96139,119.07375
438.4699,126.20166 456.11322,126.99497 457.4189,127.38611
458.3747,128.64648 459.71862,128.94261 459.71862,128.94261
459.71862,128.94261 459.71862,128.94261 459.71862,128.94261
;
445.85699,123.92971 445.85699,123.92971 456.64561,121.99775
434.38612,115.52971 432.03246,119.75647 436.7649,122.15751
444.26238,118.69814 445.85699,123.92971 445.85699,123.92971
445.85699,123.92971 445.85699,123.92971 445.85699,123.92971
;
