109.28189,480.0 109.28189,480.0 72.854593,480.0
36.427297,480.0 0.0,480.0 0.0,320.0
0.0,160.0 0.0,0.0 284.66667,0.0
569.33333,0.0 854.0,0.0 854.0,160.0
854.0,320.0 854.0,480.0 768.16667,479.993
682.33333,479.9865 596.5,479.9798 598.11801,462.34249
589.50893,445.96111 593.58093,428.42607 595.65365,408.80633
586.53583,389.97232 585.10478,371.04768 580.15721,357.16198
569.06205,347.71746 559.0,337.52437 560.25023,325.68566
548.34469,324.04744 539.93201,319.77121 528.66155,315.08039
511.1167,312.59397 512.70278,296.4626 509.25756,274.24747
512.30731,252.29885 514.50001,230.00005 517.28754,224.16511
515.16358,207.61576 511.90107,201.09971 506.64951,187.71079
504.94157,173.67106 501.96588,159.50005 495.04957,149.76051
499.64989,141.40648 491.26136,133.18744 498.04739,138.08706
494.33282,127.2741 487.00001,122.62587 485.43301,117.15453
481.34328,110.30055 474.71216,104.28554 467.85289,98.02324
458.04312,93.429785 453.19357,88.594526 448.78115,91.798592
440.5698,80.065809 430.27134,82.091933 416.01754,85.436516
397.38549,78.289703 384.25008,89.592609 375.99144,94.203007
371.57666,96.916086 363.94127,102.80995 351.30434,116.0482
340.53531,131.46337 335.50716,149.25195 333.40234,156.01537
327.32612,165.03495 323.25,173.28086 315.17005,187.05133
319.30642,185.18644 326.96937,177.5 325.22426,191.18513
321.20565,205.18233 316.23817,217.23267 310.73515,216.14974
321.74919,202.20721 313.15053,211.32911 306.60592,219.97484
312.37532,224.72578 314.9288,221.5 308.68235,238.82851
308.64203,257.30293 313.94675,274.77451 316.43162,279.84763
321.3485,281.86857 318.0,288.5 316.78064,288.95968
327.44569,292.17098 320.90269,303.5 317.29086,310.44504
309.54672,316.29673 302.00067,321.94287 289.05535,331.6603
281.87345,346.26673 267.22107,354.70582 248.52116,369.14422
242.56742,390.82711 235.87361,412.35526 230.27144,433.2027
221.83256,455.17861 218.78735,477.25 212.69788,483.68484
195.57796,478.15609 185.25565,480.0 159.93106,480.0
134.60648,480.0 109.28189,480.0 109.28189,480.0
109.28189,480.0 109.28189,480.0 109.28189,480.0
;
317.14159,202.96196 317.14159,202.96196 325.75352,193.35339
306.57556,197.93254 317.14159,202.96196 317.14159,202.96196
317.14159,202.96196 317.14159,202.96196 317.14159,202.96196
;
510.11439,188.0 510.11439,188.0 512.08838,176.60679
503.3265,172.5871 509.09486,188.0 509.09486,188.0
510.11524,188.0 510.11524,188.0 510.11524,188.0
510.11439,188.0 510.11439,188.0 510.11439,188.0
;
407.5,479.768 407.5,479.768 344.83333,479.768
282.16667,479.768 219.5,479.768 227.02232,473.50101
224.83442,457.66363 230.35035,448.01673 237.78091,421.96617
242.57465,394.98597 257.3255,371.81858 269.57715,355.10924
288.57742,345.44125 305.0,333.69002 307.02417,327.5506
314.86284,321.66595 317.93867,313.72619 330.0419,313.52191
328.80759,299.12637 329.95021,289.5 322.0657,277.53924
330.5354,280.35954 326.99359,267.21796 321.40189,256.8139
317.27825,257.57145 317.67612,244.5 314.89701,237.91538
326.11618,235.90439 321.04467,223.44464 324.41927,208.57327
332.89229,191.37016 332.79283,174.5 340.45327,143.32562
355.19148,108.63877 386.97835,94.598386 402.56978,85.061847
421.56367,86.961109 438.30612,90.989167 465.83568,95.973914
480.88632,124.25762 490.43343,148.12015 500.62874,183.43689
508.49946,220.46483 506.06322,257.35668 504.40689,274.91169
506.245,293.0858 509.28008,310.49999 513.48005,321.05461
527.85547,316.02841 535.25789,324.19337 542.92841,326.63332
555.8505,328.55744 554.00002,339.13768 567.3169,351.63473
582.86975,365.95874 581.65192,385.59565 590.25532,406.29451
587.20029,428.77977 587.59611,450.37469 593.13424,459.02597
587.34857,474.76274 595.50002,479.76743 532.83353,479.76781
470.16557,479.76667 407.5,479.768 407.5,479.768
407.5,479.768 407.5,479.768 407.5,479.768
;
394.97766,479.0 394.97766,479.0 402.49821,477.84304
383.44424,461.58302 383.0,469.76565 385.60198,472.81673
389.96534,479.74906 394.97766,479.0 394.97766,479.0
394.97766,479.0 394.97766,479.0 394.97766,479.0
;
425.96519,479.0 425.96519,479.0 444.46788,484.46879
429.66867,467.1106 432.36437,461.67151 420.80207,443.79064
413.33023,423.72893 404.61173,404.22711 400.14391,390.29019
411.32454,404.82783 411.49957,410.00194 415.42318,418.76533
417.60394,400.51679 410.44216,399.03936 408.12658,392.3742
399.97234,384.1193 411.50003,389.73826 422.59793,393.34808
436.68957,397.75347 447.00003,392.99361 438.90933,391.65745
425.73263,392.93761 417.9227,388.0 408.10612,388.28386
402.64831,382.05006 400.00012,373.0 389.83373,364.3425
411.02013,374.54354 416.93071,376.64587 422.90477,379.31297
436.34025,383.10216 445.70224,383.0 456.88839,378.7757
465.77478,368.43511 474.11815,362.0 473.43524,374.46655
476.42691,347.40889 476.95101,366.5 477.88604,375.59081
467.88047,380.12352 461.61621,384.64472 470.13109,381.38019
475.41668,379.4047 480.03048,378.14301 486.52602,385.70145
473.09986,379.63782 474.25313,392.382 470.91014,410.56024
474.03066,408.66018 473.52101,411.98256 473.47271,421.70763
480.32009,409.09311 475.94435,403.98145 482.045,403.94215
478.55728,376.35729 482.51929,395.93438 481.69108,413.53852
478.36466,431.40251 477.1229,448.77036 476.69304,457.42803
472.21704,465.36517 472.4501,474.30494 478.47542,481.83817
488.6879,480.32253 485.45218,467.63948 486.92552,421.2198
501.26834,372.95209 483.83548,327.9142 479.16349,325.60353
474.56007,303.0148 471.96197,311.40547 476.51717,315.34381
475.23777,326.56794 475.61947,335.26486 470.52741,334.19902
473.50829,341.06997 468.69559,350.40458 467.96011,361.66582
464.52606,362.04018 459.00001,367.10404 451.06568,370.34614
443.76546,375.25319 434.11415,377.82765 420.59769,372.86822
404.19029,369.99101 394.00001,359.96329 399.52506,360.00169
391.97639,346.36094 389.50001,340.05492 383.82073,343.16302
394.20102,365.27098 389.42501,363.5171 384.27281,357.13568
388.66785,379.86816 391.9529,384.26369 395.19189,392.16209
400.55928,395.79756 397.01533,404.83333 400.3624,404.25062
410.92027,431.11613 402.31951,413.8844 395.30591,400.70912
404.82098,429.25786 397.84719,416.0 395.91765,426.23412
403.54093,439.74037 405.60619,451.02798 407.7906,460.77175
412.29842,469.61635 415.03802,479.0 418.68042,479.0
422.32282,479.0 425.96522,479.0 425.96522,479.0
425.96519,479.0 425.96519,479.0 425.96519,479.0
;
479.56183,475.93661 479.56183,475.93661 467.33993,475.97481
484.06568,447.89603 479.82979,466.41592 479.72148,469.5133
479.77009,473.10254 479.56183,475.93661 479.56183,475.93661
479.56183,475.93661 479.56183,475.93661 479.56183,475.93661
;
481.71146,363.25 481.71146,363.25 471.48671,352.67167
495.34321,353.53629 481.71146,363.25 481.71146,363.25
481.71146,363.25 481.71146,363.25 481.71146,363.25
;
471.79196,356.07298 471.79196,356.07298 465.90118,357.94548
482.82073,336.86462 472.36071,355.25477 472.36071,355.25477
471.79196,356.07298 471.79196,356.07298 471.79196,356.07298
;
527.29028,479.0 527.29028,479.0 535.16276,476.01384
535.13835,460.5234 544.22623,455.31755 557.43812,445.80965
561.04655,429.20473 573.95502,419.5 569.75751,408.14877
560.66835,427.62316 556.25502,432.04068 545.19517,447.36306
526.48218,458.6834 524.05002,479.0 524.05002,479.0
526.00932,479.0 526.00932,479.0 526.00932,479.0
527.2903,479.0 527.2903,479.0 527.2903,479.0
527.29028,479.0 527.29028,479.0 527.29028,479.0
;
561.32625,418.0 561.32625,418.0 572.20046,418.0125
565.83231,398.91449 557.2,406.2 554.32545,409.36814
555.79204,418.51683 561.32625,418.0 561.32625,418.0
561.32625,418.0 561.32625,418.0 561.32625,418.0
;
410.03518,368.0 410.03518,368.0 411.45434,361.62032
409.00496,355.36388 403.71846,347.85228 397.45737,330.95792
390.94683,313.60408 385.51789,296.0 380.4295,299.98489
385.72822,316.44941 388.58489,323.93437 395.53996,331.9542
394.56554,344.18475 401.70203,352.72009 407.30895,357.32253
405.79841,364.07423 410.03518,368.0 410.03518,368.0
410.03518,368.0 410.03518,368.0 410.03518,368.0
;
401.0567,356.0 401.0567,356.0 403.92495,350.59696
391.83761,345.92802 399.68075,355.38229 399.68075,355.38229
400.11341,356.0 400.11341,356.0 400.11341,356.0
401.0567,356.0 401.0567,356.0 401.0567,356.0
;
401.0942,322.0 401.0942,322.0 400.62772,317.36868
395.24927,303.9693 390.68998,301.0 392.82697,294.41191
391.71375,286.23906 401.33178,294.33409 414.49951,306.89586
407.35701,289.24051 397.31311,289.45494 387.10996,289.02714
384.46057,277.06328 377.44411,271.84747 368.90749,263.20704
372.6631,256.12063 369.87673,246.51062 364.01763,239.1009
372.72598,228.8533 372.00725,243.0 374.83536,240.13985
377.95241,219.30325 379.19246,227.14205 380.1555,233.67709
384.98638,210.32696 395.55615,214.07899 406.28087,208.90517
396.60711,225.1019 408.47368,213.47368 420.97945,205.63016
404.15321,195.40112 396.6407,203.0 391.25845,198.4528
405.58518,186.95192 414.5,191.0144 416.44164,191.3316
426.25574,187.8379 412.23212,182.0 406.84819,178.39174
422.50853,168.17957 424.61483,161.5 427.71006,153.49057
433.15984,146.35756 434.96541,140.45833 430.08197,133.63512
453.4136,119.30989 437.69344,125.14636 429.69616,131.64037
430.89705,137.45874 424.05289,144.42041 417.79778,149.88139
417.29128,153.08839 412.72831,161.74709 406.24519,168.88561
403.69133,180.34274 398.33633,185.6261 390.87926,191.76536
387.34594,205.54086 383.98677,208.99998 376.44497,218.41559
366.09751,227.10097 361.22541,237.58463 361.13341,256.23552
366.82993,275.5583 383.0,286.41504 385.64257,288.44257
391.53296,300.98329 393.52013,311.16139 395.37929,314.73575
397.92014,320.01766 401.0942,322.0 401.0942,322.0
401.0942,322.0 401.0942,322.0 401.0942,322.0
;
473.87671,321.45658 473.87671,321.45658 469.98649,309.65884
459.82251,290.60455 474.11587,280.99903 485.5517,271.06066
487.79622,253.35864 490.31354,241.15678 489.9503,229.89377
495.08383,216.4077 492.22054,204.00736 490.06853,183.92133
483.21854,165.18338 476.02446,146.97467 471.71129,141.42196
466.28862,119.98973 462.13861,123.92571 464.15249,133.44945
469.59861,141.30376 468.95887,148.39201 474.30893,160.17251
478.16933,172.41728 482.99993,183.0 478.61197,180.53511
469.38548,168.93969 458.41338,173.98353 450.17366,177.38907
435.33029,177.39872 433.32084,186.65431 442.92708,180.04762
440.12864,193.22366 453.65411,187.09568 463.09956,188.05776
481.34788,180.03665 483.87457,190.44604 488.95777,206.37275
487.58612,224.47354 483.88357,240.84097 484.39429,261.57647
472.72212,279.18578 457.43572,292.09233 449.05436,300.67426
466.78344,289.09981 459.7454,305.30241 453.99568,327.04987
461.13292,314.36853 463.21921,305.42724 463.41299,319.00965
466.10619,318.72835 468.88403,314.93562 467.8915,317.17952
472.61249,322.16073 473.87681,321.45658 473.87681,321.45658
473.87671,321.45658 473.87671,321.45658 473.87671,321.45658
;
477.30898,181.81092 477.30898,181.81092 459.48447,182.58689
466.30883,174.21292 478.11799,182.0 478.11799,182.0
477.30898,181.81092 477.30898,181.81092 477.30898,181.81092
;
446.35078,301.0 446.35078,301.0 462.38289,299.0473
445.14296,292.56562 446.35078,301.0 446.35078,301.0
446.35078,301.0 446.35078,301.0 446.35078,301.0
;
412.50855,273.84626 412.50855,273.84626 417.01389,270.781
420.16071,270.23376 433.5,270.13918 440.81073,267.873
459.93793,274.90329 456.6853,263.20475 448.78888,261.14511
438.94446,254.64835 430.18843,259.25793 421.52618,256.97135
408.77219,262.49434 404.83371,270.09928 406.94614,273.06915
408.51352,274.54304 412.50855,273.84626 412.50855,273.84626
412.50855,273.84626 412.50855,273.84626 412.50855,273.84626
;
429.0,264.79389 429.0,264.79389 411.86764,262.4423
427.58769,262.60922 435.61346,261.05616 452.14519,260.86575
434.03983,264.5145 429.0,264.79389 429.0,264.79389
429.0,264.79389 429.0,264.79389 429.0,264.79389
;
417.26317,248.0 417.26317,248.0 414.44378,240.73253
437.35396,252.14141 422.63291,240.12918 410.38258,247.35187
417.59242,224.07262 414.07477,229.03722 408.47737,226.64983
400.13574,244.92513 412.3504,246.07135 413.99507,246.68985
415.19078,248.85457 417.26317,248.0 417.26317,248.0
417.26317,248.0 417.26317,248.0 417.26317,248.0
;
440.0817,247.0 440.0817,247.0 451.08631,244.79329
454.03903,228.95643 444.5,226.0 440.63591,225.53689
447.34952,243.40647 439.826,237.4367 431.7192,239.53736
426.36586,242.01133 435.87812,243.15596 442.49177,239.15814
443.5171,247.73418 440.0817,247.0 440.0817,247.0
440.0817,247.0 440.0817,247.0 440.0817,247.0
;
379.09581,245.44079 379.09581,245.44079 384.09472,233.78898
374.20364,234.64825 378.27896,245.94563 378.27896,245.94563
379.09581,245.44079 379.09581,245.44079 379.09581,245.44079
;
449.55356,212.0 449.55356,212.0 457.5604,209.02525
465.01814,213.62648 474.0,208.75736 480.64444,201.73247
480.26135,190.34936 469.62966,198.31413 465.62553,196.92546
451.45934,195.76974 443.5,201.4538 438.82359,204.9816
446.61974,211.06498 449.55356,212.0 449.55356,212.0
449.55356,212.0 449.55356,212.0 449.55356,212.0
;
389.58971,177.0 389.58971,177.0 400.06507,169.42039
388.98975,166.46964 389.58971,177.0 389.58971,177.0
389.58971,177.0 389.58971,177.0 389.58971,177.0
;
405.21482,159.98469 405.21482,159.98469 414.80925,152.86426
395.17509,155.32758 405.21482,159.98469 405.21482,159.98469
405.21482,159.98469 405.21482,159.98469 405.21482,159.98469
;
409.877,144.0 409.877,144.0 416.21215,146.46053
417.52583,127.38263 411.51236,139.30217 411.51936,140.29894
407.24221,144.63727 409.877,144.0 409.877,144.0
409.877,144.0 409.877,144.0 409.877,144.0
;
