427.0,480.0 427.0,480.0 284.66667,480.0
142.33333,480.0 0.0,480.0 0.0,320.0
0.0,160.0 0.0,0.0 284.66667,0.0
569.33333,0.0 854.0,0.0 854.0,160.0
854.0,320.0 854.0,480.0 711.66667,480.0
569.33333,480.0 427.0,480.0 427.0,480.0
427.0,480.0 427.0,480.0 427.0,480.0
;
230.57807,479.0 230.57807,479.0 232.31095,472.53517
228.04935,458.69015 232.87497,450.04307 239.89963,431.87325
248.27769,414.22862 253.27705,395.39137 258.4844,379.26362
273.02951,367.88866 275.17694,350.5 284.00213,344.84936
295.28214,341.93863 302.78402,333.08942 313.24031,323.10787
334.8778,320.51099 333.81665,302.66654 335.99158,289.25795
340.33808,274.29725 335.85191,261.5 335.23819,246.19965
340.8114,255.13802 336.0,245.0814 334.81119,235.73923
333.97004,248.5419 332.20532,245.54531 330.38025,233.40936
337.54723,226.48156 336.95701,220.24327 338.70405,209.96183
342.14709,199.66251 346.8331,189.5 346.70822,176.92096
349.22591,175.41368 350.49284,165.58326 359.28109,140.03219
369.83011,110.52966 395.50006,96.619855 413.70848,84.606691
438.23875,84.159643 457.18704,94.517612 475.55217,98.323059
489.9248,115.5334 494.38001,132.19426 496.87505,132.24006
496.38666,140.21466 502.0,147.0 501.17199,156.21931
510.98513,167.39592 506.0703,174.25 506.99134,176.37795
510.59677,171.02201 510.25283,177.75 503.17474,177.1658
516.29449,186.15899 513.51438,195.3802 518.18615,219.88147
519.62566,244.77164 515.68833,269.45926 517.7145,280.24126
509.39184,263.06253 511.92121,283.5 508.9062,301.97434
530.45387,309.24596 544.28054,313.89043 559.32485,321.66955
575.019,328.40546 586.81956,341.00683 591.24208,348.65427
594.15859,357.90606 600.87526,366.69934 611.96111,392.694
611.32421,421.70116 619.9175,448.5 622.90772,458.02731
621.32507,472.4872 624.95943,479.0 629.69834,474.03756
623.43349,459.56408 623.50342,451.18871 615.71243,423.79668
614.73194,394.61744 604.92686,367.81683 602.89126,358.38832
590.93804,353.24462 594.34977,344.22903 587.93874,337.52914
579.6131,330.36166 571.87868,324.1975 559.89784,319.08466
547.77826,311.70484 536.16472,306.98282 530.01898,304.71506
524.76458,302.3571 520.38325,296.72036 519.6006,293.3726
531.00682,302.99889 528.50013,298.30421 537.34972,304.91079
519.29997,288.60282 522.29559,289.08774 514.95346,273.03163
524.23689,283.12737 520.50254,268.58139 521.1494,242.17656
526.1233,215.38743 518.07793,189.49999 518.05943,177.23009
518.22519,171.44354 515.0581,159.96736 511.87441,145.59945
505.40297,131.4264 497.01646,120.10397 506.32615,127.55723
492.01579,117.49806 494.12489,117.99999 489.31476,108.63567
485.80501,99.975061 484.59733,105.96769 475.92304,98.393519
469.24188,91.230399 459.6282,89.045704 450.78026,88.238285
443.30792,85.632251 443.66267,85.263198 442.80452,83.788305
415.56392,84.624731 432.5,81.152156 426.28117,81.513986
400.32611,84.998158 408.51275,86.260766 418.75299,83.994954
399.69825,89.534415 394.97261,90.377961 384.74463,94.402977
373.72428,106.0534 389.38351,94.362922 406.78197,86.395475
394.27334,93.925043 385.37623,99.582258 375.36518,104.76502
370.79011,116.86023 363.72909,124.0 360.95137,130.40679
353.62496,142.96301 351.06067,152.68567 344.38114,174.61775
340.86227,197.65025 332.22076,218.85555 327.37656,234.92809
328.93003,251.38812 332.33064,267.41782 334.44035,278.54811
327.92313,284.86133 328.18584,295.67543 322.07044,306.32803
328.76118,305.05375 328.76296,299.5 335.14204,295.35856
323.03026,310.47761 326.1025,313.0 323.18958,303.31238
325.09412,305.25397 321.82911,313.72361 316.13766,319.15393
304.91041,323.68248 298.99113,331.76786 292.9195,340.92296
280.15876,342.68777 272.89015,348.36804 269.16693,369.24562
250.94386,383.23007 247.41887,404.26345 242.52954,423.01633
230.93267,439.3819 227.8093,458.45978 229.52126,464.2284
224.48982,476.50526 230.57807,479.0 230.57807,479.0
230.57807,479.0 230.57807,479.0 230.57807,479.0
;
512.74985,168.5 512.74985,168.5 510.83686,165.46327
515.04532,152.76758 514.91518,170.5 514.19088,169.77758
513.05674,163.32207 512.74985,168.5 512.74985,168.5
512.74985,168.5 512.74985,168.5 512.74985,168.5
;
430.18793,478.8068 430.18793,478.8068 438.30459,475.71979
420.75028,466.26906 421.74413,457.64971 418.99768,445.77014
412.93088,434.27543 412.80004,422.0 405.11856,417.85112
406.64688,402.86124 400.82057,395.0 397.57256,386.05252
396.44921,376.04869 394.19997,366.95919 392.97705,362.57663
385.25243,335.7136 393.92613,346.39142 407.81443,362.7051
424.5254,379.56377 445.41859,384.9974 460.67107,384.43997
472.14343,370.7228 480.44801,358.99977 483.12516,355.4525
490.85855,343.87035 491.0594,335.59358 500.59403,354.21183
488.13006,374.95942 489.99997,394.83769 482.23726,405.17824
487.41685,410.07049 484.1497,421.13352 480.63781,428.84316
479.07965,444.69924 476.64859,444.46612 472.40411,432.12752
483.08812,421.63435 483.11806,409.49977 476.03042,422.22936
472.65982,436.88851 474.46852,451.49977 470.60077,458.72101
462.80293,477.17459 472.62006,478.99977 480.55375,447.26624
489.45672,414.55456 497.30412,382.5413 496.6359,362.65104
501.1095,342.65249 494.72989,323.16467 491.84888,311.37296
486.48221,300.51795 477.99997,291.74485 477.35661,280.11621
474.86349,268.8609 485.1367,260.73024 489.40011,250.98153
491.64607,242.8438 499.99997,236.55476 496.92913,227.25925
491.60737,220.33178 497.82431,209.31362 500.16323,180.39379
488.51268,153.22042 478.78838,126.63716 468.0252,110.0937
479.13632,130.00454 477.84645,136.75329 478.81584,144.24776
483.14627,156.63895 487.04947,161.99977 492.86377,182.924
498.22276,205.66771 490.11473,226.83172 488.48698,243.7458
484.61903,261.53725 470.81463,272.99977 479.04984,275.28405
471.33017,298.36578 476.99997,300.05879 481.96005,300.9672
488.79085,313.32119 488.20999,321.19245 490.68549,332.49577
481.19001,342.3083 481.04711,353.48252 475.76493,362.61839
474.37592,358.66804 464.31786,367.85909 452.93503,372.88333
439.29532,385.54498 427.8845,374.23331 412.15665,364.95587
399.27589,350.5383 389.25196,335.35505 389.96673,322.15861
384.39093,307.6048 386.22504,329.20717 387.1799,353.88511
389.21188,379.77043 400.47136,402.04058 405.98691,420.04353
413.54631,437.05686 418.00094,455.5 400.84548,432.00369
373.51223,419.76431 352.96445,399.79966 352.28542,396.47712
341.7501,400.33034 352.75176,406.38318 345.091,402.11026
340.12815,422.86845 353.0,419.0 357.01891,405.62706
363.24918,415.40315 371.51456,421.45755 392.18255,437.85487
417.14949,452.86438 426.5,478.9366 426.5,478.9366
428.45809,478.8677 428.45809,478.8677 428.45809,478.8677
430.18793,478.8068 430.18793,478.8068 430.18793,478.8068
;
471.67266,471.4714 471.67266,471.4714 464.16416,484.22634
475.15358,448.00292 471.97807,470.29322 471.97807,470.29322
471.67264,471.4714 471.67264,471.4714 471.67264,471.4714
471.67266,471.4714 471.67266,471.4714 471.67266,471.4714
;
447.69839,382.41615 447.69839,382.41615 430.73098,381.43848
458.44227,375.33782 462.98652,370.8584 473.94762,364.32838
479.99219,356.3067 467.84498,370.5 461.41016,374.67301
455.73572,381.81326 447.69839,382.41615 447.69839,382.41615
447.69839,382.41615 447.69839,382.41615 447.69839,382.41615
;
492.02219,240.0 492.02219,240.0 489.505,240.78182
496.1889,228.963 494.51233,228.71414 497.75646,232.25107
498.29054,240.09034 492.02219,240.0 492.02219,240.0
492.02219,240.0 492.02219,240.0 492.02219,240.0
;
517.2726,479.0 517.2726,479.0 523.55041,474.86015
527.76781,463.68247 537.43906,461.57221 553.78035,457.2099
567.97389,447.35969 581.83333,438.87249 590.69311,430.3101
567.96319,439.22117 563.85132,444.48059 550.53826,454.31837
527.53541,455.56809 519.62431,469.0153 520.89775,468.13022
510.22159,480.31559 517.2726,479.0 517.2726,479.0
517.2726,479.0 517.2726,479.0 517.2726,479.0
;
552.35791,454.05402 552.35791,454.05402 546.97482,453.87713
564.94196,448.29666 569.0,443.50083 571.38346,443.60606
556.06332,453.47722 552.35791,454.05402 552.35791,454.05402
552.35791,454.05402 552.35791,454.05402 552.35791,454.05402
;
454.80288,452.53045 454.80288,452.53045 449.34291,443.22317
444.22262,439.33766 438.23036,431.24922 433.43511,419.49312
421.01302,411.27444 419.90615,398.76603 411.23118,389.21802
412.79423,377.88136 401.48292,370.8425 388.52778,358.29509
401.59263,380.44159 404.00655,385.7723 412.11331,407.20894
424.98819,426.33885 439.26616,444.06713 433.08763,428.30298
417.89498,413.30936 411.23884,396.2726 410.00186,388.87355
395.19165,364.98718 397.17382,369.94146 413.61944,386.71835
417.04231,411.99398 433.1521,429.28526 438.90217,437.96258
447.51385,446.50975 454.80288,452.53045 454.80288,452.53045
454.80288,452.53045 454.80288,452.53045 454.80288,452.53045
;
570.79708,432.80295 570.79708,432.80295 585.48304,430.17687
564.41354,412.71737 564.0,427.82782 563.33763,431.15245
567.75126,434.30353 570.79708,432.80295 570.79708,432.80295
570.79708,432.80295 570.79708,432.80295 570.79708,432.80295
;
446.0,397.79062 446.0,397.79062 460.47233,398.8337
435.47162,395.40109 429.12682,393.0142 434.357,395.94236
439.81197,398.70961 446.0,397.79062 446.0,397.79062
446.0,397.79062 446.0,397.79062 446.0,397.79062
;
360.65,344.9682 360.65,344.9682 368.76455,330.70877
347.04829,341.62918 360.65,344.9682 360.65,344.9682
360.65,344.9682 360.65,344.9682 360.65,344.9682
;
402.65539,338.67794 402.65539,338.67794 402.77478,333.47656
391.22313,318.66249 396.0,319.11803 391.49585,311.17652
394.35355,303.81342 392.33465,296.64038 396.81945,297.23962
389.86169,285.79747 392.0,276.09229 403.50419,275.37718
389.06753,268.45496 385.21901,260.0 376.51706,245.16367
376.63499,224.78376 378.72322,207.74488 382.78282,201.68594
379.59765,187.61018 392.0,191.90151 405.04567,195.25291
408.83506,187.51971 415.45781,190.42271 422.79055,186.6719
409.69405,174.56843 402.5,177.27285 385.65765,177.39608
394.27798,180.72778 395.57212,180.17299 380.16157,188.43307
391.29773,163.43302 401.00962,168.81324 407.70087,169.75632
432.6212,174.51625 415.89379,167.05762 404.32929,161.40484
429.84268,171.49878 425.884,170.40493 423.42274,161.71395
410.26509,161.21256 402.82188,157.98172 408.88077,149.13464
415.56568,144.78918 422.87479,136.6667 430.22443,130.44188
437.60056,124.10707 445.24135,118.8004 444.86589,121.7494
464.7389,114.56035 465.90638,125.99994 470.15987,119.10695
444.36231,114.35977 462.51283,117.29262 477.61829,121.71065
459.43335,112.01915 452.87681,114.53598 451.98467,115.66593
428.98758,124.91381 440.37367,116.99426 440.83646,111.79854
427.29732,124.14975 422.64616,129.2224 411.79507,141.02478
398.38724,151.68459 390.96376,164.95476 383.29747,168.95063
378.5679,188.43947 391.94711,184.27648 379.82984,194.99038
379.11779,183.39456 375.37829,194.33346 370.79869,210.09077
370.65817,227.37224 375.25308,243.1015 364.91089,237.93582
379.8045,255.44304 381.40066,262.34133 394.41917,271.39421
387.17834,288.12591 388.83781,301.48417 387.33415,313.31693
392.79673,325.76137 398.79137,333.38073 399.84947,334.17697
401.50472,339.95139 402.65539,338.67794 402.65539,338.67794
402.65539,338.67794 402.65539,338.67794 402.65539,338.67794
;
403.60765,189.0 403.60765,189.0 400.50193,183.33138
405.44603,179.44338 406.28074,186.73665 405.37632,187.46711
405.42497,189.90726 403.60765,189.0 403.60765,189.0
403.60765,189.0 403.60765,189.0 403.60765,189.0
;
399.25337,165.42959 399.25337,165.42959 386.35809,163.95089
404.55549,159.72919 409.50075,164.05413 417.08997,165.4009
398.4088,164.98218 399.25337,165.42959 399.25337,165.42959
399.25337,165.42959 399.25337,165.42959 399.25337,165.42959
;
430.39113,269.0 430.39113,269.0 443.37334,267.1565
411.51586,265.78604 430.39113,269.0 430.39113,269.0
430.39113,269.0 430.39113,269.0 430.39113,269.0
;
415.36117,258.66667 415.36117,258.66667 417.90396,251.26021
425.40185,258.00059 415.86803,251.10275 422.70962,254.30163
434.36946,258.18783 443.5,254.0989 448.99577,250.82227
455.58758,262.4025 455.3238,247.67269 448.12585,238.00154
439.52141,235.92766 428.71969,237.16185 422.64282,238.1124
409.37324,246.88836 411.02807,254.17285 412.54291,255.41269
412.65971,259.6397 415.36117,258.66667 415.36117,258.66667
415.36117,258.66667 415.36117,258.66667 415.36117,258.66667
;
419.98657,247.75 419.98657,247.75 415.70287,243.1326
432.50967,234.17172 441.89793,238.59718 451.06981,243.14526
450.91681,252.49818 443.95597,245.21977 436.58033,243.76317
426.18523,242.75003 420.04803,247.65334 420.04803,247.65334
419.98657,247.75 419.98657,247.75 419.98657,247.75
;
420.83889,226.99626 420.83889,226.99626 411.04443,225.0801
422.58744,208.15189 415.79593,211.24441 411.46175,218.08028
412.59017,224.55827 420.83889,226.99626 420.83889,226.99626
420.83889,226.99626 420.83889,226.99626 420.83889,226.99626
;
424.77083,224.71998 424.77083,224.71998 437.49207,218.76928
418.73489,222.05133 419.18583,219.47871 423.18136,203.44186
410.92352,228.86455 424.77083,224.71998 424.77083,224.71998
424.77083,224.71998 424.77083,224.71998 424.77083,224.71998
;
442.74002,223.64248 442.74002,223.64248 453.73537,219.62996
445.8101,210.20151 444.80618,220.7406 439.85894,211.55499
429.48417,226.45245 442.74002,223.64248 442.74002,223.64248
442.74002,223.64248 442.74002,223.64248 442.74002,223.64248
;
450.53854,219.0 450.53854,219.0 452.30682,208.53422
442.58808,204.13306 450.53854,219.0 450.53854,219.0
450.53854,219.0 450.53854,219.0 450.53854,219.0
;
468.0,191.65824 468.0,191.65824 479.16204,192.70515
493.47341,182.72067 475.68457,178.05808 465.747,174.64209
453.00135,177.66318 448.67243,188.10133 453.00308,192.01652
461.49558,190.31162 468.0,191.65824 468.0,191.65824
468.0,191.65824 468.0,191.65824 468.0,191.65824
;
462.81017,188.0 462.81017,188.0 456.86836,180.10642
467.67115,181.4979 464.75511,188.00003 464.75511,188.00003
462.81017,188.00003 462.81017,188.00003 462.81017,188.00003
462.81017,188.0 462.81017,188.0 462.81017,188.0
;
485.37244,171.89764 485.37244,171.89764 485.56234,165.06477
465.8453,166.19167 457.5,165.08254 457.82458,163.36774
471.96092,162.6109 476.29554,163.53002 486.71486,171.19111
488.34888,166.34877 477.19931,160.78683 467.69675,156.4846
454.50052,160.28554 446.23547,164.79365 446.58874,173.43164
458.47661,169.30088 469.0,169.80777 474.71461,169.21234
479.86297,171.13582 485.37244,171.89764 485.37244,171.89764
485.37244,171.89764 485.37244,171.89764 485.37244,171.89764
;
