427.0,480.0 427.0,480.0 284.66667,480.0
142.33333,480.0 0.0,480.0 0.0,320.0
0.0,160.0 0.0,0.0 284.66667,0.0
569.33333,0.0 854.0,0.0 854.0,160.0
854.0,320.0 854.0,480.0 711.66667,480.0
569.33333,480.0 427.0,480.0 427.0,480.0
427.0,480.0 427.0,480.0 427.0,480.0
;
226.98095,479.0 226.98095,479.0 232.74821,463.79414
232.79995,443.4098 240.45943,427.57011 244.89549,404.96366
250.91226,381.78546 260.74764,361.13259 273.97654,347.80118
287.77792,334.60662 305.0,326.58445 308.71478,321.7465
321.48278,317.82916 320.45221,306.94714 324.42305,298.397
320.32685,282.18719 326.73834,278.0 329.50454,265.56885
326.85792,257.47607 329.87618,246.47942 328.35476,240.3154
331.99085,228.04647 326.65895,240.26872 327.16112,248.51648
322.71211,252.6191 323.12616,264.24057 321.16437,285.33307
320.78532,259.90257 321.3974,251.93163 321.68812,243.53116
328.10948,235.79743 328.38326,224.54081 328.14966,210.07847
327.41052,195.12265 335.76506,182.7502 345.90344,155.37196
361.9976,127.36485 388.5,113.15104 403.07981,106.90589
420.35219,106.08122 434.44844,113.43001 456.42968,115.73982
470.23427,137.6907 476.47923,157.0 482.47518,168.58265
485.16225,183.7818 488.77264,194.0 494.24959,201.9879
490.98932,216.10545 496.3457,223.75523 496.73572,240.18773
498.01602,256.64439 495.8199,273.00673 493.34203,277.92636
493.01476,294.43245 493.61004,303.28559 500.01119,320.88887
523.01146,324.31086 535.97905,334.05471 539.34992,339.36646
545.14329,333.62178 554.08959,344.41668 566.65277,350.0695
560.48209,360.16874 567.06488,367.86555 577.53079,386.44251
575.71026,409.21604 580.99286,429.45893 578.98297,446.24845
585.22665,462.25654 585.27509,479.0 591.70842,474.39666
585.04513,457.44349 584.1842,448.23845 585.91802,428.10207
578.76068,409.04233 577.93024,388.98284 575.00916,379.13389
573.2616,368.48825 565.69231,360.90774 572.73091,350.39788
554.25082,342.41274 548.11575,335.21286 534.38245,329.99235
519.48766,322.03991 507.59526,312.84593 501.14568,303.12715
499.39015,304.59632 500.6191,301.07874 492.75762,283.3304
502.44188,263.22684 500.85131,244.35631 501.61492,235.04021
503.76325,228.78229 498.70891,218.45241 497.46584,195.52923
494.62478,171.44732 482.9283,150.92501 483.92236,147.29863
472.6085,136.26257 467.50395,129.64554 464.26071,121.66203
453.77021,108.22585 461.92011,123.5 454.71692,115.99207
451.42558,112.0749 441.60357,109.37962 430.19843,105.93202
429.87941,106.91572 423.49999,106.67221 433.48927,103.55169
425.81115,101.8004 415.26859,99.783715 404.65346,102.77573
399.47575,104.39781 389.90583,107.32889 384.57268,112.69557
378.10104,111.40105 369.97455,121.6208 368.45134,126.53224
347.07567,138.30111 358.49999,134.7448 348.98544,142.64725
346.09601,155.10128 338.56059,165.09816 335.16565,160.67861
332.20909,182.66735 328.79933,189.15269 324.29182,198.07131
325.51241,194.0172 325.23151,210.76987 326.19753,221.64943
315.71259,229.96323 316.05301,241.5 322.94649,224.15354
317.237,248.09816 317.771,255.14053 315.78618,259.22605
315.2553,265.2032 312.76332,274.41736 313.1302,275.39947
321.78416,276.41241 316.85898,289.0 318.78105,289.35029
314.2308,299.08667 313.49695,309.25 311.97587,317.25535
305.01098,319.56266 297.92457,324.52471 285.75052,328.46562
281.80767,329.33185 284.38388,335.66111 280.66747,327.73693
279.92995,340.85672 271.86848,346.30382 254.54754,357.66079
249.72195,378.57332 245.10379,397.42757 239.69032,412.21736
238.08215,428.07091 232.21114,442.73457 231.21802,454.72251
224.59309,466.90653 226.98095,479.0 226.98095,479.0
226.98095,479.0 226.98095,479.0 226.98095,479.0
;
421.7289,104.81003 421.7289,104.81003 411.70446,107.39011
404.52783,99.40276 421.5184,103.10639 424.87766,102.90329
422.69269,103.99979 421.7289,104.81003 421.7289,104.81003
421.7289,104.81003 421.7289,104.81003 421.7289,104.81003
;
407.09128,478.79622 407.09128,478.79622 418.2686,480.59478
406.25572,469.5886 403.29589,461.01037 398.16954,447.31999
400.8043,451.04866 407.94394,460.46853 413.0698,477.77756
413.20677,460.0685 405.77259,453.27633 402.25732,440.34331
394.76803,424.99995 391.06739,413.0 386.87645,404.01349
382.12703,392.38819 379.0023,381.29484 377.5594,368.89015
376.3244,359.54547 384.2091,375.80474 389.61311,389.74433
397.51701,393.1513 387.39759,377.28812 385.14356,366.65944
372.50799,360.89691 375.98387,348.16073 376.39398,340.70589
384.45664,356.83851 391.32951,361.77987 403.37108,372.53724
416.7186,383.91173 432.1097,389.1243 448.88015,385.20917
461.33287,371.02594 468.14399,355.97096 471.29112,361.06226
472.5867,332.0418 475.34678,341.41554 479.02724,350.7253
477.99801,365.39912 477.00005,367.88197 472.36707,383.73083
476.86835,401.25157 470.2282,416.70944 469.4935,428.32735
457.83812,435.36591 461.93357,447.7472 462.04554,458.91282
461.72168,473.57745 448.04535,476.11768 446.20901,483.40512
465.86706,465.30402 460.09039,477.33195 465.60967,480.00662
465.12893,457.54171 468.275,450.14599 472.89723,420.46121
484.46954,391.51136 481.45402,361.12275 481.60517,343.63766
477.23923,325.19976 467.99487,310.67774 457.20331,303.54429
458.79175,288.56862 460.05205,277.79231 468.46999,270.6395
470.14151,257.69131 476.78665,251.23383 491.91048,248.00011
469.68745,223.61264 478.25541,242.46201 475.97054,249.05541
472.50861,228.27467 477.16257,221.69756 476.38194,212.80318
477.86475,192.12044 475.00199,193.54084 471.24035,175.61843
462.20012,158.60411 455.96163,141.84482 447.88107,129.09148
447.39339,136.18634 454.22752,145.79467 453.37165,150.08355
457.74929,159.33963 460.51281,167.10779 465.01993,175.08206
468.51544,183.50104 470.38798,194.29933 476.91235,210.25633
470.81603,226.35154 470.10975,242.50045 471.21331,258.31877
462.07852,276.27009 447.05545,281.30869 432.75211,293.80543
444.97973,285.11651 453.75007,279.75888 459.70036,283.85278
453.15364,301.00557 457.15922,309.72761 462.3736,307.367
473.96504,324.04389 470.96715,332.74573 466.70319,342.46425
465.40878,352.83241 462.1706,362.5503 451.38463,369.07059
439.90089,380.0295 425.99692,383.01657 406.26844,374.41919
387.79222,357.3296 376.09321,338.32421 377.46563,323.87177
373.19363,317.02094 373.00276,335.19819 372.70866,359.14221
374.42324,383.88931 384.20054,405.85524 387.68193,421.02408
394.415,435.06641 397.01634,450.50045 382.40885,428.00162
357.2541,416.24271 338.30764,398.02623 330.00727,393.59774
339.89602,404.11752 331.26792,407.79598 325.15801,418.24264
345.16129,420.2091 342.00008,409.00045 363.89262,424.96297
389.61257,441.35265 402.15621,466.93881 402.21081,471.37041
403.04599,474.32817 406.13629,478.86945 406.13629,478.86945
407.09136,478.79665 407.09136,478.79665 407.09136,478.79665
407.09128,478.79622 407.09128,478.79622 407.09128,478.79622
;
466.11177,445.02471 466.11177,445.02471 460.22597,454.18246
467.82035,417.66024 468.76896,432.72347 467.9079,437.81482
465.68191,440.05063 466.11177,445.02471 466.11177,445.02471
466.11177,445.02471 466.11177,445.02471 466.11177,445.02471
;
335.25,413.98469 335.25,413.98469 327.56138,402.48221
348.62264,413.13446 336.50002,409.0306 328.55654,410.58038
339.00857,414.36428 335.25,413.98469 335.25,413.98469
335.25,413.98469 335.25,413.98469 335.25,413.98469
;
430.70295,385.9682 430.70295,385.9682 425.5848,383.8243
446.5938,377.93154 451.7116,373.23204 460.16465,368.97432
440.14311,384.9705 433.90589,386.00001 433.90589,386.00001
431.94668,385.98061 431.94668,385.98061 431.94668,385.98061
430.70295,385.96821 430.70295,385.96821 430.70295,385.96821
430.70295,385.9682 430.70295,385.9682 430.70295,385.9682
;
502.448,478.75 502.448,478.75 508.09153,474.39923
511.31342,459.85858 522.70597,458.3611 536.24676,454.40258
549.85032,447.36866 560.0496,438.53168 568.26726,435.99859
552.49674,434.92494 545.55335,443.08991 530.88539,453.01208
507.78928,452.82635 501.2441,472.5 501.67536,474.55687
497.29308,480.65916 502.448,478.75 502.448,478.75
502.448,478.75 502.448,478.75 502.448,478.75
;
549.62857,434.0 549.62857,434.0 559.78459,434.55224
553.48465,417.57818 546.2,424.2 543.69918,426.75483
544.26139,435.20946 549.62857,434.0 549.62857,434.0
549.62857,434.0 549.62857,434.0 549.62857,434.0
;
431.0,399.89611 431.0,399.89611 432.95632,398.75615
413.46454,395.20898 409.31485,388.98088 403.44177,384.33944
384.66025,372.3279 399.52887,384.49999 409.0639,391.00022
419.32898,398.59836 431.0,399.89611 431.0,399.89611
431.0,399.89611 431.0,399.89611 431.0,399.89611
;
349.28611,345.66124 349.28611,345.66124 348.76077,339.1125
337.79514,331.99242 345.23047,345.0941 344.74285,346.96631
350.14162,349.44643 349.28611,345.66124 349.28611,345.66124
349.28611,345.66124 349.28611,345.66124 349.28611,345.66124
;
388.73443,341.59891 388.73443,341.59891 385.62411,332.74731
381.44897,324.0845 382.63152,314.5 373.42385,296.94722
390.09672,319.83998 383.81209,307.58309 381.39974,299.8093
376.51267,286.0255 384.16667,284.0 374.09138,272.43914
363.09261,259.89862 362.93951,243.37049 360.45014,231.43953
361.11327,215.73926 360.0171,220.40601 362.06977,208.84552
368.94202,202.30674 380.91749,204.98709 387.12158,202.40665
404.2831,207.49068 398.00407,197.13909 391.25924,189.91862
375.93602,190.80433 372.0407,197.0 364.54494,196.81155
366.32517,213.42535 359.14841,213.48175 364.8228,204.48362
365.16277,192.95669 373.12331,186.0 371.05977,188.53847
388.04726,182.69165 396.49971,186.2064 405.09315,186.1859
411.54226,184.58368 398.48538,178.71098 392.26832,172.00779
368.58898,181.29619 379.42225,168.87151 387.10389,152.73611
384.35641,166.87517 391.6403,156.11573 398.13303,148.34127
401.42826,142.87921 403.88168,141.99995 410.18492,137.01871
414.4652,133.62198 425.08574,133.67783 436.79326,132.17251
441.7519,144.93025 453.11774,143.99993 442.60725,140.78862
434.07318,131.45355 444.9837,135.54068 440.79388,129.59805
427.67916,129.55198 419.58109,129.50608 407.92099,130.36677
403.02678,136.68582 395.63928,142.29874 384.56434,142.72114
383.59946,163.62059 376.67903,163.49991 377.35201,171.76345
369.14554,183.45565 369.99594,176.04047 367.15078,179.40721
372.92648,187.10572 363.65978,190.67182 367.35944,200.62441
349.76204,205.17765 354.99966,216.57773 354.92736,228.29526
359.40491,239.51646 360.15423,251.21347 353.65384,240.61312
358.75,258.62844 364.10033,262.89178 367.20493,274.57961
382.60526,279.68763 377.28736,293.36217 374.88673,309.32427
376.14109,325.64964 386.37071,338.84284 387.3142,338.72215
387.46592,343.89094 388.73443,341.59891 388.73443,341.59891
388.73443,341.59891 388.73443,341.59891 388.73443,341.59891
;
378.7007,182.16812 378.7007,182.16812 360.31238,182.69259
387.26459,174.14019 386.65523,180.48763 385.01296,183.06209
381.21742,181.43103 378.7007,182.16812 378.7007,182.16812
378.7007,182.16812 378.7007,182.16812 378.7007,182.16812
;
411.5,294.91626 411.5,294.91626 407.55437,289.84923
392.77045,287.95238 408.44862,294.18115 409.51409,294.14965
410.37107,295.31085 411.5,294.91626 411.5,294.91626
411.5,294.91626 411.5,294.91626 411.5,294.91626
;
397.0,289.90982 397.0,289.90982 390.6239,280.53531
380.23274,278.71372 394.5,289.03678 395.46984,288.75605
396.05325,290.09383 397.0,289.90982 397.0,289.90982
397.0,289.90982 397.0,289.90982 397.0,289.90982
;
402.2409,268.99503 402.2409,268.99503 391.62076,259.94331
403.51393,260.79395 414.95918,262.34722 421.22395,264.87771
438.07576,252.90675 435.91971,263.16574 444.92095,259.67027
444.34302,250.44395 433.00018,249.24539 424.40531,242.23291
413.38964,245.32595 404.03109,246.08044 399.01825,252.7707
386.87626,252.63778 392.11803,262.999 396.77022,261.62555
398.15852,269.0991 402.2409,268.99503 402.2409,268.99503
402.2409,268.99503 402.2409,268.99503 402.2409,268.99503
;
407.67441,259.75626 407.67441,259.75626 390.83681,256.94539
419.86515,253.42726 407.67441,259.75626 407.67441,259.75626
407.67441,259.75626 407.67441,259.75626 407.67441,259.75626
;
419.78279,258.25 419.78279,258.25 414.85397,256.92182
422.61803,250.03004 424.03502,257.25003 423.22676,255.55836
418.49868,254.84676 419.78279,258.25 419.78279,258.25
419.78279,258.25 419.78279,258.25 419.78279,258.25
;
400.04881,254.0 400.04881,254.0 399.98041,245.49848
416.7475,246.12432 425.03929,246.34568 439.87061,255.21656
412.99933,248.11322 406.71316,250.59153 403.69612,249.58477
402.93731,254.72583 400.04881,254.0 400.04881,254.0
400.04881,254.0 400.04881,254.0 400.04881,254.0
;
402.40499,235.87001 402.40499,235.87001 392.71433,235.9872
404.36279,215.52747 397.41493,221.30576 392.51595,226.4479
394.04151,235.70509 402.40499,235.87001 402.40499,235.87001
402.40499,235.87001 402.40499,235.87001 402.40499,235.87001
;
410.49955,235.0 410.49955,235.0 409.68852,221.74414
396.48614,238.69062 402.26013,222.53924 392.76833,229.64295
403.34552,234.78966 410.49955,235.0 410.49955,235.0
410.49955,235.0 410.49955,235.0 410.49955,235.0
;
422.40213,232.55169 422.40213,232.55169 433.00909,227.30543
428.49784,221.90626 424.50992,228.65278 419.8675,223.28297
410.04106,235.55289 422.40213,232.55169 422.40213,232.55169
422.40213,232.55169 422.40213,232.55169 422.40213,232.55169
;
431.61783,226.0 431.61783,226.0 432.01621,216.20221
421.77237,214.29238 431.61783,226.0 431.61783,226.0
431.61783,226.0 431.61783,226.0 431.61783,226.0
;
384.29966,209.96959 384.29966,209.96959 400.90032,206.7746
394.54328,206.78596 382.19828,207.78965 374.71641,211.61819
380.46659,209.35331 384.29966,209.96959 384.29966,209.96959
384.29966,209.96959 384.29966,209.96959 384.29966,209.96959
;
439.5,207.47063 439.5,207.47063 452.36925,205.59613
420.69323,203.25207 439.4129,207.48993 439.4129,207.48993
439.5,207.47063 439.5,207.47063 439.5,207.47063
;
447.0,203.9144 447.0,203.9144 440.77885,200.99795
458.91173,202.12969 463.88112,196.85371 456.97927,186.0689
432.56101,185.33825 429.0,199.68978 432.63376,204.12071
440.50835,198.57909 447.0,203.91428 447.0,203.91428
447.0,203.9144 447.0,203.9144 447.0,203.9144
;
360.00216,199.10931 360.00216,199.10931 367.65803,191.36625
365.55833,177.67988 359.53632,195.5 357.13106,200.5338
354.03744,206.59743 360.00216,199.10931 360.00216,199.10931
360.00216,199.10931 360.00216,199.10931 360.00216,199.10931
;
428.51735,184.585 428.51735,184.585 440.73466,181.31449
453.84386,182.25695 465.24489,185.0 458.43614,176.17031
443.58555,180.42739 436.0,177.88178 444.6319,178.12977
449.31459,173.68868 458.4494,179.02039 470.16588,183.19908
447.67701,166.95439 441.41111,173.24025 430.78463,175.04361
421.08947,176.63742 425.90126,185.2416 425.90126,185.2416
427.80162,184.76464 427.80162,184.76464 427.80162,184.76464
428.51735,184.585 428.51735,184.585 428.51735,184.585
;
338.59464,160.24377 338.59464,160.24377 343.41204,157.08716
341.43323,153.04971 344.0,151.11803 345.78257,141.50738
335.42886,165.43793 338.59464,160.24377 338.59464,160.24377
338.59464,160.24377 338.59464,160.24377 338.59464,160.24377
;
