427.0,480.0 427.0,480.0 284.66667,480.0
142.33333,480.0 0.0,480.0 0.0,320.0
0.0,160.0 0.0,0.0 284.66667,0.0
569.33333,0.0 854.0,0.0 854.0,160.0
854.0,320.0 854.0,480.0 711.66667,480.0
569.33333,480.0 427.0,480.0 427.0,480.0
427.0,480.0 427.0,480.0 427.0,480.0
;
235.2461,479.0 235.2461,479.0 243.81373,465.64253
241.69051,445.39181 244.59339,429.05229 244.72797,416.39892
252.36031,405.31793 250.0,392.43586 255.93694,373.22224
258.77351,351.77202 268.97663,334.76854 282.93766,316.75375
305.10363,310.42502 323.85192,298.9284 331.87233,289.49248
326.98611,279.30092 331.18921,273.62455 330.86142,260.14146
330.02829,246.6783 330.0,233.18724 321.14387,235.92285
327.65592,250.88443 326.00277,258.63157 324.71485,275.96519
322.09518,252.05567 323.26162,245.71988 320.29802,235.71763
330.01561,221.33616 326.65515,215.30209 320.47557,212.21399
329.95537,197.6344 330.95035,189.67787 340.53957,159.49052
356.31112,124.97309 389.65117,116.02283 400.52828,112.05938
411.43846,117.73488 421.36361,120.00003 436.67141,118.9233
447.63552,134.10812 453.99944,146.24129 468.12077,172.92509
469.76699,203.75334 475.18772,232.94196 478.04175,262.77935
482.507,297.45721 510.02388,315.14582 520.81629,321.06832
528.0232,331.28941 538.06405,338.14171 534.39075,348.41769
547.58216,354.79636 548.3192,365.29132 553.45925,386.10688
558.41938,406.77824 563.91744,427.50003 565.59348,444.63037
566.67046,461.80037 567.29956,479.00003 573.74129,473.83835
567.97729,457.40326 568.52792,447.89808 568.59122,430.2635
563.58945,413.57427 559.05271,396.87611 555.90324,382.83855
552.24921,368.7486 547.73858,355.27543 537.60513,348.18163
545.63846,334.88291 533.5,331.20885 520.42905,316.806
502.13199,306.64775 492.49863,289.99293 478.96825,268.58552
480.15584,240.76493 477.99994,215.882 476.4261,217.00038
474.58017,193.53783 475.37579,193.42226 468.91755,196.88992
477.42746,185.31179 472.59195,179.94813 465.92205,170.48833
465.06507,159.69398 459.97851,149.58734 455.36024,139.12843
451.09034,126.5204 440.49994,120.69043 449.4811,131.51173
429.39075,112.75535 423.10708,113.76346 418.95275,117.94835
404.78368,111.88212 404.49994,109.96018 399.17835,106.25537
397.60302,109.94308 392.79066,111.97559 395.01078,107.34245
377.08256,116.57871 372.6438,117.77693 361.66565,125.28951
353.33714,136.7196 344.76256,147.00014 345.63804,150.85488
335.64213,156.70472 337.25291,163.52002 333.92208,165.77515
329.94527,182.3217 327.08399,190.30067 321.60631,209.77374
311.51306,230.2096 315.89603,250.29628 322.37925,240.73115
316.88855,255.13764 320.25293,256.27434 317.77181,268.47414
320.38809,272.59477 323.69705,276.48022 327.3361,286.73526
321.6826,299.499 310.50003,301.39314 304.27787,304.92876
304.05744,305.07299 294.57712,311.43017 280.06422,318.78301
263.77842,329.37331 260.8163,346.43981 253.75607,359.61878
252.78602,375.28776 247.99838,389.21075 250.24945,405.24768
239.44678,419.43565 242.00043,435.5132 238.13313,449.78334
239.71176,465.03145 233.86565,479.0 233.86565,479.0
235.24653,479.0 235.24653,479.0 235.24653,479.0
235.2461,479.0 235.2461,479.0 235.2461,479.0
;
316.72155,246.5 316.72155,246.5 314.41043,253.26159
318.30506,213.65492 317.21016,235.78 319.81009,240.6923
317.99226,241.7954 316.72155,246.5 316.72155,246.5
316.72155,246.5 316.72155,246.5 316.72155,246.5
;
321.52518,233.0 321.52518,233.0 319.14625,229.17744
321.71364,213.86196 323.3149,220.92941 326.48131,238.82746
321.03479,219.42901 321.52518,233.0 321.52518,233.0
321.52518,233.0 321.52518,233.0 321.52518,233.0
;
472.36544,185.03456 472.36544,185.03456 465.48782,179.32396
470.25862,170.29431 472.36544,185.03456 472.36544,185.03456
472.36544,185.03456 472.36544,185.03456 472.36544,185.03456
;
385.19541,479.0 385.19541,479.0 388.07502,479.67127
392.29986,473.16486 402.0,466.97957 386.42782,472.33315
396.82613,468.98825 399.73667,464.54506 383.95634,476.93978
391.796,457.22657 388.54879,456.11787 384.0571,438.01715
390.29701,448.59834 388.19139,436.23935 381.37191,417.34802
379.33092,395.75858 372.2768,376.30573 368.39314,366.74707
364.19466,353.90475 366.67955,345.0 378.56306,356.57118
391.40197,370.6362 408.5,372.891 391.74554,365.86545
375.2073,354.52991 364.99046,339.47497 361.94384,327.71637
367.31674,319.40517 370.875,335.00006 378.77042,341.12869
387.6609,352.79864 398.67994,357.85477 409.09756,368.42988
424.48335,362.31194 436.36627,360.67323 439.05221,355.52773
445.9971,352.19163 449.02509,343.00006 448.59902,355.05397
441.87098,369.98455 432.10357,379.50006 422.40434,388.66789
416.86339,400.31801 429.95843,384.4983 436.14284,382.37881
440.92026,367.71266 441.00001,377.34133 438.49759,382.12933
438.03212,396.79438 432.25507,399.03966 422.99049,413.11934
431.08981,408.77777 425.92263,420.7204 420.94222,429.93794
421.21543,441.66726 410.84656,447.00006 426.61169,447.01336
400.28303,457.37728 409.50001,455.42965 420.95654,448.81031
417.16207,456.20042 408.86952,460.68375 392.25424,474.79505
423.20606,449.31663 412.30103,466.9622 403.81945,480.37193
416.87261,483.17987 416.44031,467.81338 421.3324,434.54999
435.70144,403.88851 447.45127,372.67508 450.16732,383.33568
447.9197,357.70515 450.65233,352.58899 454.9262,334.03256
457.07839,313.47624 450.12549,295.50006 437.92316,287.36283
440.65935,269.94114 442.8233,257.50006 443.72844,244.64862
453.50058,247.93041 459.91147,240.53263 456.7681,226.1755
460.53187,237.86509 453.79688,243.49327 455.84714,237.37036
449.54473,223.0634 451.58456,232.9063 446.03145,251.08122
445.69613,231.11876 448.71359,222.31985 450.00814,212.58338
452.10194,199.00937 447.06531,191.30708 446.62484,182.71447
440.86209,175.20678 437.4384,165.41335 438.36855,152.65291
427.27788,152.48957 432.83264,153.99992 433.31759,165.09184
432.07069,170.0622 437.73692,175.52924 441.66123,192.12024
446.14105,208.10192 444.08732,225.81327 445.81108,241.59039
442.20358,258.71217 427.19781,266.97183 416.77256,279.7324
442.87759,252.70788 438.36616,265.39678 436.77904,274.66748
440.16979,282.77849 437.25698,292.24087 438.97364,302.58701
438.17311,299.13591 443.99931,291.11809 449.22808,297.88105
452.5208,309.71983 450.33137,319.882 447.39344,332.31251
452.78399,333.56143 447.01802,342.70516 443.3531,349.90202
438.64717,349.06545 428.42509,356.93712 412.01358,360.1518
432.07141,360.37591 436.45215,353.82538 450.12791,344.85911
428.66965,364.33799 420.54142,360.65095 406.23696,363.32813
396.10274,353.18292 385.01599,345.96652 376.66828,334.90077
363.44091,324.52917 364.02989,309.50006 366.29631,304.37977
370.0635,310.9451 375.9709,321.54904 376.23999,315.92913
367.98094,305.12953 368.86037,296.5 378.76064,307.58843
365.3707,285.18052 369.37645,279.2468 375.80932,274.7735
355.639,264.72042 355.05626,255.01212 349.29919,241.5318
344.59631,226.30034 344.35112,211.64111 345.79126,201.64337
345.30522,187.37142 354.37424,181.72935 362.72951,181.87456
375.94837,184.61855 377.19465,182.04917 385.41301,184.84082
370.52252,171.91344 364.15922,173.56606 345.41297,176.15153
359.16632,171.63683 366.36437,162.18999 377.4839,149.9329
391.19947,133.64914 409.46876,138.77644 426.96504,148.44289
402.73383,134.13603 420.90062,137.99948 433.10316,147.45012
415.75742,131.97247 408.57648,133.89458 396.60912,133.55339
384.60598,135.32414 376.84311,145.23219 366.22011,151.4951
366.65112,153.72082 357.47752,163.43948 343.59595,177.09701
342.57239,198.51927 341.0,216.83035 345.87036,237.82074
349.40927,261.08901 366.37259,276.20827 367.31347,290.37282
365.4322,304.18886 360.90762,317.40381 357.0193,346.7604
368.30513,374.35767 374.91133,402.27292 379.96262,419.97333
374.51444,415.62495 365.80808,404.0 353.40453,391.2901
338.81748,380.90919 326.64529,367.92166 324.96133,372.3749
322.38988,375.03303 322.20001,383.8 332.7817,382.64903
335.86026,379.31381 346.10979,392.11874 365.45716,407.61981
384.6093,427.36045 384.96834,453.8009 385.98234,461.74226
383.34577,472.37494 385.19541,479.0 385.19541,479.0
385.19541,479.0 385.19541,479.0 385.19541,479.0
;
357.75,178.84783 357.75,178.84783 335.9412,180.04713
370.78699,174.18982 363.54877,178.31993 361.61584,178.4959
359.68292,178.67186 357.75,178.84783 357.75,178.84783
357.75,178.84783 357.75,178.84783 357.75,178.84783
;
436.73315,478.99898 436.73315,478.99898 446.11985,466.68076
443.44945,467.23854 440.0,479.33334 448.19348,468.5999
453.09617,456.15454 454.95763,442.9979 464.66356,423.91686
490.29104,432.34007 506.34574,422.70403 524.71531,417.94889
514.41327,411.47976 501.62043,419.37853 485.69888,427.61564
460.3658,421.11205 451.67637,440.20378 448.31282,450.56925
448.35938,461.69002 440.3858,470.24894 440.21866,472.21232
434.75604,478.51672 436.73315,478.99898 436.73315,478.99898
436.73315,478.99898 436.73315,478.99898 436.73315,478.99898
;
505.67126,413.0 505.67126,413.0 516.96553,412.68662
507.50535,395.27706 501.5567,404.22251 497.49623,407.26842
502.00412,413.01604 505.67126,413.0 505.67126,413.0
505.67126,413.0 505.67126,413.0 505.67126,413.0
;
416.20078,373.849 416.20078,373.849 423.91184,376.49198
446.16397,366.97335 427.54548,372.36554 422.33942,372.87623
398.40262,373.95004 416.20078,373.849 416.20078,373.849
416.20078,373.849 416.20078,373.849 416.20078,373.849
;
339.09159,326.0 339.09159,326.0 347.43249,315.75244
328.57988,320.66218 339.09159,326.0 339.09159,326.0
339.09159,326.0 339.09159,326.0 339.09159,326.0
;
371.17902,255.41682 371.17902,255.41682 375.60325,252.98479
392.58966,257.0861 387.44528,253.21814 396.85631,258.28678
404.71282,250.93784 402.78602,246.0 389.15418,236.02306
399.84766,245.02453 383.41667,242.02391 373.41752,248.11886
368.82762,235.47531 380.93948,237.7111 374.2726,231.08095
365.14173,247.95349 368.61058,253.80591 369.61544,254.95074
370.05776,260.45851 371.17902,255.41682 371.17902,255.41682
371.17902,255.41682 371.17902,255.41682 371.17902,255.41682
;
373.41364,228.0 373.41364,228.0 367.79045,225.92148
373.14907,205.84313 368.43094,222.46263 368.12973,225.1084
370.91045,227.93372 373.41364,228.0 373.41364,228.0
373.41364,228.0 373.41364,228.0 373.41364,228.0
;
393.5,227.991 393.5,227.991 403.64208,226.75135
400.63082,217.82577 395.0511,212.99993 400.34065,219.18747
395.99232,226.75948 393.5,227.991 393.5,227.991
393.5,227.991 393.5,227.991 393.5,227.991
;
375.98624,225.80184 375.98624,225.80184 385.67766,220.91128
361.0226,218.65759 374.92613,225.72104 374.92613,225.72104
375.98624,225.80184 375.98624,225.80184 375.98624,225.80184
;
391.0,225.7381 391.0,225.7381 403.66908,223.6049
387.63558,218.91613 384.0,222.53222 383.37916,225.21234
389.06403,226.04411 391.0,225.7381 391.0,225.7381
391.0,225.7381 391.0,225.7381 391.0,225.7381
;
362.5,200.27653 362.5,200.27653 375.93978,203.19901
377.03191,190.33746 364.06424,188.00005 356.06897,183.94473
340.12477,197.4426 354.09312,199.67007 356.98244,200.77403
359.48273,201.19692 362.5,200.27653 362.5,200.27653
362.5,200.27653 362.5,200.27653 362.5,200.27653
;
412.8847,199.884 412.8847,199.884 419.19226,200.69291
440.51794,196.27625 426.23968,190.08579 417.68392,184.79125
399.36804,185.28708 399.0,198.06277 405.86237,198.68798
406.19416,197.08437 412.8847,199.884 412.8847,199.884
412.8847,199.884 412.8847,199.884 412.8847,199.884
;
458.64966,189.68368 458.64966,189.68368 457.9529,180.78833
447.86665,163.18315 455.66207,182.83345 456.87262,184.00464
457.40136,191.13069 458.64966,189.68368 458.64966,189.68368
458.64966,189.68368 458.64966,189.68368 458.64966,189.68368
;
430.69812,183.2856 430.69812,183.2856 428.09145,178.20029
416.95626,177.1828 409.84643,177.9972 403.95151,175.79839
421.56147,174.73925 427.37436,178.0222 439.23013,184.37907
420.68847,169.06316 414.603,172.68666 405.67137,173.46659
390.59642,174.63569 397.03322,182.79239 405.32977,182.26822
417.97573,180.12267 424.57651,181.69909 426.60283,182.08846
428.63964,184.74659 430.69812,183.28565 430.69812,183.28565
430.69812,183.2856 430.69812,183.2856 430.69812,183.2856
;
