427.0,480.0 427.0,480.0 284.66667,480.0
142.33333,480.0 0.0,480.0 0.0,320.0
0.0,160.0 0.0,0.0 284.66667,0.0
569.33333,0.0 854.0,0.0 854.0,160.0
854.0,320.0 854.0,480.0 711.66667,480.0
569.33333,480.0 427.0,480.0 427.0,480.0
427.0,480.0 427.0,480.0 427.0,480.0
;
239.23232,479.0 239.23232,479.0 245.41519,467.23275
245.14045,449.11118 250.59129,435.42696 257.41088,419.85961
263.91291,404.1226 270.43229,388.61847 275.07589,365.84406
284.93751,343.13066 305.09876,330.0349 314.85015,321.19489
330.99099,316.43684 336.46214,304.93875 338.90194,304.18664
344.43726,296.3103 345.38683,287.33948 348.66592,270.07409
344.85225,253.14525 348.32453,235.9912 345.34829,236.65408
344.47841,236.61473 342.69816,250.2255 341.32364,242.0396
347.60311,225.74657 343.8571,220.0 350.40195,228.66498
344.01799,202.10261 344.16829,211.54454 344.61885,195.65599
358.45944,183.95685 363.1303,168.97437 371.84443,145.45041
390.06353,123.80372 415.45933,118.55292 425.99212,117.21644
436.43943,119.44964 444.4322,126.07121 468.06214,129.66087
477.09808,156.06263 483.6952,175.77765 487.2051,182.87173
490.18836,197.84439 488.55054,197.50003 485.3287,199.24579
491.01988,211.6277 489.92107,202.30905 493.58516,207.60369
495.5695,223.32341 495.46279,233.33715 496.96195,258.00181
489.57434,284.67791 501.89701,307.50003 510.63409,313.97712
521.00447,316.09053 523.66874,319.36162 532.95054,327.41698
542.09013,328.21081 527.11354,320.63666 528.25411,317.36518
544.92647,327.59086 548.38912,334.01636 545.80428,344.99078
559.89458,351.8183 560.05582,363.43604 565.38951,389.57611
563.91058,416.33689 569.00114,442.50003 570.6425,454.59913
570.59565,466.82901 571.30859,479.00003 577.77611,474.62198
571.67091,457.81524 572.77009,448.55444 569.667,427.1051
567.27192,405.76331 566.35804,384.12399 563.57057,368.77971
563.54767,351.4116 551.01407,340.18043 555.20663,327.02106
538.26079,323.02529 530.61159,316.00003 517.03558,314.47465
514.50154,308.59517 513.58647,307.75461 506.71797,304.07821
501.92406,293.40001 500.53241,285.67176 495.61898,259.07143
503.59016,231.91428 498.60825,205.14058 498.40226,182.68348
488.97455,159.24327 476.78497,142.47149 466.16344,135.51351
481.00131,144.65416 470.1013,133.50003 457.16592,119.60943
478.10085,145.70871 461.47499,128.39537 454.92877,123.82358
446.97156,122.97254 439.81672,115.93715 429.52994,109.91269
430.04059,115.28008 438.0,117.12244 428.09951,118.87238
433.32811,112.15652 424.29931,113.87606 416.94077,113.94506
396.74744,120.47411 398.29433,119.74588 400.75336,121.945
390.17183,124.14218 384.15229,130.45802 378.99921,132.33996
378.01139,137.9047 371.89815,143.43709 371.50923,145.82331
366.41481,152.21762 363.3776,161.57909 355.86671,176.05051
344.8679,188.40392 341.54508,204.93154 336.33966,215.14829
345.38377,225.79747 338.11246,235.00004 337.43915,238.74539
339.17892,253.03063 337.12645,261.44357 338.22433,268.97719
334.61265,281.33015 337.61945,284.39257 347.3441,289.41292
325.75128,305.57988 336.19384,299.06187 328.19723,308.26464
316.05341,312.58106 307.50001,321.2854 317.44228,317.85894
315.20844,315.96619 322.60504,313.16995 328.89175,310.49855
310.62948,322.9167 305.8323,325.60195 283.23115,339.64228
271.6134,365.17042 267.14702,390.36968 259.2915,408.22247
250.31131,425.76291 245.012,444.50001 242.63492,456.00269
240.06021,467.46529 237.8411,479.00001 237.8411,479.00001
239.23233,479.00001 239.23233,479.00001 239.23233,479.00001
239.23232,479.0 239.23232,479.0 239.23232,479.0
;
496.06287,204.0 496.06287,204.0 494.6685,198.68966
492.40785,183.95734 491.6575,185.09451 491.10539,180.59539
488.13364,173.38648 488.9309,174.45729 494.47449,173.65473
495.15555,185.51141 494.32068,192.71806 497.47906,195.20382
498.18751,202.00567 496.06287,204.0 496.06287,204.0
496.06287,204.0 496.06287,204.0 496.06287,204.0
;
483.8482,158.59382 483.8482,158.59382 481.48803,155.68125
473.2551,141.1452 484.07239,156.18931 484.07239,156.18931
485.00541,157.87862 485.00541,157.87862 485.00541,157.87862
483.8482,158.59382 483.8482,158.59382 483.8482,158.59382
;
427.9888,479.0 427.9888,479.0 431.09812,470.84531
425.10888,458.09489 427.33601,448.6071 432.67065,456.73712
424.13465,435.95313 419.73043,433.87353 414.99434,423.72152
410.15147,412.13038 408.60247,401.44785 403.84457,397.59482
400.92111,384.15878 396.23831,375.59629 393.26154,370.78065
385.56743,348.29312 391.82961,353.33672 400.10361,362.91585
405.64063,378.42958 416.53285,383.77963 414.76854,375.34623
400.54918,368.93264 401.00004,358.74668 391.84335,351.74768
384.05308,343.10814 386.00004,330.71842 393.08984,339.24325
395.10493,341.95858 403.09173,348.34609 415.28547,356.62181
428.91086,366.49364 443.91846,367.0 456.42201,363.09781
472.08312,358.40941 475.14403,343.97096 478.1593,335.64696
482.17989,350.15086 476.32589,358.51787 471.92882,362.86196
460.61476,383.78166 471.16231,368.65171 477.42623,363.91151
483.45495,354.815 477.25648,368.07882 475.43006,383.77272
474.05918,400.57281 467.69213,415.08604 464.99865,438.77951
471.26304,405.19477 474.9135,405.5 474.09981,416.83462
473.62295,428.47158 466.96261,437.20457 459.66194,444.16687
449.87756,452.7964 463.01607,444.0 471.08923,435.32683
471.90181,440.70982 469.50066,453.15115 468.60303,461.37514
454.41417,463.85609 451.04571,473.82763 451.36522,479.72149
471.12931,451.83918 466.14803,464.22215 458.94952,471.73571
455.13345,484.91949 466.33833,475.75 468.75232,484.88792
471.74548,466.07377 471.76346,459.05351 475.18597,426.03756
480.46063,392.991 483.83412,360.136 482.6108,337.31622
479.08974,311.2684 461.121,295.41836 460.1143,284.19223
457.64045,272.58076 467.06909,264.09547 470.62671,253.57812
475.62086,247.70857 482.00062,241.36955 474.31833,232.6743
478.26966,223.04605 478.95805,212.00107 479.27246,199.29377
478.46315,195.30452 475.82508,187.00227 469.37031,172.86912
468.16674,153.89179 456.95434,143.44817 446.27331,138.66454
430.66272,134.0728 420.86846,142.24779 417.76404,141.78724
409.5411,151.55565 402.22346,158.90353 388.90595,171.31956
377.15244,186.64836 370.68115,203.44327 369.2268,215.75146
373.65806,229.93642 373.91426,240.5542 369.08686,244.959
375.63323,234.05107 368.8779,239.42047 362.14397,238.05565
374.28375,250.8171 377.42498,253.75 382.10453,264.18046
389.43841,273.10504 386.14421,285.37623 385.39696,295.66383
381.3572,306.11615 388.92978,315.0 391.66268,323.10554
402.72264,337.54874 393.86107,320.76574 388.78154,310.14365
389.68239,304.29735 389.19289,293.23994 389.65814,284.49158
387.05856,268.05178 395.0,274.85115 384.52723,264.02219
378.16918,247.76869 377.55508,232.16933 374.43446,220.85793
373.26212,212.20214 375.88193,213.58224 375.04596,198.95519
384.62457,179.39095 401.95384,184.56979 409.46636,186.85869
429.88667,186.36517 413.88059,179.02679 407.51852,172.83205
387.18349,176.4517 389.00348,177.68952 401.11023,171.41322
411.84933,157.67412 420.15569,148.0 428.25009,141.27239
444.53079,138.25958 450.73673,149.2808 443.18222,136.43676
466.68821,151.50497 455.36507,149.3141 450.88079,151.16912
463.4164,157.57647 464.23959,167.53159 466.34695,172.41601
475.23076,192.88525 469.25728,185.26759 465.46111,178.86206
440.01631,181.36859 448.58535,179.00005 454.03756,175.04872
475.84922,188.38047 463.75008,178.32455 455.69435,173.47341
442.43,175.37268 435.11448,180.56713 436.66052,183.80756
446.53127,185.56449 458.48152,184.50495 476.50671,184.93295
474.30529,206.56244 475.14468,219.50005 470.69892,238.87837
469.92194,260.78955 455.0,275.45454 462.60786,275.59987
451.89752,300.07336 460.67845,299.98622 466.87406,317.06124
464.65999,296.25284 469.35566,312.13161 474.03807,317.10157
471.28801,344.74909 474.37225,331.56731 476.63899,333.75463
472.05816,343.8533 472.0757,344.54684 462.93186,352.94293
448.83613,362.80971 434.5,363.25614 415.09707,354.87239
394.21954,342.65035 385.0,323.2728 386.49353,304.22849
381.18232,310.54157 383.24888,326.18587 382.01953,358.49085
398.52219,386.90478 409.35061,416.22819 413.68954,427.34931
398.95603,408.57709 394.03557,406.76663 380.00824,399.18126
367.06744,388.63606 353.609,381.0 358.61055,385.6488
345.47437,392.29413 353.5225,398.59501 362.13476,395.58572
362.51859,388.24986 372.69829,399.19055 390.26962,409.68374
409.20974,420.99513 418.92962,439.73703 419.31035,442.09306
425.52279,456.34584 424.94071,465.24207 426.2474,469.26239
424.33073,476.96159 427.98879,479.0 427.98879,479.0
427.9888,479.0 427.9888,479.0 427.9888,479.0
;
386.71667,183.0 386.71667,183.0 384.01626,177.90574
402.75879,177.27973 408.84163,180.5083 401.36013,181.16984
393.00478,179.65989 386.71667,183.0 386.71667,183.0
386.71667,183.0 386.71667,183.0 386.71667,183.0
;
436.83217,478.95801 436.83217,478.95801 445.13454,473.62235
454.08002,463.51048 460.78539,457.45207 451.76805,461.86408
443.63412,471.76407 435.5,478.91603 435.5,478.91603
436.83217,478.95803 436.83217,478.95803 436.83217,478.95803
436.83217,478.95801 436.83217,478.95801 436.83217,478.95801
;
491.79591,479.00001 491.79591,479.00001 498.96795,471.99481
503.44494,458.80911 507.99598,448.75553 509.45766,433.16254
522.05016,423.85221 535.76295,418.81302 540.27648,414.15952
558.20194,403.25472 553.56634,403.10714 548.26624,401.82567
537.79984,413.01493 529.995,416.48707 514.30725,421.66003
504.91074,435.59693 502.06944,451.2773 498.17526,460.5282
493.03771,469.54849 490.00013,479.00001 490.00013,479.00001
491.79604,479.00001 491.79604,479.00001 491.79604,479.00001
491.79591,479.00001 491.79591,479.00001 491.79591,479.00001
;
532.75,418.11283 532.75,418.11283 520.16663,424.73536
551.64505,404.27711 541.5999,411.55071 538.83911,414.04367
536.3414,416.81959 532.75,418.11283 532.75,418.11283
532.75,418.11283 532.75,418.11283 532.75,418.11283
;
443.9044,411.41129 443.9044,411.41129 437.84514,403.79764
428.28171,394.01674 421.26566,387.40102 425.73228,396.30571
436.27221,405.42681 443.9044,411.41129 443.9044,411.41129
443.9044,411.41129 443.9044,411.41129 443.9044,411.41129
;
543.12857,402.0 543.12857,402.0 557.1031,398.43536
536.37406,383.6967 539.0,399.6 540.37159,400.41111
540.99988,403.0167 543.12857,402.0 543.12857,402.0
543.12857,402.0 543.12857,402.0 543.12857,402.0
;
407.13693,380.0 407.13693,380.0 406.34652,377.99535
392.0284,351.42986 395.4268,362.46253 398.56982,368.61163
400.99175,376.65496 407.13693,380.0 407.13693,380.0
407.13693,380.0 407.13693,380.0 407.13693,380.0
;
360.66898,338.0 360.66898,338.0 368.77262,327.01647
349.14186,330.30044 360.66898,338.0 360.66898,338.0
360.66898,338.0 360.66898,338.0 360.66898,338.0
;
428.5,286.96951 428.5,286.96951 448.41259,283.73059
428.02952,284.21271 425.0,285.98903 425.86237,287.33755
427.2372,286.96547 428.5,286.96951 428.5,286.96951
428.5,286.96951 428.5,286.96951 428.5,286.96951
;
440.55422,283.94755 440.55422,283.94755 453.19649,279.39135
453.61819,270.90614 441.97636,282.1976 442.5646,282.48047
437.32102,284.41276 440.55422,283.94755 440.55422,283.94755
440.55422,283.94755 440.55422,283.94755 440.55422,283.94755
;
422.0,258.85662 422.0,258.85662 424.73691,255.65124
426.43484,260.26851 437.75177,256.22539 444.24198,256.7919
453.24189,249.03924 446.52187,244.63015 432.31012,235.15785
441.50459,238.46319 437.14681,242.54337 430.14226,241.72919
418.50123,239.95497 418.05903,240.00068 403.66037,252.9068
421.84649,232.10079 413.15868,239.56511 405.43583,245.27759
402.19364,242.0003 404.55387,253.95413 409.72939,259.43726
410.95342,254.08031 422.0,258.85662 422.0,258.85662
422.0,258.85662 422.0,258.85662 422.0,258.85662
;
419.67299,250.76643 419.67299,250.76643 402.11486,251.15259
413.27682,247.18363 423.75,248.91531 441.21431,247.9215
427.49136,252.24615 419.67299,250.76643 419.67299,250.76643
419.67299,250.76643 419.67299,250.76643 419.67299,250.76643
;
414.75,228.90395 414.75,228.90395 403.99363,227.07249
419.5681,212.11275 411.01145,214.93284 405.26684,223.01946
404.70093,226.05605 414.75,228.90395 414.75,228.90395
414.75,228.90395 414.75,228.90395 414.75,228.90395
;
419.64301,226.90032 419.64301,226.90032 427.18854,221.50555
408.49178,224.26868 413.39924,218.08362 409.2525,222.97378
413.65568,227.63067 419.64301,226.90032 419.64301,226.90032
419.64301,226.90032 419.64301,226.90032 419.64301,226.90032
;
433.5,225.81684 433.5,225.81684 444.52828,222.23365
436.74826,214.10148 435.51008,223.01631 430.93417,218.48488
422.28758,226.48901 433.5,225.81684 433.5,225.81684
433.5,225.81684 433.5,225.81684 433.5,225.81684
;
443.5,223.0 443.5,223.0 445.50768,212.75024
431.49976,211.42022 442.0,222.12179 442.50515,222.40355
440.99163,226.98258 443.5,223.0 443.5,223.0
443.5,223.0 443.5,223.0 443.5,223.0
;
403.25,206.9682 403.25,206.9682 419.32854,201.77599
394.26207,204.89221 403.25,206.9682 403.25,206.9682
403.25,206.9682 403.25,206.9682 403.25,206.9682
;
455.80902,206.837 455.80902,206.837 455.33959,205.09129
434.89476,199.49145 445.5,205.49999 448.90704,206.01663
452.47008,206.11009 455.80902,206.837 455.80902,206.837
455.80902,206.837 455.80902,206.837 455.80902,206.837
;
396.92857,204.0 396.92857,204.0 404.77903,196.91924
408.45567,203.72057 413.0,198.58889 410.16121,186.38956
387.00607,187.77094 383.18358,198.27509 381.1816,204.72586
398.0958,197.4739 396.92857,204.0 396.92857,204.0
396.92857,204.0 396.92857,204.0 396.92857,204.0
;
452.66681,200.5028 452.66681,200.5028 464.11983,203.95014
476.06258,195.09758 459.93768,190.78277 452.97661,186.12416
433.36565,194.17543 441.79261,200.69529 445.41734,200.63109
449.04208,200.56696 452.66681,200.5028 452.66681,200.5028
452.66681,200.5028 452.66681,200.5028 452.66681,200.5028
;
