427.0,480.0 427.0,480.0 284.66667,480.0
142.33333,480.0 0.0,480.0 0.0,320.0
0.0,160.0 0.0,0.0 284.66667,0.0
569.33333,0.0 854.0,0.0 854.0,160.0
854.0,320.0 854.0,480.0 711.66667,480.0
569.33333,480.0 427.0,480.0 427.0,480.0
427.0,480.0 427.0,480.0 427.0,480.0
;
252.36191,479.0 252.36191,479.0 255.11255,471.48966
256.24234,457.6383 258.71529,447.62778 262.86931,423.84118
267.9604,399.64848 276.53336,377.19651 288.10087,355.76427
310.02156,343.17815 329.19651,329.92883 344.98707,312.77788
340.56949,287.87057 340.7725,266.5663 347.40162,265.81199
345.48986,281.75415 345.34201,264.67534 335.89792,266.97145
349.12266,246.41693 344.19033,238.92696 336.17491,235.31699
342.29747,224.24295 346.59563,216.05463 361.54281,197.14353
363.19855,171.13047 379.13177,152.49681 393.93027,133.44233
424.11345,119.78458 445.9121,134.42955 455.10361,139.84873
467.91182,141.65743 473.08682,152.85356 485.28781,169.60483
488.25289,190.40555 494.16205,209.78181 485.61618,208.14376
497.90652,221.36675 496.29491,225.77542 503.5175,252.41655
496.23561,283.05356 505.9881,310.19031 507.22964,320.92237
517.38852,329.39013 526.50608,331.23675 531.29576,337.57406
533.52156,336.06468 529.73954,332.84862 538.97469,335.00175
547.29932,339.94984 554.44939,346.15712 558.67432,355.26747
562.40757,363.88352 568.8759,373.19001 573.39183,389.51214
576.88508,406.27311 580.17368,422.96326 576.84762,434.72458
579.20352,445.78061 581.38622,457.30331 580.5018,464.3976
585.00357,490.35587 585.45362,471.17092 585.11817,454.29853
579.5964,438.10913 582.14204,421.08229 581.74296,406.76822
575.73312,392.96918 574.04371,378.65791 573.99581,366.95975
558.6552,360.82324 562.3092,349.69987 555.05259,342.43261
546.25269,333.63092 535.91431,332.00195 516.38516,326.73198
504.56132,304.53073 506.99917,285.0693 499.33592,264.23247
506.67959,241.18938 502.58659,219.49941 501.52794,195.7132
496.41574,168.10495 477.99922,152.51985 486.96224,154.92993
466.70932,134.59379 477.2203,150.13617 466.97235,141.03158
476.35472,140.84752 461.70797,137.79744 462.01696,137.02361
447.66653,128.61946 441.87772,123.41052 433.22344,129.33137
436.15479,122.65319 422.69652,124.49628 415.6929,124.7356
395.96314,129.40517 397.24936,132.336 410.90134,126.68278
385.70263,138.73635 382.6424,142.96786 377.13619,151.17456
370.77758,154.67592 368.74403,162.80265 365.87744,167.24187
358.62742,175.73344 364.041,171.71984 357.36068,191.90526
343.70586,208.81911 337.73255,229.42563 333.87475,242.91662
341.54307,256.43205 337.9811,270.33678 336.41467,282.43788
334.9916,288.14711 337.11229,291.58136 336.00015,299.92879
333.98155,303.34535 333.02844,316.93406 329.82008,314.5319
333.32777,313.35708 325.49972,322.85657 332.07058,327.45689
313.45523,333.37789 308.75511,338.42146 292.27031,352.53656
272.30385,368.4932 268.50777,391.97081 263.00965,412.92151
257.21927,433.66101 254.46954,455.16098 253.77863,461.67653
248.63681,475.15594 252.36191,479.0 252.36191,479.0
252.36191,479.0 252.36191,479.0 252.36191,479.0
;
500.69494,220.0 500.69494,220.0 497.58043,213.39975
497.04887,203.36009 495.60561,199.68318 504.61297,200.27396
497.56085,209.62565 500.36048,213.35073 499.92973,214.95269
502.44637,219.669 500.69494,220.0 500.69494,220.0
500.69494,220.0 500.69494,220.0 500.69494,220.0
;
423.56289,479.0 423.56289,479.0 426.67768,474.48046
428.7869,476.43627 423.21638,464.265 412.14905,455.20932
411.60684,438.35889 405.99995,425.69606 402.351,417.85009
398.02514,406.703 394.23743,397.29401 390.48157,392.32283
383.55223,369.66839 388.0577,373.0 396.9077,392.24887
413.45108,405.5637 428.97902,419.3542 425.64873,411.15933
413.6264,402.89572 407.01665,394.67492 397.80816,385.31233
391.70632,373.93081 384.65886,363.47482 380.50238,348.96351
384.10621,347.02527 391.95428,359.71219 392.64671,361.51303
405.18989,372.34283 411.66871,376.9651 423.30897,382.97329
437.54068,397.87901 449.64076,384.47376 465.45993,375.58135
478.24064,359.19192 478.32803,340.5 481.35209,352.58812
485.64653,366.43841 474.84914,375.95601 473.10336,383.15597
485.65308,359.9963 479.15065,379.5 479.83349,396.45107
471.29556,412.13179 471.55573,429.0 464.42595,437.08611
465.86212,447.43664 465.99971,457.7076 470.57624,469.2765
452.72586,472.76476 450.86018,479.1938 458.35285,477.10815
471.34013,461.42384 465.40998,478.18608 471.38041,477.50024
469.95167,459.34536 472.66173,451.63689 476.1781,422.121
487.60649,393.70583 485.55781,363.74444 484.46977,343.8179
479.9264,321.07627 463.00843,308.5 460.32648,296.72602
462.43324,287.3174 469.85009,278.20097 470.34674,266.36602
482.79596,267.03557 483.99966,256.78781 472.37817,248.67351
485.26325,236.81317 482.41224,225.70527 482.66795,215.43632
482.72854,205.97422 479.99966,203.11803 476.40723,187.30503
472.76412,170.2241 464.42331,156.5 456.04551,153.18602
445.98301,147.20154 435.12209,149.5 428.12229,156.09811
418.97803,162.42919 430.26972,151.0 420.12658,154.75639
414.30274,167.96436 404.83872,174.52505 393.07113,182.85859
398.19042,185.98709 390.55087,188.3884 380.36334,198.1599
372.28869,211.85499 369.97828,225.4107 369.63883,234.08774
373.06347,248.46581 371.12803,253.57912 369.57836,260.35087
363.42673,244.865 367.75,260.22673 377.69942,262.83677
374.27443,275.94512 382.13307,282.1439 387.9414,291.59188
384.68293,305.2347 383.51142,316.07861 381.70642,327.21935
390.92112,342.02024 395.83125,348.00624 392.72739,340.18637
388.32166,330.9575 387.0,322.6 395.16256,332.6029
383.04081,302.4373 390.03897,310.0 390.34667,307.12475
382.58611,284.32906 392.61909,291.02444 401.10383,295.75239
382.04118,280.40396 381.1458,274.50374 376.95407,254.57041
372.19364,234.04299 379.32539,214.58249 382.06258,205.47424
387.067,193.97724 397.96213,193.92242 404.6364,191.68744
418.97338,200.98285 419.36955,194.00002 430.22677,200.28423
413.39293,183.71751 406.43898,185.43494 404.07038,181.72351
418.6997,171.52109 420.4397,166.22351 424.28027,162.39385
431.41775,158.66856 430.66667,154.0 435.14765,152.0263
442.64756,152.89383 451.65351,156.07922 463.12253,167.77779
450.6233,146.70383 465.0,161.16806 457.96823,161.57393
468.10671,168.33496 467.64632,175.4793 468.40714,184.16235
476.47565,193.0209 475.84966,202.45874 479.7641,201.37269
456.96874,192.21105 461.9593,192.0 468.0315,194.67717
478.25067,199.00382 467.91901,192.0 462.75419,183.81931
438.40515,189.40738 441.66074,193.29994 440.77292,199.73541
457.60475,196.48331 465.538,197.70973 482.18377,204.91234
479.73458,227.44608 476.6193,242.25352 471.25268,260.00131
469.45054,279.98702 454.94771,293.28104 464.1973,289.15407
455.49735,309.94646 460.24703,316.06153 464.07585,308.62029
466.13882,330.62774 468.15857,319.02425 462.48908,304.33963
476.90399,328.90046 474.99999,335.45294 474.77942,342.27477
468.81389,349.9429 470.65907,359.91685 467.30848,364.73273
463.86319,367.36666 452.52625,375.93433 443.52002,380.87761
432.74874,391.26302 423.40757,381.10584 406.92157,372.38748
392.46352,359.04369 382.94162,343.04427 383.12782,333.36166
383.02382,313.39704 379.91561,333.45819 379.78871,353.65575
381.84295,373.95945 388.91127,393.0 389.44829,397.77312
394.26655,401.73148 396.84325,411.68608 400.40361,424.16288
407.93232,435.39333 409.99999,448.39488 393.89148,429.35865
368.72497,418.04353 350.99999,403.0 347.02703,403.26447
349.4212,410.35051 345.91519,417.84155 354.2644,429.08925
354.89609,406.09391 361.50568,416.60932 382.02632,431.02737
405.29969,443.89005 418.08034,466.34823 418.24718,472.07648
418.65537,472.36337 423.56289,479.0 423.56289,479.0
423.56289,479.0 423.56289,479.0 423.56289,479.0
;
467.72097,458.5 467.72097,458.5 467.44133,456.11935
466.91832,431.64635 472.63838,434.5 470.41624,442.24969
470.98229,451.3708 467.72097,458.5 467.72097,458.5
467.72097,458.5 467.72097,458.5 467.72097,458.5
;
475.51291,418.79313 475.51291,418.79313 472.75049,415.1137
481.95199,391.45685 477.44653,410.36467 476.64389,413.07004
476.65352,416.26737 475.51291,418.79313 475.51291,418.79313
475.51291,418.79313 475.51291,418.79313 475.51291,418.79313
;
437.71813,387.54119 437.71813,387.54119 429.43289,390.61347
456.1948,376.49983 450.36773,380.80061 446.13407,382.97295
442.7397,387.45259 437.71813,387.54119 437.71813,387.54119
437.71813,387.54119 437.71813,387.54119 437.71813,387.54119
;
402.5,190.78781 402.5,190.78781 385.84837,190.38589
398.8995,185.26484 408.29131,189.25519 405.42408,189.9253
407.4304,191.10321 402.5,190.78781 402.5,190.78781
402.5,190.78781 402.5,190.78781 402.5,190.78781
;
502.75,478.81642 502.75,478.81642 510.86145,474.94365
507.26984,458.97653 516.38209,453.73084 527.4219,444.44525
542.55167,441.12732 553.2051,430.78724 570.22571,424.1909
554.07022,420.98308 546.82416,430.32162 532.98814,441.81622
510.20296,443.43881 505.03582,463.49998 506.36657,467.61733
496.31723,480.82181 502.75,478.81642 502.75,478.81642
502.75,478.81642 502.75,478.81642 502.75,478.81642
;
549.0,423.0 549.0,423.0 562.24872,421.23154
545.09874,403.66454 544.0,417.5 543.16287,419.98326
546.50025,423.62406 549.0,423.0 549.0,423.0
549.0,423.0 549.0,423.0 549.0,423.0
;
358.09782,355.92971 358.09782,355.92971 360.54795,349.38102
347.10016,341.75409 353.6698,354.35802 355.1902,354.70127
356.51089,355.85299 358.09782,355.92971 358.09782,355.92971
358.09782,355.92971 358.09782,355.92971 358.09782,355.92971
;
440.70381,302.0 440.70381,302.0 455.39749,295.24452
450.95861,291.52348 439.79918,302.0 439.79918,302.0
440.70381,302.0 440.70381,302.0 440.70381,302.0
;
407.45295,299.9731 407.45295,299.9731 405.94674,292.94491
391.11282,289.66217 407.45295,299.9731 407.45295,299.9731
407.45295,299.9731 407.45295,299.9731 407.45295,299.9731
;
421.25,276.30604 421.25,276.30604 418.23136,272.80635
410.17014,268.9632 421.88457,273.44642 429.70722,276.62693
438.7662,273.41672 444.66185,271.73009 451.47715,264.94317
441.92988,256.55377 435.5,251.74985 447.33021,261.28544
434.83521,259.65009 427.0,256.6521 418.6746,250.57157
410.4891,265.68072 416.88233,253.55716 432.33401,246.45604
408.93368,254.62023 405.86566,262.94915 403.49503,276.51966
410.00076,269.37847 416.5,274.4538 417.2752,275.85344
419.87364,277.23036 421.25,276.30604 421.25,276.30604
421.25,276.30604 421.25,276.30604 421.25,276.30604
;
416.75,268.98469 416.75,268.98469 406.1557,268.5182
411.58712,258.62793 422.78289,264.64753 429.37356,260.82219
450.25388,266.93423 437.08998,265.52756 430.49001,272.07463
413.89614,264.63801 416.75,268.98469 416.75,268.98469
416.75,268.98469 416.75,268.98469 416.75,268.98469
;
440.0,242.34093 440.0,242.34093 452.21207,241.50414
439.82071,224.64251 440.78852,231.69952 450.43161,238.2849
430.72951,245.2852 440.0,242.34093 440.0,242.34093
440.0,242.34093 440.0,242.34093 440.0,242.34093
;
414.37749,242.0 414.37749,242.0 409.79316,232.79811
413.29557,236.00945 417.19098,241.5 435.94821,239.27111
412.23602,236.23123 415.18165,235.84525 412.23826,233.57174
418.93055,222.75516 410.15098,232.59702 406.83616,236.43515
409.80968,241.43232 414.37749,242.0 414.37749,242.0
414.37749,242.0 414.37749,242.0 414.37749,242.0
;
434.86601,240.85308 434.86601,240.85308 445.36397,233.48266
439.89651,235.09 435.78803,236.03963 429.04035,233.4793
427.71737,242.405 434.86601,240.85308 434.86601,240.85308
434.86601,240.85308 434.86601,240.85308 434.86601,240.85308
;
462.76507,215.54521 462.76507,215.54521 479.9304,217.09998
468.03807,201.76425 457.42985,203.22877 446.75115,200.00239
433.85551,217.36614 451.63186,214.71429 454.7779,217.0157
457.95973,216.25616 462.76507,215.54521 462.76507,215.54521
462.76507,215.54521 462.76507,215.54521 462.76507,215.54521
;
398.80902,214.92971 398.80902,214.92971 404.25314,211.21197
409.271,213.5065 415.0,211.04071 415.12228,200.95251
398.88221,198.18113 392.97034,202.85702 404.0955,202.75762
375.62723,206.19063 385.99359,208.92084 380.18342,214.51601
403.13504,211.96232 398.80902,214.92974 398.80902,214.92974
398.80902,214.92971 398.80902,214.92971 398.80902,214.92971
;
