427.0,480.0 427.0,480.0 284.66667,480.0
142.33333,480.0 0.0,480.0 0.0,320.0
0.0,160.0 0.0,0.0 284.66667,0.0
569.33333,0.0 854.0,0.0 854.0,160.0
854.0,320.0 854.0,480.0 711.66667,480.0
569.33333,480.0 427.0,480.0 427.0,480.0
427.0,480.0 427.0,480.0 427.0,480.0
;
252.5,479.0 252.5,479.0 255.88114,471.51255
256.37132,457.38021 259.01695,447.5 266.41184,417.58697
271.24481,384.03751 296.49476,363.25 305.54122,356.53041
309.51816,350.68367 317.44346,343.12757 330.22898,332.80293
328.98732,315.10775 334.23872,300.95303 337.06769,287.01428
341.1212,271.99545 340.50166,258.19695 336.2117,255.15096
349.54202,239.7777 341.99992,237.33333 339.96262,243.29737
330.7114,253.6189 337.02039,237.11597 342.88666,223.76657
352.14191,212.07237 353.2848,196.87727 360.73126,167.81345
378.45773,136.9229 410.25514,130.84278 421.89303,126.97467
436.33088,129.24389 444.35877,137.41197 465.59149,141.55094
479.77735,160.96361 484.47313,181.18298 491.30657,199.84966
495.85972,220.04559 497.19121,239.67486 494.09488,232.62262
495.35898,254.13985 497.41562,251.0552 498.88064,238.19353
501.25338,257.29094 499.64596,267.40167 498.12765,285.71637
494.59719,307.4899 506.70189,322.89076 516.87751,327.04981
520.24957,330.13156 529.02462,334.50015 519.90073,329.75676
528.12434,327.70747 537.52635,335.68886 550.36664,336.78998
549.11098,350.61363 556.24422,357.9376 564.81732,366.81548
568.04486,378.39218 567.75962,390.49999 580.60991,408.99928
574.24724,431.83018 574.23355,452.38681 578.52497,460.29184
576.28409,474.97466 582.99991,478.99942 582.10477,463.78791
573.70667,449.44006 578.22257,433.84876 581.09669,417.91334
577.53141,401.74444 570.60388,387.54966 571.63559,372.81729
563.25751,360.69851 553.99991,350.05826 555.80538,336.61116
539.22783,335.06479 531.76616,327.58376 521.90843,329.55978
514.09431,322.04743 509.74991,315.00682 513.68977,328.35211
505.97178,312.33268 504.20437,304.70475 499.92489,279.92611
506.76749,254.92781 503.18798,229.9323 502.23429,218.40435
503.27878,206.56887 499.34241,195.5 495.95834,214.82271
501.90218,202.31507 501.26847,214.44373 502.71457,222.91137
498.2798,219.90814 497.08468,209.5 497.35894,201.16765
492.91414,182.13844 497.31917,200.17412 501.44523,187.90931
492.13744,172.37173 485.01837,161.70216 476.96598,156.77939
474.93177,145.1505 467.63978,141.0 462.50718,139.91486
461.08267,139.22916 458.8226,137.07027 451.83944,137.08277
443.29418,121.58015 437.33335,125.51446 445.55029,127.15569
438.40761,131.13473 443.69098,128.69104 445.98454,134.97725
430.85871,124.70017 432.90091,125.5613 428.64856,131.19051
431.67088,121.99955 419.5,125.6278 390.25231,126.56853
366.40035,151.05662 356.52003,177.44472 349.92858,195.42432
346.55211,214.57782 335.92784,231.0125 331.61845,241.87316
327.35478,254.62568 334.09317,265.46726 337.98512,265.24057
334.23034,286.60247 331.9476,294.65963 326.10636,306.97371
324.29768,320.62568 317.00002,332.28581 324.92342,328.74435
315.75778,342.23243 314.6708,341.47679 307.43392,348.22813
299.57098,352.17968 296.17963,358.08058 273.8921,377.23513
265.38276,405.90858 259.37015,433.58134 256.04787,448.5711
252.47919,463.74941 251.00002,479.0 251.00002,479.0
252.50002,479.0 252.50002,479.0 252.50002,479.0
252.5,479.0 252.5,479.0 252.5,479.0
;
485.99698,167.50187 485.99698,167.50187 485.59964,167.9211
473.83346,155.74885 480.85061,159.52628 482.34004,162.06569
488.23948,165.92609 485.99698,167.50187 485.99698,167.50187
485.99698,167.50187 485.99698,167.50187 485.99698,167.50187
;
439.67454,478.68184 439.67454,478.68184 448.24643,475.59331
429.72301,466.26105 428.92714,458.86362 426.55174,450.3997
415.99498,436.94355 418.00078,432.0 414.023,427.42492
407.54036,418.09991 404.87666,409.72682 396.99214,401.35386
395.41762,389.95347 391.7332,379.5 401.73438,392.78578
411.53736,406.97344 426.56559,415.85381 443.81231,429.55002
433.44017,418.75896 423.26119,409.97909 412.67011,400.04187
402.20895,389.82563 394.42363,378.0617 387.83665,373.74626
382.20721,347.80529 392.81922,363.78224 406.74087,377.98637
425.13277,389.09227 443.59129,394.80956 453.77921,391.10191
462.50574,381.52815 468.71653,372.77719 474.67957,366.13425
476.16846,352.7875 478.0007,347.5 477.9077,354.74012
486.54436,357.90666 481.47368,368.0 474.16887,381.65464
477.12888,384.91561 482.4204,369.45563 484.98635,389.39216
475.86852,410.44918 480.26757,430.87035 468.80261,441.74653
481.44026,457.6696 476.72367,469.73102 463.64546,480.83521
471.29031,479.70819 479.55435,471.0 478.02854,488.96323
485.04272,468.5895 483.28401,460.63009 484.07884,432.1297
487.52778,403.51964 488.59836,375.21656 485.13275,352.54784
479.42326,327.53426 461.0015,312.12912 457.41414,298.95269
467.00555,291.89446 473.29726,281.76981 473.22816,271.12978
488.69133,263.47114 480.27268,254.41403 485.41473,241.7826
484.30564,228.22691 484.68658,214.89152 480.93333,214.50992
480.44428,194.37456 476.21883,186.63996 472.33166,171.13466
464.89751,154.80783 447.93033,150.70329 436.03669,148.78727
430.85991,155.25008 427.29279,155.25 420.87535,168.86549
405.83662,177.42337 399.0015,190.07037 404.21931,186.98507
419.19512,198.77306 401.04939,193.8962 389.73222,191.16636
385.49545,207.48394 379.22395,214.5 374.58633,224.65618
370.3393,231.52616 370.93465,243.63162 377.73274,253.68886
363.78388,262.74641 369.38376,268.0 377.77932,267.67245
379.05733,282.39235 382.88727,288.83112 382.83177,302.89971
383.42372,316.99356 381.77588,331.0 386.99142,335.37694
392.66831,348.64946 397.75184,354.58306 395.27821,344.67651
386.23491,334.74262 384.78346,325.0 380.34202,309.15175
393.92818,342.94697 389.49061,327.32008 388.03097,321.08993
396.52528,331.52262 387.33086,316.19026 389.76513,311.59535
392.20079,316.88033 386.26556,301.49046 382.9576,287.66673
386.95777,286.52738 396.65352,294.68115 390.8308,286.95002
380.75514,280.12207 377.75645,270.0 386.65547,276.04179
377.47998,260.19344 379.05164,254.19724 377.77062,241.84975
377.64522,229.28353 385.00138,218.88197 377.78926,217.98028
408.33998,217.21917 405.56759,218.10717 406.81678,213.29428
425.3847,221.34617 416.98574,209.70728 409.55413,201.58071
396.45393,204.75471 388.50138,210.03825 402.8191,195.59949
390.02742,202.51309 390.3249,204.66663 397.52345,191.39359
414.08301,201.96754 424.28638,200.04834 417.63341,193.70024
434.5068,205.85625 423.87929,194.95836 413.84363,189.4613
401.14291,189.90014 415.72405,181.28158 423.26128,174.593
423.06021,162.86153 430.28987,156.51569 426.23821,165.95031
437.46186,148.44844 445.35664,155.0771 454.5469,157.67663
464.93688,170.81306 453.79146,156.00001 461.99121,157.99627
463.51785,168.69117 465.29081,172.03181 467.34449,176.4854
475.00516,191.99831 477.00138,201.11803 475.01456,192.40226
462.68711,188.47847 452.60476,191.53023 438.08587,193.02051
445.36408,204.11663 457.38419,199.85009 470.02082,196.1483
480.95078,205.98199 480.0841,218.76103 483.79354,238.58197
476.30348,258.23722 471.51043,277.11219 468.03676,289.67669
454.72023,298.12307 446.35357,304.68561 459.24871,294.69393
459.22229,304.3414 458.23828,317.50002 461.56804,324.05927
465.78084,312.96561 469.72843,327.25002 474.86291,333.38744
470.79895,343.81895 469.69673,353.3063 477.70135,346.8696
471.3044,359.57511 469.22893,364.17771 461.29528,375.14241
449.15272,386.04386 437.0957,390.11604 425.38981,384.5821
419.78997,381.96397 410.50135,375.65016 399.13592,365.42451
381.92583,356.88377 383.63394,339.15092 379.91651,322.78171
382.27413,350.12068 383.33417,355.17321 387.03411,376.83111
392.85564,398.75262 404.90431,417.21591 410.30415,428.91442
418.87109,441.96983 422.19058,453.00002 404.25947,435.81671
379.4111,429.37302 359.58765,414.93304 356.03128,420.34463
361.01239,420.67276 355.00135,430.04288 358.46444,440.27089
372.71663,428.79066 363.50135,422.5531 388.21479,440.15269
423.87503,448.20416 436.35113,478.86371 436.35113,478.86371
438.30751,478.75671 438.30751,478.75671 438.30751,478.75671
439.67589,478.68191 439.67589,478.68191 439.67589,478.68191
439.67454,478.68184 439.67454,478.68184 439.67454,478.68184
;
479.50769,462.82564 479.50769,462.82564 479.37207,455.61166
472.99958,443.35429 478.98906,435.89967 483.19082,434.00108
478.79331,455.73631 479.90186,461.93239 479.90186,461.93239
479.88646,462.44691 479.88646,462.44691 479.88646,462.44691
479.50769,462.82564 479.50769,462.82564 479.50769,462.82564
;
481.49174,421.79205 481.49174,421.79205 478.78466,414.19638
485.06398,394.56006 482.18297,414.45534 481.81209,416.82661
482.24697,419.57947 481.49174,421.79205 481.49174,421.79205
481.49174,421.79205 481.49174,421.79205 481.49174,421.79205
;
443.90539,392.0 443.90539,392.0 442.50657,387.63925
461.11936,380.25561 465.20514,372.6368 468.66005,371.6218
452.96415,387.05836 447.14384,390.89018 447.14384,390.89018
445.81077,392.0 445.81077,392.0 445.81077,392.0
443.90539,392.0 443.90539,392.0 443.90539,392.0
;
384.80401,213.76959 384.80401,213.76959 380.1878,202.46329
399.91683,214.5567 384.80401,213.76959 384.80401,213.76959
384.80401,213.76959 384.80401,213.76959 384.80401,213.76959
;
473.7,199.0 473.7,199.0 470.46753,195.76011
444.23836,194.88666 460.06766,194.13624 462.57506,192.9676
478.09268,197.14894 473.7,199.0 473.7,199.0
473.7,199.0 473.7,199.0 473.7,199.0
;
514.0,479.0 514.0,479.0 516.05283,471.38222
517.66664,484.95646 520.47469,469.36679 522.26872,455.53681
530.78064,444.89122 542.71977,438.14509 549.10344,430.08037
557.21192,422.57813 564.0,418.05902 558.14901,412.14055
548.97507,426.74936 542.5,432.27217 528.40404,440.50147
516.76951,453.53932 515.71069,470.5 514.34183,472.17172
510.86419,478.3502 514.0,479.0 514.0,479.0
514.0,479.0 514.0,479.0 514.0,479.0
;
540.59901,437.0283 540.59901,437.0283 529.3787,446.9091
559.48672,417.51862 551.66639,425.51491 548.13773,429.53626
545.26248,434.18861 540.59901,437.0283 540.59901,437.0283
540.59901,437.0283 540.59901,437.0283 540.59901,437.0283
;
551.41644,417.0 551.41644,417.0 564.70196,412.82986
544.73954,399.06753 547.00003,413.85714 548.55867,414.65698
549.25647,417.66553 551.41644,417.0 551.41644,417.0
551.41644,417.0 551.41644,417.0 551.41644,417.0
;
360.70609,366.66667 360.70609,366.66667 368.21316,356.79987
346.14019,355.41644 360.70609,366.66667 360.70609,366.66667
360.70609,366.66667 360.70609,366.66667 360.70609,366.66667
;
418.78518,278.92691 418.78518,278.92691 413.7812,270.68437
425.14664,272.29199 431.49529,276.34033 453.92055,276.55078
422.72974,276.12304 441.23662,273.53871 444.97658,268.6302
444.04289,281.49988 451.5,273.09602 457.73739,266.66302
443.25429,253.36068 435.61313,256.76447 424.48171,254.8537
458.95031,262.48812 442.5,262.82745 433.21188,260.43279
424.59769,263.42653 420.99993,263.62495 429.6442,255.32205
431.42152,253.39819 419.77042,260.88267 412.81815,265.87166
405.77553,274.86761 418.78511,278.92693 418.78511,278.92693
418.78518,278.92691 418.78518,278.92691 418.78518,278.92691
;
430.35596,272.50242 430.35596,272.50242 415.05798,272.41022
427.12186,267.36693 438.28482,269.5 446.6333,277.00296
431.69229,268.55861 430.35596,272.50242 430.35596,272.50242
430.35596,272.50242 430.35596,272.50242 430.35596,272.50242
;
422.60539,246.17529 422.60539,246.17529 435.64607,245.43003
428.46876,238.14093 420.79851,241.75744 418.7515,224.71336
423.95435,257.14237 417.27161,241.77644 427.41162,226.34289
409.66188,235.31713 416.75,245.21449 417.89693,246.46024
421.91147,249.35789 422.60539,246.17526 422.60539,246.17526
422.60539,246.17529 422.60539,246.17529 422.60539,246.17529
;
443.66689,248.0 443.66689,248.0 455.2328,248.1107
444.93858,226.67695 447.17015,236.5 450.55971,242.10589
444.51894,246.08099 443.66689,248.0 443.66689,248.0
443.66689,248.0 443.66689,248.0 443.66689,248.0
;
441.62505,244.75605 441.62505,244.75605 450.09144,235.07765
446.69135,242.36532 438.6311,240.0 435.04016,241.65805
437.72439,246.89479 441.62505,244.75605 441.62505,244.75605
441.62505,244.75605 441.62505,244.75605 441.62505,244.75605
;
465.04556,217.42585 465.04556,217.42585 482.91981,220.85756
473.22398,203.10444 461.01754,206.0 448.18595,202.88599
439.62545,221.5525 457.5,217.75757 460.01519,217.647
462.53037,217.53642 465.04556,217.42585 465.04556,217.42585
465.04556,217.42585 465.04556,217.42585 465.04556,217.42585
;
