118.28032,480.0 118.28032,480.0 78.853547,480.0
39.426773,480.0 0.0,480.0 0.0,320.0
0.0,160.0 0.0,0.0 284.66667,0.0
569.33333,0.0 854.0,0.0 854.0,160.0
854.0,320.0 854.0,480.0 754.79674,480.0
655.59349,480.0 556.39023,480.0 555.25356,457.93343
551.88421,435.60779 551.57991,413.88136 555.01035,397.90704
551.92268,381.71679 547.0,366.60999 550.66212,354.36056
537.60276,346.2273 536.69589,335.83469 535.14467,324.51486
519.97237,319.87159 511.63596,312.7451 496.2669,312.6692
490.88378,296.26662 489.04147,283.54078 488.27613,265.55839
494.32448,248.35904 491.82376,230.26689 491.85026,205.79168
492.98097,179.50009 477.54021,158.82133 473.75231,148.91795
464.66032,149.11202 460.81004,138.0 455.61374,140.58685
452.5906,131.7255 448.1653,132.0 442.39084,126.05972
431.68875,123.81131 443.03368,131.86351 437.155,127.44215
422.40118,124.60238 434.89558,124.79405 431.74058,120.24333
425.74658,121.00555 422.20343,125.16576 419.4506,125.05223
422.03076,118.91155 413.01425,123.96686 399.81593,125.52406
385.7874,127.51267 376.83066,138.01337 372.37261,139.38203
362.86921,155.82511 371.72769,140.39429 363.33978,146.48767
361.25213,154.6601 361.43926,155.39556 356.31604,161.51672
360.90967,160.44186 353.66159,172.37119 352.43175,180.58992
346.56895,185.28768 346.00007,192.85714 335.9465,203.19549
342.34843,219.85204 333.88125,231.32588 328.92394,245.47086
329.25821,260.33787 328.41552,274.90313 323.21244,288.43347
319.63571,303.0083 310.36689,313.7074 299.4952,328.72834
279.83836,337.53821 272.02196,355.675 259.2661,380.55023
254.06335,408.77113 239.93725,433.08912 249.52755,436.72444
242.11249,452.58915 240.83754,461.84971 239.87814,475.08766
235.77394,484.35369 220.88622,480.0 186.68425,480.0
152.48229,480.0 118.28032,480.0 118.28032,480.0
118.28032,480.0 118.28032,480.0 118.28032,480.0
;
336.65477,480.0 336.65477,480.0 304.49885,480.0
272.34292,480.0 240.187,480.0 246.14345,461.31793
248.06506,441.83612 252.2066,422.88239 257.55852,404.82323
264.7917,387.32631 271.02046,370.11747 278.31374,352.30609
289.62516,336.44527 306.05849,326.00163 317.58503,312.30024
329.44294,299.17828 334.43501,281.68807 341.509,270.63649
332.2954,272.76438 336.0,262.11803 330.98513,259.45271
335.9215,233.15791 338.02313,242.66807 333.93436,260.08181
345.93973,251.26948 344.32511,238.58982 349.15406,225.14101
340.18663,226.33298 343.75664,218.44744 354.18109,200.43583
353.77711,178.45689 364.42725,160.2811 375.74005,135.46079
407.90966,120.25662 433.42673,132.07628 441.84183,137.8025
455.37704,139.15852 459.47586,149.51465 463.63226,151.83508
466.51167,163.18049 469.85517,165.04824 473.47197,174.64563
475.64814,179.99688 476.9663,187.45939 478.50128,191.13323
481.18211,199.44855 482.65753,208.84603 483.27043,214.21438
489.35728,237.90166 486.0,231.94098 479.1798,234.04328
490.69723,238.31413 487.7298,246.96733 486.72217,240.43028
483.3913,245.96198 487.0,256.28311 484.2105,273.60396
480.82545,294.56219 491.6355,309.47029 501.43757,314.53559
510.78815,321.29288 520.16144,326.39992 533.77514,324.8214
530.71614,338.96815 536.3109,345.90387 544.50233,353.92816
543.05949,364.52567 544.76449,374.25567 552.63671,390.84763
545.88319,408.84252 547.88158,425.88341 548.93876,440.32735
550.52473,454.49548 551.68334,468.98728 557.93233,486.47753
537.08161,478.10668 526.81288,479.83417 512.04192,479.72278
497.27096,479.61139 482.5,479.5 485.36405,468.06041
490.0853,459.80679 495.50233,450.70539 500.9926,438.17549
502.59784,422.06237 517.67874,417.07199 525.31614,411.50299
533.82437,404.28463 540.66122,399.5 530.9756,394.02893
524.6775,410.9467 514.75289,412.58505 493.78892,422.56169
493.02043,448.51039 481.62243,466.2997 477.64007,477.6313
479.12906,473.94546 470.30998,471.0 469.0325,479.42371
456.26366,485.66881 460.1085,472.55243 464.06406,433.2787
471.51206,394.19854 475.81587,355.13979 474.82953,334.79242
470.63464,312.046 455.0,297.75511 451.00264,284.60499
462.70733,278.3539 466.82724,267.41854 468.12564,258.35015
477.36602,249.75356 473.21905,241.12007 477.65074,228.39718
475.41646,210.9908 474.24583,200.34807 474.31693,194.55454
467.8552,184.90018 465.47256,173.89494 461.29057,156.87973
443.74274,138.60582 425.41835,148.72315 414.56511,159.32022
407.81645,172.64574 397.26941,183.5 393.81489,191.03488
406.62414,183.00907 404.54117,188.77113 393.8424,186.06158
385.96828,194.9569 385.76676,205.0 394.39581,203.14157
373.34246,215.55463 372.80933,223.66579 371.33834,232.33519
373.80908,239.41137 373.48511,250.00002 376.51411,255.97773
378.53134,267.21882 383.39835,272.95601 390.82395,280.74699
392.6183,285.12527 401.49997,281.76917 394.67657,275.18207
382.12866,269.64596 382.07997,259.50002 389.40672,272.99697
385.14184,253.42737 380.29221,249.34197 385.35254,244.21741
379.02303,235.10158 378.49989,231.1161 384.60299,227.69756
382.6148,211.84972 391.84247,212.66965 394.84083,211.23038
396.05941,208.97988 403.38801,214.98816 417.11464,214.17535
412.17308,210.58982 403.99988,211.56129 408.90332,208.88659
424.84582,209.69695 412.56369,200.12406 403.69851,199.15529
387.53638,196.26004 405.36019,193.84904 412.9274,196.4489
432.7802,195.00745 418.23166,187.52206 401.98326,186.75705
416.42032,172.76699 420.8615,165.315 425.26618,159.92778
419.81851,156.47946 432.0057,151.77158 441.50731,152.81871
443.52559,152.84622 451.20762,161.43959 455.20602,162.5955
458.66485,173.23544 461.57819,179.12141 470.03939,192.25219
455.93514,178.78339 448.48462,183.55738 439.39776,184.14178
427.79492,195.03808 440.0,191.11804 442.69578,198.42318
461.67464,186.65095 466.78704,196.84141 477.35956,218.2826
469.37762,242.94752 463.77425,264.63829 458.16634,279.59885
442.57545,290.05562 426.38092,288.11959 420.91008,291.57394
443.46919,290.81912 447.86587,286.47616 457.37449,285.31142
443.45115,310.68842 456.5,306.52479 461.40949,307.36328
463.38853,317.82025 461.1411,325.16482 461.58512,336.03531
460.58831,347.43805 450.04952,353.44472 442.14336,359.85893
431.64542,370.7597 422.5,360.34525 409.22933,352.36029
395.58756,341.70969 387.39205,329.10245 388.23723,318.2962
386.08253,302.41645 383.41643,322.15251 382.40929,340.24084
388.80007,358.53181 394.02316,375.48522 399.29828,381.94769
399.46139,388.76243 404.56859,397.05636 410.43942,407.23058
415.59433,421.46938 402.24976,406.71183 392.73502,402.74725
382.08934,394.33282 372.90494,393.695 373.61013,399.34571
382.84265,400.8706 389.72771,406.64875 402.5471,412.93214
413.51094,422.63434 422.17087,433.91445 424.38748,439.93587
429.35928,452.62581 430.23326,462.42271 435.09752,475.52665
433.19804,484.15114 417.44793,479.99994 390.5169,479.99998
363.5857,479.99986 336.65477,480.0 336.65477,480.0
336.65477,480.0 336.65477,480.0 336.65477,480.0
;
529.94782,397.79733 529.94782,397.79733 542.28082,391.57543
519.69481,381.83757 525.07768,395.53334 526.6289,397.28709
527.27172,398.98239 529.94782,397.79733 529.94782,397.79733
529.94782,397.79733 529.94782,397.79733 529.94782,397.79733
;
401.01905,315.0 401.01905,315.0 406.08074,308.44574
394.41419,296.79719 397.12756,292.66262 384.64817,287.85937
399.75034,307.56245 399.83216,314.15374 399.83216,314.15374
400.0381,314.99997 400.0381,314.99997 400.0381,314.99997
401.01905,314.99997 401.01905,314.99997 401.01905,314.99997
401.01905,315.0 401.01905,315.0 401.01905,315.0
;
392.0,309.0 392.0,309.0 396.94995,301.72571
382.37946,289.3003 390.92906,304.5 391.70841,305.46147
389.58602,309.74849 392.0,309.0 392.0,309.0
392.0,309.0 392.0,309.0 392.0,309.0
;
428.12756,271.90981 428.12756,271.90981 433.53876,265.20969
407.65407,267.30402 427.5,271.81961 427.5,271.81961
428.12756,271.90981 428.12756,271.90981 428.12756,271.90981
;
337.75,264.98469 337.75,264.98469 348.28623,260.87792
331.83368,254.76974 337.75,264.98469 337.75,264.98469
337.75,264.98469 337.75,264.98469 337.75,264.98469
;
416.76198,263.0 416.76198,263.0 419.30341,257.9991
433.9366,264.96667 443.45925,260.87842 456.80503,261.15663
450.37538,247.23885 443.90262,244.17126 443.93892,247.0821
436.87839,248.82228 424.75679,246.54272 421.10214,242.72985
405.89126,254.36207 412.58465,261.09354 413.59742,262.93916
414.7672,263.3602 416.76198,263.0 416.76198,263.0
416.76198,263.0 416.76198,263.0 416.76198,263.0
;
426.69113,260.0 426.69113,260.0 392.01795,259.7408
440.41166,253.66944 426.69113,260.0 426.69113,260.0
426.69113,260.0 426.69113,260.0 426.69113,260.0
;
435.75,259.38411 435.75,259.38411 423.80281,257.66688
452.145,253.69562 435.75,259.38411 435.75,259.38411
435.75,259.38411 435.75,259.38411 435.75,259.38411
;
431.30902,244.884 431.30902,244.884 439.83946,242.88952
414.71491,241.39918 430.45766,244.8488 430.45766,244.8488
431.30902,244.884 431.30902,244.884 431.30902,244.884
;
418.69098,235.89791 418.69098,235.89791 428.19375,237.42712
432.82595,226.78174 419.53316,230.5 424.90686,213.88209
405.86308,227.61926 412.77622,234.28266 414.75315,234.76451
416.63005,235.84859 418.69098,235.89791 418.69098,235.89791
418.69098,235.89791 418.69098,235.89791 418.69098,235.89791
;
442.10699,235.0 442.10699,235.0 441.97193,227.19333
455.38912,232.64448 444.65137,222.0 438.56336,234.83779
436.07374,226.13494 434.12342,226.94655 432.78068,239.57842
438.64339,230.00486 442.10699,235.0 442.10699,235.0
442.10699,235.0 442.10699,235.0 442.10699,235.0
;
455.72106,213.50663 455.72106,213.50663 454.86414,210.95423
453.90803,208.01869 465.6,208.0 473.64964,197.9189
454.04778,194.70329 446.79267,197.83916 433.5726,205.1086
445.45369,214.88493 455.72106,213.50663 455.72106,213.50663
455.72106,213.50663 455.72106,213.50663 455.72106,213.50663
;
445.57755,480.0 445.57755,480.0 431.37448,483.58748
438.23241,463.30203 432.18776,456.99801 429.66708,447.0566
433.0296,448.18412 432.81635,440.72628 421.07114,429.70768
418.14639,417.05145 412.01351,402.53281 413.17247,397.60655
400.57947,385.90704 403.26347,382.59808 417.08862,391.13474
399.97526,379.68218 399.0636,374.5 406.80163,384.12636
393.04832,359.59201 405.64659,376.40323 410.20212,379.90939
429.4864,400.77512 424.26812,390.43723 415.43906,380.10158
403.6296,370.00831 398.0,358.59828 395.25716,355.10678
384.09346,340.2563 392.94269,341.40317 404.45937,354.11298
419.83347,365.16766 435.7274,370.0 449.24915,368.55835
459.85163,355.07699 464.94763,342.83495 467.38151,327.74192
469.1613,331.79479 471.22653,344.99643 462.63461,360.40001
470.88213,354.96245 468.26384,369.9103 468.19854,380.68394
460.96518,390.51609 463.49842,401.16376 457.86969,410.51665
458.38609,418.65986 459.40183,429.95914 466.13096,437.43527
440.15841,452.48523 453.90528,448.05714 464.35952,437.07136
455.08984,462.35644 455.02153,468.75415 453.11408,475.60452
455.54462,483.00075 445.57755,480.0 445.57755,480.0
445.57755,480.0 445.57755,480.0 445.57755,480.0
;
343.41634,209.0 343.41634,209.0 340.36571,203.88084
348.01412,198.10796 344.78318,209.0 344.78318,209.0
343.41634,209.0 343.41634,209.0 343.41634,209.0
;
