427.0,480.0 427.0,480.0 284.66667,480.0
142.33333,480.0 0.0,480.0 0.0,320.0
0.0,160.0 0.0,0.0 284.66667,0.0
569.33333,0.0 854.0,0.0 854.0,160.0
854.0,320.0 854.0,480.0 711.66667,480.0
569.33333,480.0 427.0,480.0 427.0,480.0
427.0,480.0 427.0,480.0 427.0,480.0
;
273.16648,479.0 273.16648,479.0 276.17409,472.7352
276.37227,459.34457 279.9632,450.5 279.75023,423.91911
288.17119,398.74738 291.09696,372.5 293.33339,361.39787
295.53507,347.77535 302.0,340.0 305.42181,332.44461
317.55513,322.83404 326.85173,316.08095 336.76617,305.60653
349.59211,295.84115 348.65151,279.96748 351.00893,271.33891
349.74824,261.42925 347.85708,254.0 356.21093,262.62913
347.24377,229.78487 346.30295,251.37409 342.99048,247.52313
347.57905,233.9817 345.7787,224.99584 347.35424,217.47653
346.17143,208.24058 351.00003,201.89377 359.77948,183.81076
364.94788,162.86714 375.00003,145.30422 379.48712,138.64483
388.27038,126.20311 399.7222,121.7049 409.9985,116.17663
424.15092,115.71856 434.80719,119.04973 445.19433,121.72734
457.32719,124.28435 463.83526,134.56748 483.14347,160.33918
488.06575,193.89818 495.62982,224.63893 499.05409,236.99069
501.8371,253.43692 504.85768,263.32848 510.97863,283.22206
524.15594,304.73306 546.45347,309.17693 550.38219,316.01014
567.78786,319.87676 561.00003,327.63257 572.77411,339.32016
578.39149,357.08106 580.24767,373.48714 585.32875,386.00363
584.08875,399.11616 590.05617,411.5 593.19234,431.72344
596.98874,452.00132 599.08181,472.19144 608.62736,488.74863
602.58374,468.99718 601.89954,460.75387 599.02406,436.86851
595.19963,412.66455 588.01974,389.86187 584.95303,376.09194
580.84164,361.85045 579.0,348.0 574.66649,345.61178
573.21253,330.72624 568.07688,323.97999 562.46998,310.11533
548.19022,304.6083 535.4717,299.91217 519.15013,290.2481
513.80851,272.5828 507.78261,254.83733 503.01304,246.5358
503.8789,234.60902 501.71672,228.97527 501.53964,221.70587
495.61768,216.42276 500.96819,218.29969 492.2732,205.91084
503.19847,217.82143 496.86773,204.70495 496.03114,192.74934
494.99656,190.10172 491.92792,179.84239 488.26574,172.03528
485.11925,164.06956 481.99999,154.58239 479.74995,148.25854
473.31545,136.69772 466.8489,129.08005 461.02343,117.17379
446.50831,117.3661 435.00005,114.76674 430.19897,111.56335
434.81271,113.42036 426.25005,109.01361 432.68078,116.15851
417.88695,110.69691 408.98557,114.50377 394.1982,117.39629
382.27785,127.86998 372.85185,138.30166 363.14751,148.80168
378.24724,136.68473 366.20666,152.82655 361.23184,167.5768
354.80434,181.91848 346.84062,195.08854 344.61443,208.48088
338.97028,220.99361 341.13925,234.95932 342.48308,245.57726
337.83882,256.47625 342.81351,266.00279 341.14141,266.71628
348.68908,264.81737 344.00526,277.58629 341.02344,286.36699
342.99426,286.07756 339.15616,297.50003 323.10178,316.46973
297.02635,328.33428 290.48139,354.34229 283.87885,365.73714
289.45362,379.77998 281.02638,389.55625 273.93121,398.74675
277.2987,405.58709 282.62976,396.98525 283.52182,405.13855
277.04924,417.32138 278.49917,427.50003 274.56365,435.92361
279.39345,450.888 273.96738,457.1382 275.13715,461.16264
269.24742,475.77217 273.16648,479.0 273.16648,479.0
273.16648,479.0 273.16648,479.0 273.16648,479.0
;
436.25,478.99994 436.25,478.99994 443.10293,473.67908
434.37444,459.74068 433.81532,451.63997 434.1177,439.65389
428.70299,427.43704 423.53056,417.95055 415.81462,399.32117
408.79754,376.053 398.40803,357.15606 396.01188,346.98006
405.46845,370.08986 410.23701,372.81697 426.42451,388.1872
402.63121,360.56651 410.56152,367.36308 417.63693,374.45062
426.24914,382.54199 433.89259,387.44074 423.49905,373.35501
405.92894,360.11161 398.30253,343.73252 387.6626,332.89047
395.23064,334.819 392.54071,326.56333 391.57717,323.26053
405.4878,340.96718 411.05871,345.23495 420.76706,350.80814
430.17939,360.71263 441.78074,360.99992 460.50202,353.72788
476.26344,337.53618 480.70024,317.70726 484.93849,327.11085
483.1352,339.07717 476.12222,345.62915 478.90039,345.48544
482.45414,350.7144 478.55043,365.44472 472.78603,378.90007
470.96015,393.68888 466.6112,407.21885 465.84164,419.56364
466.27414,434.64934 452.50045,439.88891 439.31171,451.76671
465.43085,431.01761 463.48107,440.55946 460.35974,453.25398
458.9073,466.26919 455.9619,479.0 468.43802,481.74068
461.18047,463.72131 464.56041,455.90226 467.41902,420.48991
480.34405,386.32154 486.83759,351.58145 486.94469,328.59895
489.68278,299.96256 469.88028,283.95597 469.98969,288.02229
478.47278,301.70865 478.1219,308.09649 477.37699,311.24794
470.95219,324.30869 471.27505,332.14954 467.69532,338.55936
460.47662,341.91415 452.45268,348.93844 442.30239,357.04698
432.05835,358.88477 422.49954,349.01554 409.9691,340.4324
397.39658,329.04064 390.60239,315.2658 390.8288,310.54294
393.45418,301.12872 393.43094,295.09644 392.69746,277.06461
395.53588,306.17819 398.69522,299.05884 399.84995,288.6758
399.75917,289.59325 393.04006,278.25007 386.86043,271.27338
394.01399,291.94108 390.30796,297.44978 391.66946,308.30349
384.16901,314.26564 387.64734,325.41991 388.78377,335.56041
390.28917,345.2051 392.70605,353.19765 399.8887,372.77781
410.82984,391.66777 414.99997,412.17725 403.84091,400.46975
389.82693,392.39761 376.95181,382.80457 369.70381,390.41777
392.26662,397.49516 397.83808,404.29511 407.58137,412.4758
420.95718,421.46889 423.24693,434.1637 425.02555,436.60068
431.00311,447.14488 429.81215,455.24893 434.07963,462.65402
426.54183,469.80163 433.95543,475.50007 434.51459,477.16681
432.45772,480.55418 436.25,478.99995 436.25,478.99995
436.25,478.99994 436.25,478.99994 436.25,478.99994
;
481.83243,479.0 481.83243,479.0 488.99584,475.85154
491.55455,461.69894 494.0,456.0407 505.94321,447.87019
498.18086,425.46736 513.10962,418.44637 526.14409,412.4863
540.41463,409.15502 552.22727,400.31553 570.11208,391.09762
546.14528,394.31622 539.97169,401.63169 524.9842,409.18116
501.52037,410.84526 498.55579,431.34854 495.90399,448.49624
483.41985,462.34339 479.0,478.99999 479.0,478.99999
480.9593,478.99999 480.9593,478.99999 480.9593,478.99999
481.83243,478.99999 481.83243,478.99999 481.83243,478.99999
481.83243,479.0 481.83243,479.0 481.83243,479.0
;
475.1258,477.0 475.1258,477.0 486.73728,474.53775
475.32832,456.90385 469.0,469.34863 468.22285,472.66728
472.39185,476.33306 475.1258,477.0 475.1258,477.0
475.1258,477.0 475.1258,477.0 475.1258,477.0
;
546.58356,394.0 546.58356,394.0 558.34919,393.9421
548.26344,374.38048 541.37601,384.96969 539.72931,388.46375
541.98182,394.6647 546.58356,394.0 546.58356,394.0
546.58356,394.0 546.58356,394.0 546.58356,394.0
;
403.0,312.0 403.0,312.0 407.58679,302.24915
398.91641,300.38826 403.0,312.0 403.0,312.0
403.0,312.0 403.0,312.0 403.0,312.0
;
460.68,294.0 460.68,294.0 463.75559,280.63573
470.02061,301.22186 466.49723,286.85083 461.80036,277.43309
462.14254,270.55659 461.78558,259.44909 464.24719,248.68875
469.065,242.5699 478.38541,239.61456 477.9763,232.26771
477.71384,235.2239 471.83698,227.0 467.78602,221.90457
474.44693,207.22181 472.19442,198.58994 468.85198,180.62238
461.05487,164.61252 458.09193,147.11465 453.99921,148.54226
433.19177,136.78296 440.64279,144.0 449.92674,153.14156
454.42727,146.42618 455.62174,153.33325 454.37126,164.60303
460.75977,172.86051 463.32562,182.71744 464.18339,192.25372
466.89015,201.9221 466.21189,212.43977 467.29081,217.57267
456.97395,240.08819 465.23739,231.5 464.08433,243.78234
459.90385,255.21578 449.63472,262.63604 442.92967,273.91017
466.15466,249.37162 457.65647,270.5 457.77036,281.27025
460.46471,287.96864 460.68,294.0 460.68,294.0
460.68,294.0 460.68,294.0 460.68,294.0
;
409.12736,292.0 409.12736,292.0 413.46283,286.8795
392.32887,276.33769 404.0367,287.42399 405.87252,288.47307
406.81238,292.12019 409.12736,292.0 409.12736,292.0
409.12736,292.0 409.12736,292.0 409.12736,292.0
;
414.19098,278.87026 414.19098,278.87026 415.24449,274.74123
396.14422,273.44039 392.5059,265.90285 385.3089,261.54328
380.0505,256.05105 376.53319,244.5 373.68265,230.24339
370.11982,213.43763 378.58253,200.5 383.91974,194.76128
388.60776,208.11318 398.89727,199.27732 408.99721,191.51757
391.78849,182.44441 384.159,186.77121 384.3618,173.34427
405.48426,187.75418 408.90589,181.0236 403.34549,171.75177
391.35595,173.80225 403.14651,161.96303 407.77367,154.20285
419.62034,147.66652 416.421,145.50691 423.95846,141.5149
427.92859,139.81101 438.5,139.69658 444.98077,137.35391
456.17758,150.00699 455.14308,142.19689 446.42526,138.02196
434.20366,131.48468 422.56699,134.73729 419.47436,141.02058
415.45651,141.85953 407.82359,149.99836 401.86022,148.8499
424.51692,136.30898 414.57348,137.0 406.09629,145.61763
403.46247,150.406 396.75829,159.12612 389.12825,168.37873
383.15832,177.06474 376.81036,187.09317 381.89976,195.81194
366.53966,198.44431 366.63753,211.08371 367.62268,233.24085
371.66155,258.97511 391.74799,272.5 398.32975,278.29387
406.00163,277.70248 414.19098,278.87026 414.19098,278.87026
414.19098,278.87026 414.19098,278.87026 414.19098,278.87026
;
426.75,276.99062 426.75,276.99062 438.53123,273.92227
446.36819,259.54115 430.72119,272.72914 429.84695,274.81174
423.29227,274.87161 426.75,276.99062 426.75,276.99062
426.75,276.99062 426.75,276.99062 426.75,276.99062
;
412.0,259.23121 412.0,259.23121 428.62536,258.5273
400.40383,261.83064 401.0,257.83333 404.60281,259.47683
408.08056,260.15096 412.0,259.23121 412.0,259.23121
412.0,259.23121 412.0,259.23121 412.0,259.23121
;
399.225,253.97385 399.225,253.97385 396.39631,242.45968
415.5898,254.58074 423.08915,248.05207 429.37372,254.36854
439.86438,242.01184 428.87125,238.89422 412.80873,224.88524
431.26317,241.66827 418.5,236.91754 406.38516,235.09079
397.6561,230.30507 392.47912,244.39202 390.42358,247.89174
397.22124,252.07964 399.225,253.97385 399.225,253.97385
399.225,253.97385 399.225,253.97385 399.225,253.97385
;
402.35699,224.93785 402.35699,224.93785 407.08263,226.4825
411.56016,209.3255 401.64555,218.97893 406.17166,209.67667
397.00735,205.9494 395.01067,217.6481 393.65922,221.83949
399.78993,223.37522 402.35699,224.93785 402.35699,224.93785
402.35699,224.93785 402.35699,224.93785 402.35699,224.93785
;
421.84996,225.00005 421.84996,225.00005 438.59434,225.47494
423.58447,202.89736 424.36454,212.43366 428.62398,219.81927
418.42664,215.55518 413.5,219.4593 411.94773,226.39357
422.90945,218.25301 421.84996,225.00005 421.84996,225.00005
421.84996,225.00005 421.84996,225.00005 421.84996,225.00005
;
354.55902,206.00005 354.55902,206.00005 364.0695,200.37762
345.84582,201.31449 354.55902,206.00005 354.55902,206.00005
354.55902,206.00005 354.55902,206.00005 354.55902,206.00005
;
438.13296,202.00005 438.13296,202.00005 456.75302,201.64848
421.07931,200.09755 433.30978,196.36521 440.4315,200.39072
453.49793,199.33068 458.48977,193.00005 451.68971,183.22686
428.64414,181.98585 425.99993,195.93104 429.78804,199.84921
431.86515,203.65882 438.13296,202.00005 438.13296,202.00005
438.13296,202.00005 438.13296,202.00005 438.13296,202.00005
;
457.75,183.88344 457.75,183.88344 464.16916,182.1004
451.48442,171.99185 445.79597,171.02558 439.74246,169.95969
417.82358,173.16236 425.81276,177.99995 423.39751,187.49865
442.75962,177.02559 449.34173,181.53152 452.14209,182.31058
454.74454,184.14435 457.75,183.88344 457.75,183.88344
457.75,183.88344 457.75,183.88344 457.75,183.88344
;
