190.0,480.0 190.0,480.0 126.66667,480.0
63.333333,480.0 0.0,480.0 0.0,320.0
0.0,160.0 0.0,0.0 284.66667,0.0
569.33333,0.0 854.0,0.0 854.0,160.0
854.0,320.0 854.0,480.0 760.20591,480.0
666.41183,480.0 572.61774,480.0 580.50498,474.21957
571.80432,461.29842 573.99303,452.5 573.77305,432.98308
569.94606,413.71808 567.7143,394.6246 570.10787,380.04242
564.62482,365.3321 562.84044,352.54367 565.76833,339.75987
550.71441,331.58713 552.04186,319.86753 547.95602,311.21679
540.89379,307.86367 532.41678,302.20515 520.47253,300.93604
515.69991,288.50542 507.83578,280.99975 513.95096,283.28917
502.0079,270.43427 502.0389,262.06277 502.80488,249.98235
495.59765,239.38109 497.15328,226.97808 495.43411,216.12806
494.1128,206.06138 494.68903,197.32845 491.48096,183.55407
493.00213,169.00324 486.33249,155.91524 484.24663,147.72481
472.02356,130.05864 473.85676,132.10972 471.08936,131.9626
467.27639,116.40972 459.5,114.80037 452.75943,108.74629
446.31056,105.37899 438.54227,104.49329 432.42433,102.91691
423.48724,96.301831 419.88269,102.5835 400.74733,101.17677
381.90504,112.44515 371.36395,126.97364 363.77429,131.15325
366.21047,143.57548 360.96741,141.86183 364.63269,149.58695
353.01984,159.87958 354.14836,167.45762 352.50607,172.39552
350.80207,160.5673 348.0495,177.0 354.91019,169.46127
351.61626,183.79524 346.26258,185.92984 341.96797,203.55191
333.18781,220.91268 335.06238,239.91436 336.03964,250.8744
331.89014,257.33624 337.46522,265.85275 341.95192,285.66588
321.75982,299.2978 306.55423,307.5 286.84881,322.07432
274.31276,344.13499 270.89995,368.27933 265.22285,377.29089
259.77268,388.99359 255.0,396.0 262.91752,389.36741
267.03449,389.10841 262.0,400.5 259.73345,405.45161
258.63623,419.12272 257.99991,428.36614 257.16497,444.08463
247.23791,458.6368 248.51146,475.0 245.48346,485.64006
255.94155,469.81767 253.49078,462.35963 257.62021,447.16012
262.24874,432.46257 261.75935,416.64256 264.58923,398.0574
273.53708,380.82379 276.10879,362.59992 282.07173,348.44116
283.89103,334.53634 295.52031,323.18856 302.20566,314.63571
313.41181,309.05662 321.36115,304.69455 325.49154,302.60792
328.7471,296.25845 333.77887,292.5 340.09493,284.58118
347.63543,276.47336 346.43356,265.84091 346.09472,252.83193
347.59304,238.25828 347.50081,224.04201 349.40959,219.06495
353.04568,196.78032 347.98003,207.94029 338.07236,212.86092
351.8478,192.26321 352.89054,186.68997 361.66355,165.32624
362.19684,139.81216 380.39163,123.14651 388.74641,114.77335
399.13603,109.36577 410.45925,106.51387 426.45613,105.1882
442.80593,110.45481 456.20245,118.56794 466.039,131.17746
474.97911,144.5957 478.82415,159.99061 478.93869,164.8248
484.16468,178.05972 486.20518,186.2371 492.29293,214.46363
493.00655,243.0816 499.04031,271.31036 505.47274,285.95038
512.79557,306.23246 532.03148,305.63813 536.22642,312.3929
551.66227,315.67655 547.00371,324.86154 555.57529,335.8094
559.38659,349.51247 561.09295,363.20153 567.97,381.04637
562.28324,400.97705 567.12242,419.41171 568.63245,439.59866
571.39308,459.4909 571.68597,479.99996 545.12682,479.41448
514.37599,481.166 490.42023,479.12904 482.31856,472.63374
476.79622,471.24202 485.81462,457.4999 493.20557,443.77724
500.37622,430.27853 505.18047,415.45241 514.75576,406.04694
529.01841,405.88032 538.55941,396.18487 555.20431,390.78709
546.54584,382.43206 535.12703,392.75364 522.09091,403.03147
499.78221,403.67645 495.97887,423.3189 493.7424,435.63219
484.77406,447.2218 479.0258,459.69236 478.40351,468.29872
478.37308,458.7063 469.14053,458.0 459.83361,462.73214
472.01538,475.33869 477.15089,465.55347 474.62194,479.18582
470.8035,482.36952 456.91632,480.0 458.18135,469.33909
461.71474,453.98779 461.49362,441.98967 464.05394,435.37562
463.89986,420.71002 467.31546,411.20588 472.32219,388.26743
478.26581,365.99295 481.93017,343.09121 481.96967,320.86841
481.27549,294.27866 462.27253,279.5 461.407,268.55974
458.72013,257.17007 467.53413,248.61827 468.67685,237.64265
479.77838,235.3088 480.0763,225.5 468.93182,219.15239
479.56908,207.72787 476.83827,198.05054 476.57909,176.73755
464.861,157.58418 459.0,138.0 454.39012,128.7481
441.84326,126.45767 431.63775,125.99999 415.02702,126.28609
407.34021,144.56437 400.90621,155.99999 386.60713,161.74539
397.86312,173.15044 393.08139,172.99999 385.89344,170.12021
377.31805,187.27403 382.10969,186.85675 389.54341,188.24579
372.8542,196.69384 371.09362,205.72468 368.36503,219.21433
374.30588,234.0526 378.27587,247.08851 383.09788,258.62271
393.68625,266.54138 403.10462,274.31806 400.35747,274.57181
413.03064,273.54421 421.85413,276.60797 435.64755,279.8148
446.2425,268.59 456.9999,261.94094 458.28702,271.95843
455.4116,282.27064 457.26077,290.00081 457.97882,299.4263
460.67494,282.69159 469.66199,294.00131 477.45039,304.29738
465.42199,313.04616 467.03455,324.50131 462.66987,335.32559
449.9463,342.8619 439.22408,347.99585 429.91183,353.62371
421.73218,340.39397 413.28208,337.25103 405.10811,328.7651
391.87487,321.037 389.55983,309.27805 392.96863,295.86137
387.28288,287.16195 385.64463,305.36624 383.96315,323.24126
389.24622,341.63425 395.07752,358.43122 402.70006,371.98645
407.35553,387.43959 413.05954,402.25646 401.95772,392.0006
389.50777,381.32901 374.99995,377.00131 376.94848,387.61469
392.88709,389.36667 399.49995,397.56913 409.814,405.45957
421.66798,415.97037 422.74585,428.90967 427.87988,442.14551
427.82825,457.77336 430.99995,472.03843 437.29317,486.09881
418.85331,477.80656 409.18163,480.00131 397.08501,481.28429
390.79686,478.96184 382.37078,477.17323 376.38137,482.52946
361.26871,478.99799 350.61045,480.0 297.07363,480.0
243.53682,480.0 190.0,480.0 190.0,480.0
190.0,480.0 190.0,480.0 190.0,480.0
;
538.29839,386.8084 538.29839,386.8084 553.30266,382.8654
528.14993,368.6375 533.92451,384.85895 534.21817,388.06468
536.24861,386.88744 538.29839,386.8084 538.29839,386.8084
538.29839,386.8084 538.29839,386.8084 538.29839,386.8084
;
403.12244,300.0 403.12244,300.0 400.44058,291.44946
405.57281,288.94753 398.61365,281.5 390.07324,265.86415
391.266,278.84216 397.97086,287.8922 399.55636,291.744
398.43727,298.55496 403.12244,300.0 403.12244,300.0
403.12244,300.0 403.12244,300.0 403.12244,300.0
;
410.20295,287.0 410.20295,287.0 410.71873,276.61255
391.3462,273.35089 410.20295,287.0 410.20295,287.0
410.20295,287.0 410.20295,287.0 410.20295,287.0
;
408.75,120.92584 408.75,120.92584 422.34061,117.62451
413.18563,113.87096 408.0,121.00004 408.0,121.00004
408.75,120.92584 408.75,120.92584 408.75,120.92584
408.75,120.92584 408.75,120.92584 408.75,120.92584
;
441.89301,480.0 441.89301,480.0 429.49802,483.29192
435.51294,466.7675 433.96799,459.67977 429.49099,450.09324
432.11378,438.3194 428.03072,428.5 436.27611,433.24749
424.00381,415.4281 420.65054,411.35715 417.4928,400.89771
411.0406,390.87527 411.0,379.81276 402.82037,378.22896
405.53529,365.73676 400.94102,359.88438 398.39881,352.04392
403.2379,351.08573 409.67828,361.74992 418.58571,367.45729
424.35519,377.69705 434.31323,381.0 422.27413,366.5237
404.30484,355.33741 397.99535,337.1333 388.55379,338.5694
386.53242,309.98601 394.06881,323.27565 406.34672,336.7801
421.57573,348.90301 438.71595,355.14552 448.50462,350.46132
459.51248,345.51262 464.72289,336.3165 472.44451,333.72745
474.91491,309.33861 476.49204,316.32496 481.92347,326.31357
474.57264,335.11247 472.54604,342.82536 479.29439,331.1088
474.41757,349.44264 473.94075,357.0 470.73424,368.63028
466.70881,379.6506 465.72532,391.5 456.41778,400.98821
468.11842,419.52783 455.47192,427.45482 439.48686,440.90691
452.50323,429.58149 455.00044,436.91715 458.54713,433.93899
461.74909,421.52539 458.87671,439.5 454.57745,447.86126
453.9891,462.04834 450.29305,472.77526 450.70315,479.3786
448.64588,481.03253 441.89301,480.0 441.89301,480.0
441.89301,480.0 441.89301,480.0 441.89301,480.0
;
431.08333,361.9558 431.08333,361.9558 431.73202,355.99241
413.07311,355.35326 430.5,361.9116 430.5,361.9116
431.08333,361.9558 431.08333,361.9558 431.08333,361.9558
431.08333,361.9558 431.08333,361.9558 431.08333,361.9558
;
398.54692,355.0 398.54692,355.0 391.39053,346.49234
395.38595,339.89736 398.54692,355.0 398.54692,355.0
398.54692,355.0 398.54692,355.0 398.54692,355.0
;
468.03518,292.0 468.03518,292.0 459.00661,283.69649
465.07856,279.89046 469.0,292.0 469.0,292.0
468.03518,292.0 468.03518,292.0 468.03518,292.0
;
424.429,274.97776 424.429,274.97776 412.9283,270.80096
411.98043,275.16636 403.47678,265.47823 391.89798,250.08469
408.42666,278.8762 395.99623,263.89316 386.98344,256.70593
391.78858,254.309 385.04427,246.78663 379.32614,237.33422
378.29809,226.37821 374.97527,216.05335 379.54353,215.26614
377.42359,201.59313 382.93212,198.69491 389.0866,196.75527
395.77674,194.06104 403.4404,192.74393 397.47467,200.10166
406.30578,201.50304 408.47196,189.12933 407.90484,177.19476
383.51803,187.22994 392.29413,178.28089 396.73089,172.04651
417.00922,184.39494 415.54331,173.86759 407.07384,168.89899
397.0285,169.48491 406.30667,159.69886 412.54216,153.59247
414.13023,144.8376 419.0,139.41321 428.15542,132.38863
411.3653,137.26283 426.0,129.04288 434.40763,139.11986
426.33424,124.9804 433.43078,131.11209 437.69567,132.54618
452.76884,128.2316 454.31531,138.01811 448.2639,131.90436
431.40718,131.91882 445.36163,136.50009 454.41875,140.26569
460.04431,147.03533 461.10456,158.18824 465.72577,163.52423
467.93234,181.70247 463.26389,170.50716 453.31806,160.09946
435.33335,165.61387 425.5,173.82082 432.33164,171.66088
435.10889,178.2124 447.45615,174.62107 457.86841,173.94313
468.50893,174.44309 469.49932,185.65884 471.44023,195.02643
472.82716,203.82345 470.05473,214.45913 465.51352,223.3965
467.76872,235.79976 464.5809,243.60742 462.78591,250.75761
455.46935,261.85142 446.77594,265.27109 440.04163,270.09547
433.36439,276.09725 424.429,274.97776 424.429,274.97776
424.429,274.97776 424.429,274.97776 424.429,274.97776
;
422.71626,259.4984 422.71626,259.4984 440.71225,256.7307
420.21615,257.72947 413.58839,255.47492 400.76842,250.35957
418.67682,263.98023 422.71626,259.4984 422.71626,259.4984
422.71626,259.4984 422.71626,259.4984 422.71626,259.4984
;
408.5,250.0 408.5,250.0 412.70726,245.64767
423.90796,253.35704 432.18366,247.35687 445.42663,250.92751
443.79822,233.91243 432.53769,229.92207 421.58243,232.0538
424.32735,222.81642 421.25868,228.82665 419.6721,226.90145
399.82078,238.67856 406.0,246.16667 406.56818,248.28038
404.29058,251.4443 408.5,250.0 408.5,250.0
408.5,250.0 408.5,250.0 408.5,250.0
;
416.67071,235.49866 416.67071,235.49866 403.5647,235.68315
425.93266,230.04987 430.30079,230.03253 441.75436,239.99595
424.72584,231.39689 419.46524,234.65763 419.46524,234.65763
417.58906,235.22227 417.58906,235.22227 417.58906,235.22227
416.6707,235.49866 416.6707,235.49866 416.6707,235.49866
416.67071,235.49866 416.67071,235.49866 416.67071,235.49866
;
411.63486,223.0 411.63486,223.0 411.31524,218.66724
421.93728,222.10066 419.03262,213.8618 411.82933,215.10986
411.15656,215.20603 410.14785,207.59162 403.01294,208.78239
402.75292,222.38949 411.63486,223.0 411.63486,223.0
411.63486,223.0 411.63486,223.0 411.63486,223.0
;
431.56672,222.0 431.56672,222.0 441.43221,218.26913
438.76438,212.35589 434.16352,205.50314 434.31392,213.55729
434.60136,214.84099 424.22379,215.17621 420.5722,221.38394
433.49155,216.61292 431.56672,222.0 431.56672,222.0
431.56672,222.0 431.56672,222.0 431.56672,222.0
;
442.0,196.0 442.0,196.0 449.01577,195.15306
432.46739,189.49476 451.77297,191.39494 463.47402,193.63466
469.77159,182.50942 455.54594,179.9902 448.04461,175.64423
430.2026,183.71499 435.72747,191.85484 440.87619,192.63494
434.56579,198.05665 442.0,196.0 442.0,196.0
442.0,196.0 442.0,196.0 442.0,196.0
;
341.3209,247.0 341.3209,247.0 337.13917,242.07298
341.67088,216.82731 342.07165,234.41546 341.78492,238.54773
341.99455,243.28646 341.3209,247.0 341.3209,247.0
341.3209,247.0 341.3209,247.0 341.3209,247.0
;
