427.0,480.0 427.0,480.0 284.66667,480.0
142.33333,480.0 0.0,480.0 0.0,320.0
0.0,160.0 0.0,0.0 284.66667,0.0
569.33333,0.0 854.0,0.0 854.0,160.0
854.0,320.0 854.0,480.0 711.66667,480.0
569.33333,480.0 427.0,480.0 427.0,480.0
427.0,480.0 427.0,480.0 427.0,480.0
;
230.77144,479.0 230.77144,479.0 231.74769,471.04332
229.1926,456.18775 231.57864,445.65802 236.65898,423.13113
237.47389,400.02702 242.86103,377.54391 241.99251,350.84889
255.25835,326.67191 259.74824,301.02824 267.34006,282.21755
279.09626,262.88638 297.93912,254.12557 304.75369,246.37624
316.63621,240.22541 318.86283,230.58471 324.51815,217.7472
328.89436,202.3203 320.97653,188.84984 317.93098,167.79239
329.44648,148.07587 334.33108,128.11542 337.12665,95.612658
349.30012,55.889168 384.37482,45.985829 402.79542,40.054409
421.75276,49.272958 437.50609,57.921299 447.84902,68.340039
460.18421,82.095954 458.82648,97.49993 464.10593,95.798654
465.82797,116.49445 469.10749,124.17687 473.21344,144.01071
478.68838,163.83124 474.51835,184.15092 473.50713,203.29111
470.45714,229.12108 489.3842,240.48306 495.292,240.7402
520.47082,250.99071 502.49997,247.88503 509.90599,250.06476
519.87745,250.40321 520.99997,261.25931 522.76675,271.85429
534.93563,279.86344 530.99997,292.34957 542.50355,317.08779
531.6846,345.07848 537.99234,370.99993 541.81091,400.91212
540.95247,431.2564 542.98763,461.33714 540.29961,473.10545
547.09066,487.2963 546.48411,467.9806 544.40805,429.11401
545.14406,390.0769 538.97604,351.54156 537.49533,331.69375
544.34047,310.43823 534.0001,292.09925 537.02873,280.10676
528.2248,270.93143 524.0001,261.18028 523.16831,248.48675
507.44512,241.87505 496.61336,238.99993 492.29286,238.13844
477.67435,224.77796 486.45283,230.81463 484.10233,225.09458
475.17353,212.82169 477.75194,202.58927 476.5597,184.74611
482.1146,167.30211 479.2366,149.3521 479.35472,122.70537
477.84075,92.891288 458.63593,72.456334 450.4902,68.706069
448.50743,53.484936 439.93768,53.729013 452.00303,63.761175
431.90392,48.620104 427.91911,47.776125 411.85335,36.201713
425.05895,45.664041 410.5,43.040232 399.32521,39.387413
388.91609,40.319196 378.23516,44.986719 364.81196,47.320304
366.3965,52.136853 356.62302,57.500003 353.52278,65.847404
341.5175,76.070691 353.01254,61.0 347.91679,61.698816
338.28015,84.597195 345.35192,72.352558 349.28513,70.692707
338.27065,87.865004 336.98758,94.206746 331.69952,107.86672
330.09473,121.96636 329.29325,136.41979 323.35948,154.84723
328.59492,118.1805 324.64185,131.75 325.08963,144.44605
321.89967,156.27865 318.55417,168.38281 315.57796,181.71341
317.17702,194.49533 317.78343,207.7187 319.74702,208.97159
323.52905,215.64317 316.10499,225.46793 310.07654,233.38669
323.33127,220.50298 311.20647,236.47405 306.18451,239.69671
298.84395,251.2008 289.94542,254.93892 256.78433,275.08621
255.60876,317.65802 238.0,348.57467 240.97801,346.9037
245.07576,342.71306 241.94038,356.22011 240.1836,381.75653
234.06273,406.74665 231.46601,432.21189 228.64758,447.63288
224.78639,463.52882 229.32022,479.0 229.32022,479.0
230.77135,479.0 230.77135,479.0 230.77135,479.0
230.77144,479.0 230.77144,479.0 230.77144,479.0
;
476.0905,128.46704 476.0905,128.46704 473.64014,127.89716
472.50783,109.17454 470.32338,101.9124 472.61457,97.928972
474.7375,127.08241 476.08254,120.5 476.95891,112.3779
477.45503,127.03592 476.09054,128.46704 476.09054,128.46704
476.0905,128.46704 476.0905,128.46704 476.0905,128.46704
;
468.16427,91.768451 468.16427,91.768451 461.66004,84.118943
462.92412,80.940469 466.97709,85.896124 464.32437,88.623446
473.45144,93.820494 468.1643,91.768451 468.1643,91.768451
468.16427,91.768451 468.16427,91.768451 468.16427,91.768451
;
460.14164,84.0 460.14164,84.0 454.94279,76.37242
447.13187,62.132292 460.93692,76.189236 465.48219,87.713874
456.98819,71.452496 457.89034,77.824978 457.86034,79.279767
462.70207,84.22248 460.14164,84.0 460.14164,84.0
460.14164,84.0 460.14164,84.0 460.14164,84.0
;
435.30279,479.0 435.30279,479.0 441.51678,474.87115
432.61385,458.79708 437.69831,450.18446 437.08024,438.23417
442.3913,427.34818 446.27236,416.0 447.92112,420.12838
447.32169,434.42655 445.17041,441.45842 444.06413,453.92087
445.94389,466.88654 442.76674,479.0 446.71147,472.31957
447.04915,460.30954 450.0478,477.30233 447.3156,483.85068
456.13479,467.57445 455.97162,459.1003 458.94673,443.87711
465.23128,429.69023 470.55749,415.20326 478.54187,424.58814
488.16208,405.13819 475.87981,405.17214 470.69649,403.18003
477.99125,388.222 480.50314,381.98471 485.20508,374.40685
494.79182,353.72041 492.66115,356.26074 492.73785,341.43522
514.45547,339.02397 519.0,326.69002 510.01659,330.79975
523.04015,326.27574 525.99995,321.78439 519.5283,317.66031
511.11156,334.2651 501.96537,336.02228 490.73209,342.13168
486.94629,355.988 482.84162,366.0 480.24609,375.75179
471.28348,387.01387 470.92175,398.5 468.07293,381.4606
451.85134,402.65207 467.43269,402.0 474.2362,394.14212
463.74814,418.11092 462.80607,422.93771 458.26437,437.05538
453.42686,447.4954 451.18766,461.72047 447.45781,467.38303
449.30133,443.04965 449.53287,436.20519 452.8434,384.19041
459.39695,332.30141 464.77066,280.55021 463.63933,260.47407
457.99752,238.18946 442.0,224.88659 439.3337,212.30505
444.30735,203.55811 453.84435,196.05695 465.87099,175.75699
463.27961,150.87418 462.4993,128.19604 461.13988,125.8792
458.09511,113.77068 454.63173,103.98528 451.35831,91.800302
444.62055,81.41934 439.0109,70.78184 431.81229,70.013619
419.87388,62.226755 410.74411,68.906275 398.37087,79.717474
394.79755,96.998602 383.0,108.47105 386.2324,111.36175
399.00595,115.53468 380.33875,114.99238 375.97802,122.69992
365.07628,129.50539 377.70754,130.41294 388.60225,130.79669
361.49575,133.19247 364.06575,143.17489 358.78508,152.87047
357.19146,162.58401 360.04272,173.50002 362.20794,191.56463
375.28973,205.68896 389.5,215.45738 375.94987,203.34956
398.47007,213.87951 380.85363,200.60537 371.50402,191.70495
365.11698,179.84713 366.0,166.90069 358.62777,162.25164
372.03234,148.40912 365.0731,152.37245 370.45435,140.6906
376.37279,136.79186 382.95819,136.06182 396.37366,137.33611
389.10963,130.90704 400.1706,135.08266 404.32199,125.65492
388.18997,123.21439 380.53335,125.00004 385.28727,113.48191
400.7899,121.60359 405.69811,117.75004 415.99512,115.62936
388.55969,111.67719 395.0301,106.57066 402.88457,93.939746
403.7658,78.252565 416.4445,69.000045 427.9773,70.091521
423.50565,70.614188 435.89558,73.262482 439.06547,77.460811
427.09781,74.483712 437.00002,82.118079 438.53666,76.219819
445.07135,95.071742 449.33534,100.93603 456.52724,114.84942
455.33732,114.78453 441.37796,112.00004 425.29958,111.09636
448.68585,108.38285 452.00008,111.06743 444.40755,101.35117
427.45019,107.64654 419.82692,114.36745 419.49141,114.42175
432.71908,118.43842 441.4493,115.15732 452.34047,112.98348
458.64939,122.30954 458.65243,132.32316 460.59622,150.49051
461.10157,170.33473 454.56442,187.56902 449.65201,200.57479
436.37717,207.8169 425.91845,214.94115 441.24378,204.49659
439.89998,216.75532 438.21253,229.48209 439.79999,236.8351
446.94324,233.47575 444.80924,230.00011 452.76043,238.47749
450.7359,249.21688 449.15619,259.4344 451.63811,272.02976
449.66166,268.52799 440.86377,278.95417 433.05404,285.20972
422.83507,298.03812 413.15485,288.32237 400.46127,281.59261
387.04045,272.49429 378.68707,261.50005 376.28208,253.5812
380.08819,233.37606 375.04888,233.5606 376.26001,251.19918
370.81765,269.20549 378.98868,285.87002 383.88551,305.90204
398.41667,321.803 405.95724,341.00005 397.57992,335.16749
387.2507,327.71129 377.3098,325.35701 364.82844,317.62821
374.32866,330.62779 382.96976,332.3213 401.56075,340.66632
418.98376,354.88546 422.14403,376.20829 426.99976,398.34538
432.40613,420.88551 433.82679,443.53703 434.23897,455.38721
433.52459,467.19917 432.48317,479.00002 432.48317,479.00002
434.44247,479.00002 434.44247,479.00002 434.44247,479.00002
435.30293,479.00002 435.30293,479.00002 435.30293,479.00002
435.30279,479.0 435.30279,479.0 435.30279,479.0
;
436.8464,432.48694 436.8464,432.48694 433.29873,420.33162
431.31817,402.02362 428.23576,387.55154 426.80935,381.46142
421.56871,365.24869 427.22893,369.10439 421.65164,357.44238
411.43524,348.75602 406.9057,335.49599 403.21548,324.21556
400.91613,322.72458 393.73106,311.32032 395.1273,307.21772
381.57806,295.18523 385.82906,294.01246 391.31714,291.93317
399.21379,308.76544 408.12771,311.35161 423.25315,324.09309
415.30465,313.5619 405.18959,305.85514 395.45562,297.68285
385.6397,288.44053 383.06687,275.5 383.9235,292.55631
376.15209,270.83495 380.91392,269.63889 384.85409,271.93424
393.66531,278.76162 401.49992,284.64137 412.56125,289.72739
426.2132,303.57821 436.98162,290.32249 449.18679,281.79769
456.10032,267.31004 455.52358,252.5 459.33526,261.29242
462.42552,271.4814 457.05076,280.0 460.82348,277.70712
458.67273,296.75184 457.02986,304.5 452.56886,315.05707
457.73496,327.28701 451.28999,336.46739 451.02985,348.19895
456.05737,361.78389 444.26006,369.3505 447.33425,381.2246
451.22434,355.84305 451.97636,372.5 447.85391,392.86573
445.45992,413.74303 436.84638,432.48694 436.84638,432.48694
436.8464,432.48694 436.8464,432.48694 436.8464,432.48694
;
477.0,414.0 477.0,414.0 468.65304,412.96863
482.8908,404.11025 477.27253,413.85414 477.27253,413.85414
477.0,414.0 477.0,414.0 477.0,414.0
;
425.73109,294.0 425.73109,294.0 422.36277,294.82714
449.76553,275.72413 441.35182,283.62481 435.79244,286.38228
431.69426,293.04297 425.73109,294.0 425.73109,294.0
425.73109,294.0 425.73109,294.0 425.73109,294.0
;
385.03193,432.2814 385.03193,432.2814 397.04,427.96817
383.89912,410.0103 379.55974,423.86347 377.70033,428.52779
379.51664,433.28745 385.03193,432.2814 385.03193,432.2814
385.03193,432.2814 385.03193,432.2814 385.03193,432.2814
;
385.37141,430.41097 385.37141,430.41097 380.31953,423.32627
393.54254,418.64927 387.0,429.78602 387.0,429.78602
385.37141,430.41097 385.37141,430.41097 385.37141,430.41097
;
517.63717,320.0 517.63717,320.0 529.23056,318.47706
515.7944,303.01501 514.0,314.46376 513.03555,316.90701
515.92892,319.15285 517.63717,320.0 517.63717,320.0
517.63717,320.0 517.63717,320.0 517.63717,320.0
;
392.68244,242.18953 392.68244,242.18953 395.64581,234.88492
379.62988,214.09397 381.78689,221.25011 387.88378,228.05897
389.92104,243.05833 389.87006,236.26521 391.54927,236.68101
392.11487,246.05823 392.68244,242.18953 392.68244,242.18953
392.68244,242.18953 392.68244,242.18953 392.68244,242.18953
;
381.66715,234.66618 381.66715,234.66618 380.81409,225.99333
372.66024,214.98718 379.28185,230.11998 380.05943,230.93702
380.61404,235.45751 381.66715,234.66618 381.66715,234.66618
381.66715,234.66618 381.66715,234.66618 381.66715,234.66618
;
420.5,215.87285 420.5,215.87285 431.60085,215.72454
401.71108,209.44994 407.75224,212.27578 410.76739,215.50618
416.46324,214.65242 420.5,215.87285 420.5,215.87285
420.5,215.87285 420.5,215.87285 420.5,215.87285
;
403.86395,212.9558 403.86395,212.9558 403.50452,211.02266
381.52038,195.99342 395.5,209.17957 398.3062,210.08853
400.81809,213.07655 403.86395,212.9558 403.86395,212.9558
403.86395,212.9558 403.86395,212.9558 403.86395,212.9558
;
326.52051,198.0 326.52051,198.0 331.79184,189.55687
328.14289,174.69983 329.83264,163.79168 330.75614,157.86426
321.82477,176.77918 326.59758,161.13405 334.38589,155.51304
321.76426,155.62105 324.56658,169.33475 325.33791,178.398
321.58705,191.34813 326.52051,198.0 326.52051,198.0
326.52051,198.0 326.52051,198.0 326.52051,198.0
;
405.39602,191.97339 405.39602,191.97339 393.40871,182.8434
416.77278,186.75832 424.48652,185.62049 426.18345,182.21722
437.41183,185.94586 441.0,181.73255 440.10464,170.51862
424.49045,170.75285 414.87417,171.43009 406.74177,170.3038
395.72057,183.13294 397.02136,173.65774 392.34732,185.78331
394.41559,188.03791 405.39602,191.97339 405.39602,191.97339
405.39602,191.97339 405.39602,191.97339 405.39602,191.97339
;
402.88514,179.0 402.88514,179.0 405.37168,172.9063
422.24653,170.27345 430.31019,173.80974 434.22177,182.92207
414.9048,170.51165 407.77333,176.57379 406.14447,177.28594
404.81724,179.353 402.88514,179.0 402.88514,179.0
402.88514,179.0 402.88514,179.0 402.88514,179.0
;
407.0,163.9073 407.0,163.9073 396.98038,161.69369
402.78458,153.25355 403.82214,148.09413 394.69382,152.33441
395.70267,164.30184 407.0,163.90728 407.0,163.90728
407.0,163.9073 407.0,163.9073 407.0,163.9073
;
410.82143,161.884 410.82143,161.884 419.19956,155.26246
400.89586,159.60932 403.0,154.11803 401.45191,159.86078
406.0035,161.54351 410.82143,161.884 410.82143,161.884
410.82143,161.884 410.82143,161.884 410.82143,161.884
;
422.30902,159.98635 422.30902,159.98635 436.75488,159.03407
414.27379,152.38785 422.30902,159.98635 422.30902,159.98635
422.30902,159.98635 422.30902,159.98635 422.30902,159.98635
;
438.0,136.8206 438.0,136.8206 453.21569,138.24839
416.99586,131.86233 437.88197,132.0 443.01779,135.81285
441.96416,131.06354 454.42109,128.32065 452.16309,117.54809
429.73968,118.35366 426.53281,129.87031 428.72431,133.12277
431.45636,138.88052 438.0,136.8206 438.0,136.8206
438.0,136.8206 438.0,136.8206 438.0,136.8206
;
