427.0,480.0 427.0,480.0 284.66667,480.0
142.33333,480.0 0.0,480.0 0.0,320.0
0.0,160.0 0.0,0.0 284.66667,0.0
569.33333,0.0 854.0,0.0 854.0,160.0
854.0,320.0 854.0,480.0 711.66667,480.0
569.33333,480.0 427.0,480.0 427.0,480.0
427.0,480.0 427.0,480.0 427.0,480.0
;
304.50595,479.0 304.50595,479.0 311.57288,472.22534
299.88472,459.87169 300.97018,450.58898 298.37387,428.35458
298.76879,405.89194 306.04562,384.5 308.2587,353.76686
317.77988,324.24826 322.98172,293.95616 330.57509,276.19354
349.37313,266.63785 364.39851,257.35899 375.18428,249.33271
373.69438,233.55921 375.80046,221.58065 372.41145,209.59949
370.6566,197.72391 372.01544,185.12258 370.03639,162.77484
383.01003,143.71939 389.41848,123.08723 397.01314,99.733247
413.9074,75.673038 439.41859,71.510072 450.06861,69.226376
458.63889,74.548869 468.29726,75.857149 487.90593,76.202768
497.34454,97.633432 503.92904,113.36259 514.414,141.551
519.9412,171.26634 523.24672,200.94342 529.07084,222.90555
536.59065,245.86685 555.22926,260.65501 559.48051,268.79446
573.52925,269.36319 578.33,279.08094 589.47558,284.50667
578.09815,290.02239 588.06336,298.00001 599.8471,321.05599
603.92359,347.20079 610.5648,372.17169 617.8078,395.73462
614.02798,420.50345 618.76283,444.47847 615.5586,456.00286
611.76701,467.36961 608.9619,479.00001 616.35977,475.37669
615.40038,460.53194 619.68499,452.37642 624.57127,438.93647
617.43594,424.59188 618.93905,410.54292 617.81628,378.92888
607.95899,348.29706 599.45071,318.21666 598.42036,312.6562
587.17462,288.11672 595.07488,300.25845 596.86534,289.49372
585.49214,279.11094 577.58831,273.0 570.51082,266.74467
560.76098,263.52033 554.78625,255.01573 551.07032,245.61483
545.73937,240.05519 540.09074,230.75539 531.7867,223.29882
537.15286,216.9923 531.85757,208.12077 528.62986,202.57815
536.60606,231.04438 530.18903,211.6511 525.90777,201.79703
528.15654,198.69655 526.54647,191.2349 522.10607,175.94947
521.40515,158.97989 518.26446,144.13022 515.01982,139.04303
507.76063,116.60447 511.53098,120.5 515.09243,120.78942
505.77854,117.46169 506.2692,108.18017 502.31083,99.884373
499.73146,92.384536 495.01626,84.352029 484.5205,71.097645
489.60771,83.075053 496.68741,89.063162 502.50042,100.92128
487.98997,78.492004 482.96468,76.580163 473.96486,66.403183
464.04137,73.651634 453.87244,68.021962 446.77588,62.949105
439.15697,69.766772 427.5,71.739871 418.9898,74.056862
410.68249,82.321085 405.6353,87.301969 399.96333,93.297233
392.0948,106.71617 388.1759,117.04063 384.32575,130.66782
375.30514,141.74791 370.08779,154.5 370.42925,165.40983
365.026,175.06622 367.25224,186.29626 368.41842,198.06452
365.30521,211.62268 368.99998,222.33333 374.92987,217.88188
372.04771,237.32881 365.12896,241.53826 367.18346,242.53718
375.03627,235.7213 364.31072,247.80578 347.06869,265.67499
320.58304,277.93034 315.88748,304.64294 313.87028,315.5504
310.21431,325.68725 303.01257,334.5 304.29184,342.78206
308.8721,330.99529 311.70113,329.41072 309.1639,348.48104
303.75169,367.07474 302.89215,386.5 294.22728,410.22732
295.47328,436.775 300.08401,461.07508 303.2865,466.5253
303.32934,475.74098 304.50595,479.0 304.50595,479.0
304.50595,479.0 304.50595,479.0 304.50595,479.0
;
451.88273,479.0 451.88273,479.0 460.22081,473.93598
454.9518,456.08316 456.5,445.94768 457.58512,430.38812
454.82789,414.16918 455.9501,399.09324 451.29471,396.3864
452.95641,380.82837 445.99999,374.88536 454.35784,384.44358
449.05791,368.71829 444.66528,361.5 441.07278,350.77729
436.22754,345.10207 433.38627,335.07299 428.6851,333.04938
423.88784,315.33776 431.58464,325.89877 431.90748,325.52526
419.64883,313.05577 419.36622,303.56652 421.60223,305.57973
427.48778,322.76882 435.76034,327.37871 440.54371,332.30953
452.19103,340.46545 455.86341,340.71249 443.16357,330.50753
431.11053,320.73896 423.79377,305.32921 422.04702,296.70324
414.18245,290.95375 416.3398,281.50001 411.57145,264.64165
421.86314,287.4606 427.44542,291.20693 437.08568,298.63445
446.58837,309.68161 458.49999,311.99018 477.21667,308.58875
494.41327,293.62078 501.51259,275.9434 505.49293,270.07716
505.94744,295.54883 498.18205,298.60669 493.24069,303.53748
482.92656,316.8903 483.66984,319.72641 487.28011,314.13064
503.24281,293.31724 500.8871,298.42216 499.42203,312.63693
494.21783,326.61611 489.0,339.11803 489.75123,340.48129
483.9034,356.2107 481.84987,363.33608 479.40057,373.55563
476.07423,382.45853 465.78663,386.91144 454.42633,394.4987
451.18213,400.16116 464.88391,389.68914 476.87698,379.09692
476.80144,386.86403 472.52034,398.68602 467.54949,412.4646
468.03503,413.4248 468.07692,423.82096 463.76897,441.96238
464.49811,460.87779 461.78602,479.0 470.96743,478.69775
467.34044,462.16985 473.98532,456.30558 485.80843,434.78778
498.56108,413.78567 510.74642,392.5 511.79166,378.62154
522.55265,368.39674 536.5,368.00581 549.19011,366.14842
560.21148,359.20041 572.0,354.59265 567.25597,346.90885
553.33186,361.04003 544.97764,361.57278 529.19154,363.39509
508.6675,369.50821 507.75181,388.5 494.77547,414.23548
476.8695,437.55512 466.14092,464.5 466.46759,438.32594
473.4107,412.55813 478.09424,386.80584 485.05877,359.81194
496.96075,334.16766 504.5592,307.59579 506.4556,288.08171
510.85652,267.16573 501.64277,248.5 500.29913,256.97436
494.32866,241.36891 498.99982,257.07733 502.8546,257.53827
497.03881,271.65831 499.75224,271.08575 493.05526,278.20111
494.85702,290.08631 485.22126,294.5 474.71884,302.71434
480.79416,299.09729 466.63531,304.72132 456.21119,314.24488
447.68484,304.26895 438.94501,297.9468 428.87975,290.29143
418.25644,279.80837 415.41266,267.45902 416.32754,252.29217
419.69522,257.06974 419.89635,243.5 415.03155,226.51618
418.35267,230.90979 432.43408,231.82304 450.78142,229.8367
429.99885,230.87502 423.5,227.66284 406.43267,219.42357
393.1729,198.8796 395.11063,178.66548 395.84268,168.52288
395.17133,150.38971 410.36167,153.79452 422.52546,157.66333
421.21943,145.20931 410.71686,143.77181 393.56617,148.36764
411.47824,131.98777 419.82582,139.72707 435.50871,139.99581
410.96862,131.70547 416.6875,127.27958 423.89788,120.69492
427.44489,108.42852 432.26014,105.09964 442.99079,93.921335
429.90416,100.90625 424.3899,108.42197 419.89683,115.52298
404.67904,124.05296 408.72219,131.87043 416.16675,134.69334
395.26854,134.45237 397.47562,145.24112 403.27723,152.82418
386.25052,156.95672 390.0,168.50936 389.89258,190.55109
396.13348,214.69766 415.3463,227.76703 417.02454,241.4869
415.897,255.7976 410.85997,268.33845 409.6823,299.62172
425.38267,327.00529 436.88657,355.0 423.43917,346.52624
411.30813,333.55795 396.89909,327.0 391.99083,332.79451
410.94883,338.12828 414.89659,343.86694 428.38714,353.43209
444.13424,363.58948 444.82094,382.0 451.33623,408.35699
452.34906,435.28562 451.17862,462.34149 452.38332,466.89329
445.7243,479.48702 451.88273,479.0 451.88273,479.0
451.88273,479.0 451.88273,479.0 451.88273,479.0
;
453.48486,471.0 453.48486,471.0 450.6957,487.50062
454.07594,459.79471 454.33604,453.59597 455.19239,438.05242
454.97785,473.64184 453.48486,471.0 453.48486,471.0
453.48486,471.0 453.48486,471.0 453.48486,471.0
;
446.68009,370.0 446.68009,370.0 441.48243,367.08687
436.50249,342.14568 442.42053,359.06133 443.47837,362.58229
446.16659,367.10774 446.68009,370.0 446.68009,370.0
446.68009,370.0 446.68009,370.0 446.68009,370.0
;
460.47232,450.0 460.47232,450.0 467.5583,439.63542
461.26592,436.09751 459.97156,450.0 459.97156,450.0
460.4724,450.0 460.4724,450.0 460.4724,450.0
460.47232,450.0 460.47232,450.0 460.47232,450.0
;
497.02251,441.0 497.02251,441.0 508.70393,440.25315
497.99336,422.33437 490.2068,430.9597 488.66626,436.01533
490.93627,441.51237 497.02251,441.0 497.02251,441.0
497.02251,441.0 497.02251,441.0 497.02251,441.0
;
497.60296,438.32212 497.60296,438.32212 480.66979,434.36104
504.87508,426.28993 497.60296,438.32212 497.60296,438.32212
497.60296,438.32212 497.60296,438.32212 497.60296,438.32212
;
401.39377,434.0 401.39377,434.0 414.5364,432.57052
402.03912,412.31302 395.0,425.0 393.84725,429.68414
396.31121,434.12483 401.39377,434.0 401.39377,434.0
401.39377,434.0 401.39377,434.0 401.39377,434.0
;
483.57756,422.0 483.57756,422.0 498.39876,416.81553
472.4778,406.73517 480.2,420.8 480.77199,422.53713
482.29871,421.96936 483.57756,422.0 483.57756,422.0
483.57756,422.0 483.57756,422.0 483.57756,422.0
;
560.98998,350.41448 560.98998,350.41448 574.08035,345.7534
551.92341,333.3556 554.99997,348.10961 555.4444,349.80695
559.00627,352.00276 560.98998,350.41448 560.98998,350.41448
560.98998,350.41448 560.98998,350.41448 560.98998,350.41448
;
494.0,256.0 494.0,256.0 493.18164,249.48713
485.9463,242.54742 486.18002,231.85175 483.73324,220.15053
484.67536,207.55167 490.5,196.9467 505.72854,201.70843
493.91973,182.16772 490.27864,193.39738 488.38303,189.00768
491.62212,174.43989 492.23684,166.50005 493.15421,144.25219
487.34737,178.38353 489.19842,156.70377 491.09001,140.44296
480.33918,126.59181 477.90489,110.94078 471.01793,102.71242
474.56073,122.69829 477.78928,128.12635 484.70429,133.71435
481.32777,145.34486 483.99997,152.88202 488.54825,161.49638
484.49056,175.11248 486.32756,185.36568 488.08543,200.27473
479.5849,213.06292 467.03775,220.37116 473.71084,221.73653
485.21332,203.67624 481.43119,219.55712 475.05028,232.89743
486.40908,220.30231 480.83788,235.50005 473.72867,255.24988
484.54946,230.69528 483.56265,241.40782 483.85384,250.37144
488.88693,241.69656 493.0,254.24489 493.29175,254.97335
492.30143,260.12418 494.0,256.0 494.0,256.0
494.0,256.0 494.0,256.0 494.0,256.0
;
416.82332,203.60151 416.82332,203.60151 428.12961,204.75792
425.29473,202.32801 424.0,201.7239 440.04425,204.23612
432.89251,204.957 440.51357,199.0 446.88154,205.6404
455.79455,201.10984 450.75572,191.95785 438.17909,188.44371
447.31407,198.39272 441.32856,193.1759 433.71346,192.16924
422.12407,187.86037 416.09108,191.61141 407.73159,192.91567
410.32614,204.17615 416.82332,203.60151 416.82332,203.60151
416.82332,203.60151 416.82332,203.60151 416.82332,203.60151
;
418.56574,179.0 418.56574,179.0 426.54129,177.92832
415.43232,165.62049 415.0,173.22157 423.40796,158.10938
406.55089,175.92471 413.96818,176.12756 414.13286,173.76175
419.68548,177.17473 418.56574,179.0 418.56574,179.0
418.56574,179.0 418.56574,179.0 418.56574,179.0
;
438.83435,179.0 438.83435,179.0 450.49917,179.68998
449.3685,165.02114 438.84615,166.00001 449.49035,174.14338
443.3532,174.32587 438.83435,179.0 438.83435,179.0
438.83435,179.0 438.83435,179.0 438.83435,179.0
;
435.40462,177.49834 435.40462,177.49834 445.62021,172.05681
440.27564,173.98308 433.69095,174.0153 425.73761,173.86512
429.22968,179.75755 435.40462,177.49834 435.40462,177.49834
435.40462,177.49834 435.40462,177.49834 435.40462,177.49834
;
454.94113,157.86888 454.94113,157.86888 469.97325,158.06826
431.54371,153.44006 453.29977,157.90758 453.29977,157.90758
454.94113,157.86888 454.94113,157.86888 454.94113,157.86888
;
458.30902,154.98469 458.30902,154.98469 455.41213,151.65861
481.50537,154.57812 471.67573,146.42829 463.16377,141.39042
443.75899,139.82005 443.0,153.0 449.08613,152.26399
453.45746,153.55919 458.30902,154.98469 458.30902,154.98469
458.30902,154.98469 458.30902,154.98469 458.30902,154.98469
;
475.30902,139.89764 475.30902,139.89764 475.66781,131.79947
462.78044,127.60582 454.01294,129.01284 438.66479,126.82035
435.67336,142.02132 452.03052,137.17803 459.7973,137.01071
467.76846,137.89213 475.30902,139.89764 475.30902,139.89764
475.30902,139.89764 475.30902,139.89764 475.30902,139.89764
;
473.25,136.93251 473.25,136.93251 468.74793,133.65491
444.03387,134.11242 454.87527,132.35405 459.86018,131.65819
471.08223,132.14369 473.25,136.9325 473.25,136.9325
473.25,136.93251 473.25,136.93251 473.25,136.93251
;
440.5,97.913724 440.5,97.913724 447.85176,93.507167
463.40567,96.941133 466.34284,93.528521 457.82606,91.353942
444.4608,89.937644 438.56922,94.112009 446.57094,95.119309
442.16096,95.654327 440.5,97.913724 440.5,97.913724
440.5,97.913724 440.5,97.913724 440.5,97.913724
;
