427.0,480.0 427.0,480.0 284.66667,480.0
142.33333,480.0 0.0,480.0 0.0,320.0
0.0,160.0 0.0,0.0 284.66667,0.0
569.33333,0.0 854.0,0.0 854.0,160.0
854.0,320.0 854.0,480.0 711.66667,480.0
569.33333,480.0 427.0,480.0 427.0,480.0
427.0,480.0 427.0,480.0 427.0,480.0
;
209.58773,479.0 209.58773,479.0 213.21645,471.61034
207.8561,457.65285 210.73865,447.7127 214.86993,418.85812
212.03781,388.50358 225.95827,361.8384 233.61815,335.76557
238.07274,305.10017 262.30481,288.52526 277.53293,277.67194
296.82441,268.63759 301.22971,248.5 308.63275,231.44724
309.49491,212.11579 313.11629,193.86228 302.17169,181.789
314.9653,166.34969 309.33425,152.76903 304.93077,135.20018
320.77329,120.55464 320.87076,103.11243 327.37309,86.401829
338.41816,72.615906 349.68408,58.71055 363.72377,46.444145
383.24729,35.706749 402.20444,38.47957 417.7238,45.349536
436.35561,48.256386 446.57489,63.812023 457.61353,77.328446
464.99024,94.895914 467.0224,112.0 471.02124,113.25972
467.83414,129.45365 470.86654,127.54186 472.43464,115.31
472.95136,153.69192 474.37488,141.61269 473.69262,128.93649
478.34874,157.72339 478.39987,162.4593 478.71655,183.1073
478.94153,204.37937 473.74377,224.22361 480.05772,232.53372
476.20208,247.58165 488.75134,252.12211 498.79568,256.9492
497.3091,257.68226 504.21151,265.0 503.67942,260.86065
496.20216,257.03709 508.61025,261.89505 517.20865,266.00072
529.03579,274.18508 532.52729,281.74729 535.40946,290.9128
547.16533,298.44456 547.2666,310.42789 550.77498,326.73902
555.40934,342.63918 557.90119,359.1607 565.84216,381.13217
563.60203,404.40605 562.65385,427.10193 567.90808,438.01963
564.86232,447.59935 563.37522,457.54114 566.95798,461.52342
564.8519,488.08171 568.41456,473.75 569.07111,462.93198
563.1069,452.98696 569.95483,443.21788 564.99948,430.76425
564.59482,417.17952 566.56596,403.76384 568.69147,379.20405
558.92668,355.7551 555.62601,331.76077 549.23585,315.2775
550.83501,294.60231 534.96095,283.26543 536.14668,273.13145
520.62246,266.58337 513.59755,260.45424 503.29788,256.88217
497.26493,253.55003 488.50003,249.13943 505.66467,256.86176
472.28433,234.1164 487.8258,242.77681 489.09361,241.98306
476.9597,228.23038 483.25003,230.44036 480.2385,236.50957
479.84992,223.08634 484.63791,220.49886 477.77872,204.27996
483.24078,187.1377 483.41066,170.62476 476.92349,138.63752
482.53155,102.82038 461.6057,75.226573 458.43961,72.717208
442.39565,54.142316 452.25918,61.748313 459.31331,66.180335
440.77205,48.756333 434.83262,47.57246 437.56204,41.15713
429.68924,27.450857 436.51784,32.971138 443.43384,45.217064
435.53831,22.003914 428.79466,30.415307 436.84375,44.324653
430.77165,29.197263 428.93401,41.214386 427.68887,48.034336
419.23629,35.092178 409.35376,34.416787 396.12909,36.347749
400.32234,22.920939 397.78545,32.89556 372.6741,34.956518
348.60121,49.342849 335.71353,71.5 323.11197,83.814287
316.24793,100.10729 314.02684,117.3273 308.00022,132.67173
300.71857,147.88912 302.5,164.81078 305.14595,166.0082
299.38013,182.98798 305.38801,188.24651 311.56474,197.71619
303.22451,209.04025 302.83857,219.38977 301.71477,223.77961
289.02249,240.40466 297.08646,234.44213 304.13852,220.39652
306.04275,228.25413 299.13554,233.80217 298.38204,238.69629
299.83322,244.75646 292.63393,249.66964 289.22958,242.20662
291.66719,256.33046 289.03333,260.36667 288.28808,260.36578
297.27148,245.56979 293.42997,255.88669 290.14039,263.06647
280.85893,272.74754 272.88197,277.0 275.27889,275.82544
262.74708,281.44837 265.86955,282.0 256.83738,284.98341
261.38575,285.02805 258.0,287.14847 236.1899,305.4818
230.45271,334.02222 223.4784,360.08545 212.45154,382.39579
210.88805,407.17734 209.69046,431.49241 207.35632,447.2254
207.47253,463.14447 208.0,479.0 208.0,479.0
209.58773,479.0 209.58773,479.0 209.58773,479.0
;
479.8439,223.0 479.8439,223.0 482.06488,223.92589
476.5417,196.58088 482.09765,213.46206 481.12925,216.51641
481.87346,220.36917 479.8439,223.0 479.8439,223.0
479.8439,223.0 479.8439,223.0 479.8439,223.0
;
352.0,479.0 352.0,479.0 356.52586,470.36999
354.61961,480.62822 356.66685,474.41729 358.1205,480.91744
358.09319,470.36886 364.0,479.0 367.5668,467.14375
347.40216,466.28817 350.0,478.41155 349.60457,479.6698
351.14783,478.98935 352.0,479.0 352.0,479.0
352.0,479.0 352.0,479.0 352.0,479.0
;
416.48176,478.75 416.48176,478.75 419.96626,473.81934
421.88631,459.29886 430.40432,454.03277 433.18584,457.07955
427.12489,484.49799 432.375,475.87497 434.13664,421.2634
445.80966,367.43044 454.11817,313.49997 449.36481,289.11921
452.74543,262.40475 439.18795,240.49997 438.35918,229.47013
435.40749,217.83779 445.18161,209.81726 448.49646,205.83158
450.15333,191.64166 458.92742,190.36511 463.48149,179.75569
454.30483,173.80277 457.49999,185.99997 448.291,180.73428
458.9882,166.66219 457.98692,156.50442 460.26798,130.24808
448.65266,105.98023 441.94558,81.212432 426.71121,76.32378
449.33668,91.052365 439.69175,93.69824 442.95365,111.77023
445.09175,95.374869 445.72942,110.83911 452.3469,123.17973
452.78733,139.94311 453.83894,154.40644 453.02082,169.61198
447.10122,184.14379 446.21007,199.25396 443.26504,210.2887
431.8218,220.69197 426.91118,227.0 439.12214,214.39816
434.97224,235.57963 435.54245,243.4248 436.29577,249.67123
444.3079,246.75164 442.5,262.33721 442.05483,274.21113
442.17465,285.72503 446.78842,295.78695 445.91175,305.0923
435.33473,308.31255 425.81398,313.57962 415.7594,318.9071
404.10507,321.43074 394.23687,314.1822 376.5128,306.45127
359.4662,292.30601 352.0,274.55739 353.98078,259.4505
348.3613,256.91827 349.35631,273.40743 349.30691,302.67917
360.33086,330.01974 373.71977,355.50001 378.92174,366.49745
385.20138,376.99269 390.05055,389.29531 369.75732,373.88901
346.36762,363.05923 325.12528,349.0 314.90268,343.47733
321.37579,355.81872 322.0567,354.0 308.55244,357.31013
325.30024,373.60257 328.68783,360.81086 332.68639,354.72893
344.91804,369.67868 352.20641,370.96623 370.49706,382.92971
395.28506,391.14703 401.24359,414.72912 406.98704,435.69721
408.4405,457.89088 413.96353,478.75 413.96353,478.75
415.92283,478.75 415.92283,478.75 415.92283,478.75
416.48176,478.75 416.48176,478.75 416.48176,478.75
;
415.78121,474.0 415.78121,474.0 413.11276,474.37375
413.97484,452.23149 411.11705,444.56702 403.70439,433.73642
422.00842,431.15283 427.33015,424.51384 439.65912,414.6704
425.94548,438.51755 427.05179,444.27842 427.51694,456.14197
416.28617,462.46794 415.78121,474.0 415.78121,474.0
415.78121,474.0 415.78121,474.0 415.78121,474.0
;
429.86662,452.0 429.86662,452.0 427.43474,447.47547
435.19854,425.93535 431.89473,444.34962 430.88792,446.20768
432.14418,451.74845 429.86662,452.0 429.86662,452.0
429.86662,452.0 429.86662,452.0 429.86662,452.0
;
416.0,429.11978 416.0,429.11978 406.5257,436.16336
425.78013,416.8812 430.70358,413.80123 442.86166,411.05783
420.5987,425.98101 416.00006,429.11978 416.00006,429.11978
416.0,429.11978 416.0,429.11978 416.0,429.11978
;
409.97485,430.01346 409.97485,430.01346 405.76711,430.73083
404.0801,408.93186 407.98467,414.21788 406.17962,402.4469
393.21088,397.1262 391.18649,384.98939 386.04157,376.54214
385.05385,365.42593 378.48498,359.18871 371.69266,341.40025
360.66909,325.63318 356.60325,306.5 362.78448,313.51621
374.29213,319.37311 378.59544,324.39846 387.23563,325.13655
404.5172,332.35109 385.95403,323.8403 374.55481,317.96683
360.87732,310.69585 355.10922,299.21827 352.47988,286.12333
352.44983,282.19354 359.5072,290.90466 360.17955,297.09302
363.23585,295.32796 373.46208,304.58857 386.46203,313.84401
402.24616,323.52819 418.34164,323.49029 428.63729,321.34638
438.82257,314.3976 444.92744,308.97601 447.78883,291.41531
442.51051,323.39556 444.82954,321.39497 445.74863,327.01253
433.28717,337.66297 429.99948,345.43168 438.12896,335.78016
444.85479,332.71608 442.2074,343.53758 435.06425,352.85169
440.87578,362.08188 438.91061,371.5 440.83849,381.60102
428.28216,394.0286 432.10479,400.43524 427.99966,397.10307
443.37062,391.18691 435.00001,397.88197 435.20966,409.27216
421.20595,414.87651 415.87919,424.30937 413.87725,426.14993
412.72451,429.11945 409.97489,430.01346 409.97489,430.01346
409.97485,430.01346 409.97485,430.01346 409.97485,430.01346
;
420.40499,380.99033 420.40499,380.99033 415.914,374.81057
403.4923,365.28945 400.27658,354.45965 395.35486,344.67273
387.13514,337.33514 380.29052,331.37582 385.74211,342.52536
398.34879,351.69625 402.82828,364.68394 406.24666,372.99518
414.1317,376.88149 420.40499,380.99033 420.40499,380.99033
420.40499,380.99033 420.40499,380.99033 420.40499,380.99033
;
404.61426,374.0 404.61426,374.0 398.63945,363.7174
397.9817,356.31598 391.16757,350.70031 377.3179,337.02466
384.89046,346.21939 392.62249,356.09633 397.53081,361.537
398.54086,369.68114 404.61426,374.0 404.61426,374.0
404.61426,374.0 404.61426,374.0 404.61426,374.0
;
441.9648,364.9499 441.9648,364.9499 436.07007,361.71139
443.14849,346.67461 445.03908,339.42411 445.78086,325.12297
449.46238,322.76032 446.80703,338.44723 445.4359,347.76105
443.46345,352.31967 442.73275,363.5 442.73275,363.5
441.96472,364.9499 441.96472,364.9499 441.96472,364.9499
441.9648,364.9499 441.9648,364.9499 441.9648,364.9499
;
416.64333,320.61599 416.64333,320.61599 407.8667,320.41965
433.76852,315.38005 437.16589,310.21871 447.69895,303.27143
427.98752,320.13531 421.50177,319.8957 420.05035,320.7568
418.21402,320.17846 416.64333,320.61599 416.64333,320.61599
416.64333,320.61599 416.64333,320.61599 416.64333,320.61599
;
447.66667,289.0 447.66667,289.0 442.08999,280.1261
451.28381,274.12069 447.66667,289.0 447.66667,289.0
447.66667,289.0 447.66667,289.0 447.66667,289.0
;
443.36344,479.0 443.36344,479.0 450.76354,474.29326
452.77945,460.49913 457.33192,451.98636 463.62028,432.26985
475.25725,414.93135 478.68454,394.35738 488.73925,378.51014
510.01139,377.49022 523.28156,365.01258 539.98881,354.19542
520.79286,358.00818 513.73963,366.17857 499.17733,376.09342
475.30783,379.13933 472.10224,400.03005 468.11076,420.12625
456.21889,437.33127 450.24556,456.81981 450.41818,461.71984
436.42382,478.31155 443.36344,479.0 443.36344,479.0
443.36344,479.0 443.36344,479.0 443.36344,479.0
;
465.77749,467.0 465.77749,467.0 478.24964,468.62907
472.31568,448.35348 462.68426,455.1497 455.68297,457.29649
459.26749,468.1099 465.77749,467.0 465.77749,467.0
465.77749,467.0 465.77749,467.0 465.77749,467.0
;
464.43664,464.0 464.43664,464.0 458.41834,458.35324
470.91357,451.75797 464.43664,464.0 464.43664,464.0
464.43664,464.0 464.43664,464.0 464.43664,464.0
;
447.08726,449.0 447.08726,449.0 460.77068,446.86898
441.79957,429.95148 441.94635,445.35692 442.05143,447.69644
444.58419,449.86946 447.08726,449.0 447.08726,449.0
447.08726,449.0 447.08726,449.0 447.08726,449.0
;
519.25,356.92105 519.25,356.92105 531.93204,353.70728
515.16276,337.86998 514.0153,350.95 513.18478,354.36997
516.09676,356.73484 519.25,356.92105 519.25,356.92105
519.25,356.92105 519.25,356.92105 519.25,356.92105
;
325.62244,298.0 325.62244,298.0 334.63062,286.8295
314.22324,294.27568 325.62244,298.0 325.62244,298.0
325.62244,298.0 325.62244,298.0 325.62244,298.0
;
367.72814,282.6052 367.72814,282.6052 365.18036,272.45441
359.72137,268.31714 366.14414,281.35125 366.93104,279.54566
366.88653,284.88066 367.72814,282.6052 367.72814,282.6052
367.72814,282.6052 367.72814,282.6052 367.72814,282.6052
;
362.02507,268.0 362.02507,268.0 359.1549,251.75391
366.05736,257.94275 363.79966,253.84634 358.50036,245.11827
363.18236,233.30482 358.42264,223.46414 374.05395,232.72263
355.43552,217.51333 352.68589,210.9568 342.85414,194.01067
338.5981,173.84605 337.67498,154.62163 338.98414,143.92587
342.641,131.36491 349.6482,123.8525 361.04921,118.01246
373.30586,124.64036 385.0,125.0 370.84502,111.37938
393.69453,131.76101 387.20041,120.00604 376.84599,114.33716
362.64602,106.91123 351.5,115.03709 366.22354,100.48126
379.3274,83.706837 396.00529,71.372498 405.04317,67.098163
416.04388,66.697028 424.37876,70.644369 432.10623,71.664613
435.92722,77.323144 429.08761,67.827817 421.11731,67.733517
411.59378,60.791481 402.18467,64.623457 376.67611,69.721957
364.49623,95.412645 348.85506,113.49993 341.46785,127.84467
328.90072,141.35047 333.72229,158.78179 333.10388,167.22377
342.51886,185.86886 336.54063,188.03365 336.39439,175.5443
330.61311,180.67864 335.97807,190.85819 343.73429,196.20672
344.57314,209.75295 352.49155,217.04554 358.73233,226.4985
351.54848,239.5569 357.9699,249.49993 357.69446,255.45421
361.24273,276.73135 362.02506,267.99993 362.02506,267.99993
362.02507,268.0 362.02507,268.0 362.02507,268.0
;
351.75,119.48516 351.75,119.48516 343.98403,115.90255
369.8536,112.37219 372.55769,117.77565 366.25158,119.77384
358.33972,117.3904 351.75,119.48516 351.75,119.48516
351.75,119.48516 351.75,119.48516 351.75,119.48516
;
381.83596,80.0 381.83596,80.0 382.35958,70.312342
396.73281,68.661385 382.67191,80.0 382.67191,80.0
381.83596,80.0 381.83596,80.0 381.83596,80.0
;
378.87144,235.0 378.87144,235.0 371.7167,224.5047
361.41129,225.41943 378.87144,235.0 378.87144,235.0
378.87144,235.0 378.87144,235.0 378.87144,235.0
;
412.80422,235.0 412.80422,235.0 424.02851,230.02119
428.66952,222.26264 415.25,232.18572 414.80187,232.59578
409.89107,234.85492 412.80422,235.0 412.80422,235.0
412.80422,235.0 412.80422,235.0 412.80422,235.0
;
377.75,206.99368 377.75,206.99368 381.69908,201.04801
397.18381,209.70735 406.40994,205.53896 415.43738,207.54694
421.75114,196.02735 412.03394,193.58804 398.11849,181.163
409.46916,190.03325 407.9606,193.48749 406.3037,195.79289
393.04861,188.13932 385.04523,192.05079 377.2477,191.94253
385.18506,183.61516 373.0,197.33922 372.46349,200.37842
374.81822,206.46519 377.75,206.99368 377.75,206.99368
377.75,206.99368 377.75,206.99368 377.75,206.99368
;
390.12244,205.0 390.12244,205.0 374.25557,203.18589
387.41353,195.31357 386.72156,202.04042 386.54769,205.3081
393.48056,199.57966 390.12244,205.0 390.12244,205.0
390.12244,205.0 390.12244,205.0 390.12244,205.0
;
403.71862,203.92971 403.71862,203.92971 397.60502,204.08219
400.90997,195.1734 408.0,201.39998 407.64573,204.60144
402.92714,199.2925 403.71862,203.92971 403.71862,203.92971
403.71862,203.92971 403.71862,203.92971 403.71862,203.92971
;
382.75,176.93797 382.75,176.93797 378.2413,175.31147
372.78298,165.74671 380.07488,163.74155 370.33764,172.12781
394.55127,179.8835 389.52646,172.0 383.16673,169.7692
378.48099,173.14065 381.48807,161.96223 373.95034,155.68424
369.60013,178.37445 382.74954,176.93793 382.74954,176.93793
382.75,176.93797 382.75,176.93797 382.75,176.93797
;
404.56574,176.99997 404.56574,176.99997 415.29421,172.68241
417.2957,167.34597 408.8747,160.49997 415.67816,168.67951
410.10209,173.43594 404.56581,176.99997 404.56581,176.99997
404.56574,176.99997 404.56574,176.99997 404.56574,176.99997
;
403.33658,173.78298 403.33658,173.78298 413.40262,167.86314
409.26069,165.20414 404.34853,170.4914 398.02794,165.19729
393.02854,175.11894 403.33658,173.78298 403.33658,173.78298
403.33658,173.78298 403.33658,173.78298 403.33658,173.78298
;
420.90499,148.98469 420.90499,148.98469 431.23821,148.54039
401.21766,142.25052 420.90499,148.98469 420.90499,148.98469
420.90499,148.98469 420.90499,148.98469 420.90499,148.98469
;
430.5,143.47054 430.5,143.47054 447.09317,146.69522
447.61166,131.41146 431.70882,130.90826 422.93891,129.60395
412.87536,131.79376 409.7464,141.14635 416.53155,142.63736
421.74459,143.49239 430.5,143.47054 430.5,143.47054
430.5,143.47054 430.5,143.47054 430.5,143.47054
;
369.23229,142.66419 369.23229,142.66419 386.56591,147.87871
379.51025,129.29892 367.54076,129.56544 360.85307,128.37037
345.11175,130.99458 347.18732,138.6159 353.01863,143.31838
362.06457,142.90836 369.23229,142.66419 369.23229,142.66419
369.23229,142.66419 369.23229,142.66419 369.23229,142.66419
;
447.30902,126.9331 447.30902,126.9331 443.71016,119.71824
427.8002,120.37418 418.77159,119.10492 422.32633,118.36222
434.93993,115.57421 442.1393,120.08504 451.96948,127.37865
436.40126,110.19715 430.44995,114.00244 424.85156,112.01195
401.31217,118.4435 411.86682,119.74488 419.83534,117.81825
402.6732,128.92421 421.5,123.72855 430.4401,123.65915
438.94255,123.37261 447.30902,126.9331 447.30902,126.9331
447.30902,126.9331 447.30902,126.9331 447.30902,126.9331
;
439.80253,78.999839 439.80253,78.999839 438.04622,63.277857
433.84045,75.874737 439.80253,78.999839 439.80253,78.999839
439.80253,78.999839 439.80253,78.999839 439.80253,78.999839
;
449.21575,47.685156 449.21575,47.685156 455.59837,48.907442
439.78978,38.759937 449.21572,47.685156 449.21572,47.685156
449.21575,47.685156 449.21575,47.685156 449.21575,47.685156
;
