427.0,480.0 427.0,480.0 284.66667,480.0
142.33333,480.0 0.0,480.0 0.0,320.0
0.0,160.0 0.0,0.0 284.66667,0.0
569.33333,0.0 854.0,0.0 854.0,160.0
854.0,320.0 854.0,480.0 711.66667,480.0
569.33333,480.0 427.0,480.0 427.0,480.0
427.0,480.0 427.0,480.0 427.0,480.0
;
275.09106,479.0 275.09106,479.0 276.03144,474.46576
267.83393,458.51921 270.63649,448.78681 269.18621,422.26588
270.34708,395.9173 274.71831,369.70937 276.73972,347.6629
287.6443,327.58351 291.90875,305.8946 296.37605,285.76282
313.25814,271.88383 330.87493,262.93833 344.91531,246.80553
345.80055,224.20794 349.35573,204.0332 342.97618,195.01427
351.61173,183.43808 345.2812,174.13732 345.2191,160.2253
356.13651,149.3074 355.88738,135.75015 364.38587,119.82592
374.13742,104.49551 386.74319,91.5 400.18091,82.960768
416.25432,77.031143 431.67452,84.355323 459.82095,90.921453
468.31957,122.6533 475.29839,146.96741 484.82272,172.4884
480.6615,199.99103 483.8628,226.26257 486.13943,238.27236
493.80611,253.12213 503.9998,256.08253 514.4916,259.84108
522.3269,266.92701 530.4794,274.42698 531.56495,283.90628
543.8226,290.79013 542.9998,302.47291 549.2714,325.01202
555.95037,347.98929 558.10958,371.41817 557.41042,386.79087
558.00264,402.45928 558.63285,417.544 552.3766,431.91035
561.19571,447.84687 557.15306,463.06534 554.22141,479.78747
563.36654,482.206 560.52008,463.83215 561.99945,450.72026
559.70712,437.50383 559.62201,424.64337 564.72517,410.48529
558.72783,394.96007 561.02095,380.08174 562.40554,357.16132
554.02356,335.36624 549.50331,313.3208 544.68729,301.20607
544.92208,286.47766 533.67469,277.89752 534.02329,268.68612
522.16558,262.70414 514.70647,258.00237 505.38949,254.2005
498.29661,250.16093 494.0,241.78602 499.9718,243.60316
483.83349,229.04487 491.0977,230.48944 486.88239,228.88721
483.385,212.82497 490.13478,226.0 482.26171,205.55113
489.11978,183.39135 482.79495,162.55644 480.58232,140.90932
478.24874,116.25099 460.0,101.6694 465.97447,97.981195
449.65967,90.835206 445.96798,84.816242 444.4786,67.520882
447.47297,80.620863 440.06277,84.0 440.43947,80.887628
424.39773,75.914474 416.71194,76.677887 394.49254,77.848675
375.43761,93.329404 365.6377,112.89521 356.83094,122.90158
351.10433,135.13795 349.83854,148.25236 339.97747,163.45955
341.1742,182.45872 342.87461,199.44597 348.42469,214.07686
336.72881,229.44092 333.93412,244.12205 323.33629,260.72693
332.56258,256.47365 336.41569,241.56253 343.01165,226.95327
336.8707,245.65285 335.4086,249.48774 332.80644,258.26866
324.85467,261.31782 320.28224,264.939 310.88345,269.72468
307.38256,273.56003 300.15376,282.58207 284.87444,302.63059
284.74241,329.34137 274.65581,351.93786 270.32832,371.97974
269.03721,392.79959 267.12975,413.1654 268.73572,435.11933
264.68123,458.0315 272.93721,479.00005 272.93721,479.00005
274.89651,479.00005 274.89651,479.00005 274.89651,479.00005
275.09104,479.00005 275.09104,479.00005 275.09104,479.00005
275.09106,479.0 275.09106,479.0 275.09106,479.0
;
426.37117,479.0 426.37117,479.0 429.83947,471.33958
431.06165,458.4016 433.27947,448.6092 434.08252,444.78073
425.73042,430.99524 430.0,429.62597 432.34179,440.55981
430.85143,415.07792 438.00386,412.0 442.25107,411.17938
438.18533,434.2294 439.17841,442.75305 437.92951,453.63271
443.76984,449.05801 438.3425,463.5 436.55694,475.17647
443.11902,485.75002 441.20048,468.8088 441.82352,439.5157
458.90035,414.95307 469.4772,388.68719 478.57879,376.82713
473.10589,355.85244 490.67332,351.12597 502.58451,348.13081
516.88451,345.14704 524.99991,335.84501 515.63482,334.02871
505.4075,345.96952 494.32996,345.76006 480.07497,347.76972
471.47197,360.69873 471.13088,374.5 461.91284,396.30931
450.91099,417.12553 442.2624,439.23373 440.2743,421.84414
443.5511,402.70337 445.91417,384.79146 449.09719,354.97477
459.42267,326.06453 462.77686,296.62973 461.32657,276.15832
463.19847,253.89937 452.60826,235.83908 449.02054,223.2724
455.43485,213.89236 460.16574,202.99558 469.15058,202.35855
468.0018,182.61794 464.36953,190.5 462.76703,199.58825
461.84439,179.26079 465.01809,173.09736 467.95575,152.52979
456.45277,133.51823 452.49998,113.74873 443.62262,99.105932
451.41248,113.40211 445.00007,112.80083 449.94355,120.31387
451.47355,128.51027 454.00807,136.5 465.54765,157.78933
459.38015,183.83188 454.37466,206.27073 451.01235,217.02007
442.79508,224.41985 433.38215,228.78668 418.32603,236.99441
435.9279,230.63089 441.93877,225.5471 454.30207,217.32775
446.1811,239.64993 448.16411,244.49688 453.62307,235.11272
454.77659,251.47869 455.90877,258.89571 453.2829,271.97432
454.166,273.84982 458.00141,285.13238 453.32969,293.25689
444.66371,295.17653 435.65948,298.44787 423.60937,304.34495
412.07909,293.91581 402.22637,287.78846 390.2535,279.20123
379.94706,266.06472 382.859,250.5 376.30654,268.25323
381.61766,288.39669 386.86823,305.97266 393.88413,320.84249
400.69513,335.8116 406.99992,350.9944 391.8261,338.97405
374.63067,329.95535 358.81373,318.85747 349.87557,316.00464
359.67853,319.28358 351.99992,327.88082 357.79679,340.33316
361.73403,320.95554 368.2653,330.35164 387.95177,343.37316
416.01159,354.04241 417.77231,381.29784 421.24439,411.13272
431.76481,440.71171 425.70112,470.88607 426.35392,472.6454
423.10961,479.55283 426.37117,479.0 426.37117,479.0
426.37117,479.0 426.37117,479.0 426.37117,479.0
;
429.08137,425.44971 429.08137,425.44971 424.4391,419.96451
426.98173,406.60804 424.65766,398.7231 418.98108,389.19817
436.63936,387.91183 441.28018,381.92766 442.01464,385.82535
437.24773,401.69838 435.01155,409.98622 431.96855,414.81928
430.42428,420.77991 429.08137,425.44971 429.08137,425.44971
429.08137,425.44971 429.08137,425.44971 429.08137,425.44971
;
424.75,387.48266 424.75,387.48266 421.5241,384.84046
418.59226,377.94204 431.5,378.45443 425.01705,381.2008
415.20235,372.38403 422.00001,371.13016 417.50295,362.58263
410.37803,355.74503 408.37254,345.52257 401.09906,326.77406
389.75042,309.46868 386.00001,289.65133 389.41712,296.66679
402.18532,300.3158 403.19399,304.0453 409.13577,305.55705
426.36024,312.0908 411.01678,304.57838 399.40207,297.90075
381.78561,290.31441 384.00285,274.49912 385.87624,272.54095
392.46755,285.34746 400.10869,289.30297 413.25758,297.72547
429.46323,309.62378 445.23545,300.33819 456.2413,290.5566
460.78029,291.15267 454.06638,306.4284 451.09157,312.43674
434.18565,328.52963 448.44664,317.17838 457.94111,303.0236
454.55413,317.5515 451.18256,325.99995 455.38414,330.91773
447.32524,342.68841 447.06981,350.72425 437.48431,363.80243
446.93162,357.88858 444.72708,366.49995 442.20301,374.90929
440.2533,370.01201 436.39984,375.83804 439.23247,379.26438
431.27931,382.56547 443.99921,374.99999 443.27581,380.32291
418.82084,394.13598 433.13065,382.25629 430.91049,380.81752
427.68524,386.80373 424.75,387.48266 424.75,387.48266
424.75,387.48266 424.75,387.48266 424.75,387.48266
;
433.90222,348.99572 433.90222,348.99572 425.18209,341.65596
419.29693,329.20866 412.7781,318.89942 404.65968,306.56184
397.8727,305.47882 409.55032,318.84232 418.06565,328.70806
420.42789,344.04196 433.90222,348.99576 433.90222,348.99576
433.90222,348.99572 433.90222,348.99572 433.90222,348.99572
;
421.61252,344.0 421.61252,344.0 418.3356,335.23216
411.54089,321.38576 404.0,317.34233 411.16544,325.18559
414.72124,336.188 421.61252,344.0 421.61252,344.0
421.61252,344.0 421.61252,344.0 421.61252,344.0
;
434.79274,479.0 434.79274,479.0 438.96721,473.90973
436.73787,460.29225 437.34651,452.10148 436.39949,431.79387
432.37126,456.17108 433.4388,463.75 434.52115,467.47438
430.22454,479.0028 434.79274,479.0 434.79274,479.0
434.79274,479.0 434.79274,479.0 434.79274,479.0
;
382.5,426.0105 382.5,426.0105 391.85782,422.10298
381.47559,407.51904 375.44233,416.6735 371.09262,420.88941
377.44693,428.71228 382.5,426.0105 382.5,426.0105
382.5,426.0105 382.5,426.0105 382.5,426.0105
;
382.61832,421.81025 382.61832,421.81025 373.50575,422.83396
382.36733,410.77675 382.85121,421.57736 382.85121,421.57736
382.61832,421.81025 382.61832,421.81025 382.61832,421.81025
;
469.1197,420.0 469.1197,420.0 480.53897,420.89284
471.95283,403.19777 464.56613,410.32802 459.79941,412.93952
463.67869,421.62814 469.1197,420.0 469.1197,420.0
469.1197,420.0 469.1197,420.0 469.1197,420.0
;
453.25719,403.81282 453.25719,403.81282 466.89599,394.46419
438.27179,394.61593 451.96462,403.93751 451.96462,403.93751
453.25719,403.81282 453.25719,403.81282 453.25719,403.81282
;
515.49508,333.79508 515.49508,333.79508 528.13538,328.14794
504.01037,319.69776 511.24508,332.84508 511.98539,335.05116
513.99194,333.71998 515.49508,333.79508 515.49508,333.79508
515.49508,333.79508 515.49508,333.79508 515.49508,333.79508
;
391.69547,262.0 391.69547,262.0 392.0972,250.86939
391.58213,237.74876 389.72142,226.0 392.99052,225.16443
410.46799,237.9845 402.3438,230.25753 395.29747,224.51099
387.18634,222.13452 382.31575,212.5 372.83011,193.04742
368.67139,168.19178 381.10142,149.01609 389.64305,143.12074
403.95767,151.38504 410.9847,147.87723 410.8149,136.75856
383.85925,142.32553 389.91126,136.2247 396.05812,130.25373
402.00951,121.4197 407.86698,117.33332 410.62017,109.85207
421.94451,103.61696 428.00003,106.0 416.82193,110.7929
440.87412,102.799 445.00003,107.95712 442.36679,100.2631
429.91265,101.79078 423.12123,101.36215 410.68817,105.30281
404.62088,108.02406 399.80342,116.80929 386.5855,129.92248
376.89658,146.49465 368.67669,162.73278 366.57889,174.78498
370.92061,186.74618 373.28852,198.48432 367.9738,186.61681
367.45559,195.0135 373.68751,202.69707 375.41554,214.61306
389.66022,220.34569 386.00003,233.09597 387.47852,243.56622
385.80821,250.11786 389.20739,259.20831 389.97631,259.86327
390.52252,262.10662 391.69547,262.0 391.69547,262.0
391.69547,262.0 391.69547,262.0 391.69547,262.0
;
383.44534,144.65935 383.44534,144.65935 380.48269,138.1853
406.87422,144.97032 385.16357,144.0 385.16357,144.0
383.44534,144.65935 383.44534,144.65935 383.44534,144.65935
;
413.5,218.90574 413.5,218.90574 432.38312,217.27837
392.99169,215.50606 413.4181,218.90474 413.4181,218.90474
413.5,218.90574 413.5,218.90574 413.5,218.90574
413.5,218.90574 413.5,218.90574 413.5,218.90574
;
403.60328,213.0 403.60328,213.0 402.03642,207.95179
409.93946,201.84559 411.83806,209.116 409.08246,212.09808
425.40695,211.06468 416.43974,209.1515 427.53185,201.55178
425.55768,214.25242 435.19243,205.16629 432.89405,196.89494
415.30913,192.97256 415.44287,196.67641 431.19931,195.28761
424.90191,202.99694 412.40986,199.00002 399.40659,203.17858
410.93544,195.27185 411.54253,195.14738 403.76372,195.16398
392.23088,206.23026 402.13619,213.00005 402.13619,213.00005
403.60328,213.00005 403.60328,213.00005 403.60328,213.00005
403.60328,213.0 403.60328,213.0 403.60328,213.0
;
406.35736,188.0 406.35736,188.0 395.04001,176.02327
411.15586,192.59706 412.34575,182.5 403.42078,182.5976
404.07375,180.84092 404.51104,176.75 401.09021,171.57943
395.45855,188.95621 406.35736,188.0 406.35736,188.0
406.35736,188.0 406.35736,188.0 406.35736,188.0
;
422.25,185.45382 422.25,185.45382 432.20299,176.90454
424.03658,181.71879 415.33872,183.45106 416.71766,182.67705
419.6598,186.6697 422.25,185.45382 422.25,185.45382
422.25,185.45382 422.25,185.45382 422.25,185.45382
;
397.11012,167.85017 397.11012,167.85017 411.51698,162.77207
401.245,148.51199 389.01661,151.72192 374.97944,153.75199
378.82322,164.92485 390.2144,163.1434 395.03924,162.31207
408.51679,158.77697 395.75808,165.67642 386.73481,163.104
391.26975,168.17724 397.11012,167.85017 397.11012,167.85017
397.11012,167.85017 397.11012,167.85017 397.11012,167.85017
;
437.5,166.90574 437.5,166.90574 450.02097,167.1597
418.46123,158.79001 438.3593,162.0 452.04363,165.66256
461.62951,152.27808 443.01355,152.0 434.00338,148.823
420.39307,159.21752 432.36927,165.60684 433.96555,166.2504
435.66328,167.28052 437.5,166.90574 437.5,166.90574
437.5,166.90574 437.5,166.90574 437.5,166.90574
;
454.25,148.96959 454.25,148.96959 457.16922,143.07616
436.95762,144.33174 430.5,143.46169 436.19447,139.97167
455.94799,146.27278 452.2547,142.15026 443.11791,136.05545
427.70563,138.79907 421.0,146.21418 424.67161,143.45447
433.65518,150.46413 445.20396,146.89749 449.04179,145.30234
450.78626,149.37899 454.25,148.96959 454.25,148.96959
454.25,148.96959 454.25,148.96959 454.25,148.96959
;
