128.5,480.0 128.5,480.0 85.666667,480.0
42.833333,480.0 0.0,480.0 0.0,320.0
0.0,160.0 0.0,0.0 284.66667,0.0
569.33333,0.0 854.0,0.0 854.0,160.0
854.0,320.0 854.0,480.0 749.92433,480.0
645.84867,480.0 541.773,480.0 544.20508,466.00509
545.65362,451.19399 540.18942,437.71458 548.38228,425.45546
532.79077,415.34104 535.70432,402.41338 536.6376,384.74079
529.25889,368.2201 531.9987,350.5 528.32966,333.25194
531.056,312.05984 515.0,300.4243 514.67154,289.3546
499.8768,283.73736 490.63667,280.84343 480.20663,280.35033
473.72361,275.59558 471.47766,270.60733 467.93957,260.96151
477.99943,265.01872 475.23762,256.90518 486.24058,235.42924
483.20756,209.23758 483.95223,185.5 478.73988,165.56961
484.23661,141.68245 468.04434,125.76317 460.71393,120.92244
453.35602,116.53922 451.49425,106.0 453.76316,95.536417
432.63145,86.585097 435.5,93.361626 433.8546,98.231897
440.07239,93.82509 443.0,101.0 435.83128,105.7924
428.59205,100.58064 430.04067,96.0 426.83362,101.58758
416.74687,93.008552 408.5,94.729797 412.98076,88.998734
397.6136,93.712033 405.58852,94.604317 381.61468,98.328683
356.68611,111.7929 350.60611,137.03667 346.41775,150.61308
342.3718,163.7159 334.0,175.07097 333.35695,186.36859
326.10148,189.95379 323.07671,198.49076 318.49783,208.229
318.51946,220.09242 322.20039,230.1371 327.76633,230.46035
322.44701,248.58813 322.28709,255.85478 315.41203,267.42666
314.22181,281.5072 306.65089,291.50425 301.75441,300.45985
299.63987,300.92269 297.61008,310.28969 291.74115,314.35174
290.63607,327.791 283.27202,335.10902 289.29205,326.21187
285.25349,323.33264 281.00004,335.08022 276.34535,346.72133
271.4334,357.96604 265.00989,369.50054 255.29168,397.63639
261.5546,428.26888 257.62926,457.45961 255.48565,465.43028
262.84785,483.71331 249.16265,480.00004 208.94175,480.00004
168.72086,480.00004 128.49996,480.00004 128.49996,480.00004
128.5,480.0 128.5,480.0 128.5,480.0
;
356.12921,480.0 356.12921,480.0 324.41947,480.0
292.70974,480.0 261.0,480.0 259.98237,467.70468
260.4059,455.70609 261.79241,444.29516 265.42766,426.32657
260.28941,406.72311 264.9329,387.82935 264.8679,377.02219
268.8744,368.86082 274.0518,360.75 279.37551,352.05204
282.49867,344.8322 287.344,335.81589 297.20951,319.07444
310.59582,305.09161 317.46843,286.62492 321.7749,275.87108
321.96852,263.75751 327.54068,253.07109 330.1449,243.43268
331.83963,233.59592 330.7153,223.66887 321.66708,233.72888
337.03773,201.48594 326.00984,211.57637 322.20976,210.99478
330.59467,198.80333 336.25685,193.52726 338.04206,186.19933
344.98779,176.18378 338.85162,175.21352 345.32743,166.71947
348.68114,159.938 351.20381,150.05644 353.83223,138.01561
360.24637,129.48528 364.8377,119.5 379.49959,105.19239
404.35434,93.68303 424.81713,104.92703 429.89178,107.09905
438.68593,109.96087 445.5,114.83751 454.11415,119.19969
454.65744,129.04377 459.9505,137.0 467.38285,141.22183
466.09392,156.5861 469.87594,165.32368 469.96134,174.16184
474.05438,195.05206 474.30129,191.5 473.08582,201.81273
473.69978,211.65233 475.26711,219.0 473.56799,228.18231
465.72359,215.62597 467.29171,232.0075 465.75462,236.77485
474.90773,235.10368 468.44897,246.0 461.97517,250.79256
462.54531,262.4504 460.86209,270.5 467.89408,278.65547
478.41734,281.38954 486.75342,285.89629 494.48198,292.98868
509.71603,288.78037 512.0,300.74393 516.48188,309.22253
526.06408,316.95452 524.73228,328.59414 527.84607,342.10213
528.05892,355.81044 527.32636,369.39351 535.2365,387.99422
527.0165,409.61893 538.0,427.24887 534.11301,437.90927
539.7034,447.46974 539.97362,458.3779 540.71716,468.99668
540.23411,484.48487 525.52359,479.58925 506.6723,479.10152
485.30857,481.14536 468.0,479.10315 470.71547,468.73796
474.69471,458.58083 477.23711,448.09426 483.28897,458.61077
497.68902,441.40009 485.64067,439.00001 473.58785,444.74685
482.96874,425.38865 484.86596,418.22332 493.14053,403.34143
491.84061,382.64598 508.31312,373.50001 513.51119,369.03172
533.03219,350.89445 516.95912,358.40834 506.52672,370.84258
488.80406,377.98158 487.3605,396.38343 483.96521,407.42329
479.14247,417.98621 475.68068,429.021 467.19177,417.1582
460.50878,442.07143 473.68765,436.33872 474.97436,443.11374
468.39802,457.04177 466.7424,466.50001 465.03182,484.23738
455.77982,479.92372 459.50485,464.02843 462.33031,446.268
454.53918,447.81366 455.87079,464.48619 451.96127,467.94431
455.78759,447.13592 459.49284,441.8323 464.06712,401.00821
461.79284,359.83708 463.80798,318.86356 457.58105,312.814
459.2541,298.19997 454.0482,290.0199 449.80374,280.9575
443.41446,267.1067 448.75,258.17032 454.73971,258.43879
453.13527,247.72196 460.05974,239.77811 464.5136,230.36426
464.65156,219.7158 468.1551,210.00001 474.48173,209.65743
466.78271,193.03018 468.85025,183.59137 464.75146,166.30499
461.55514,146.63224 451.99994,132.41668 449.86633,124.53711
437.58788,119.61036 427.91974,121.76261 420.21874,126.10732
418.32654,138.88888 411.95867,140.53384 396.9659,160.43214
382.58075,181.48265 371.90676,203.80196 367.58754,211.07862
377.76321,231.12901 371.63831,220.50001 367.15015,220.61086
364.46339,228.90745 366.19994,227.80001 376.97846,228.05343
374.29365,244.80897 384.3695,248.94593 398.04632,251.92405
375.83563,238.18319 377.93401,230.28301 381.04832,219.59368
370.84323,205.29757 379.48328,206.91672 372.27344,199.64798
387.74671,196.2493 384.5508,193.65787 384.85418,189.93262
390.28436,176.28847 397.5,172.59122 405.94464,168.56275
418.19054,177.27845 423.92851,170.7127 431.15311,176.67422
421.76776,161.49839 413.01467,162.86179 397.55106,165.405
406.97529,158.3347 411.21969,151.25441 418.31997,146.20613
423.42009,126.48846 429.77639,129.25623 441.6122,123.52087
437.58666,129.05665 446.648,136.24146 453.09099,141.6038
456.96961,151.67543 458.99995,160.99999 451.26144,160.89314
436.35608,161.58259 436.06355,171.49999 440.82483,167.18097
450.07788,173.55133 460.41852,170.50651 466.34555,179.10782
445.61921,169.35194 442.57781,178.85 432.96017,187.96396
459.67477,193.8276 454.04061,187.99991 447.89177,187.8231
470.34795,176.5583 465.44951,189.40668 466.43978,207.55539
460.66223,225.85888 454.86706,242.97099 450.12128,253.04653
440.10725,262.17176 429.99994,261.94089 440.18297,260.86838
446.51945,261.46842 443.0,276.437 448.7738,281.57384
444.31955,297.04299 450.16747,305.91272 461.69894,317.84296
441.91914,325.60222 433.58361,331.0 415.09856,329.37843
398.22823,316.34444 385.89401,303.94727 380.16639,285.88663
386.49998,299.1693 387.25719,291.5 388.46622,282.79374
393.61749,306.05772 392.0,282.70535 387.6269,285.18364
386.19064,285.65044 386.44351,274.58596 386.11231,276.84254
396.55891,282.68676 390.73305,270.25328 387.76075,268.55168
385.28826,258.48305 381.10875,247.55792 378.98527,257.67565
384.11967,270.1984 381.9778,281.41798 382.38836,288.82142
374.22639,280.20016 380.08852,296.69553 383.78272,314.44807
390.57745,333.66074 396.99997,349.0 402.64263,352.98779
404.20564,359.28106 408.99997,364.46862 413.40423,371.42647
415.21616,376.68335 421.49997,383.32005 404.86281,372.07656
385.54356,365.96164 367.49887,358.0 368.68508,361.10868
360.34019,371.97706 370.08055,375.35774 377.34203,366.45423
383.82308,370.55702 395.12955,375.45474 411.21566,383.90806
431.62281,390.12613 436.28099,410.12046 446.41681,431.99457
448.3978,456.37472 451.25839,479.99998 419.54868,479.99998
387.83882,479.99998 356.12921,479.99998 356.12921,479.99998
356.12921,480.0 356.12921,480.0 356.12921,480.0
;
406.17857,472.98469 406.17857,472.98469 416.27241,472.14144
409.54249,450.42632 401.54761,462.68029 399.43709,466.61318
400.88162,473.14818 406.17857,472.98469 406.17857,472.98469
406.17857,472.98469 406.17857,472.98469 406.17857,472.98469
;
514.31905,357.0 514.31905,357.0 529.00218,352.98847
505.16071,340.57037 511.90746,356.47948 511.84796,357.7598
513.45397,356.90498 514.31905,357.0 514.31905,357.0
514.31905,357.0 514.31905,357.0 514.31905,357.0
;
432.5,246.41048 432.5,246.41048 448.67355,242.28782
437.05594,243.23095 427.14709,244.0 420.29369,244.45006
430.07727,248.73333 432.5,246.41048 432.5,246.41048
432.5,246.41048 432.5,246.41048 432.5,246.41048
;
421.2201,239.884 421.2201,239.884 418.68469,224.90874
430.82131,240.57396 430.96141,236.12854 438.62776,238.17097
448.49561,236.79873 450.0,230.38878 446.99501,219.23747
438.07518,218.74783 428.11009,219.90575 422.86808,225.40495
407.29233,232.04427 418.94441,239.34811 418.94441,239.34811
420.5,239.768 420.5,239.768 420.5,239.768
421.2201,239.884 421.2201,239.884 421.2201,239.884
;
438.83179,224.33096 438.83179,224.33096 419.06727,225.49492
433.87938,219.16475 443.11803,224.0 441.69085,224.12313
440.19746,223.7053 438.83179,224.33096 438.83179,224.33096
438.83179,224.33096 438.83179,224.33096 438.83179,224.33096
;
471.14301,218.98469 471.14301,218.98469 477.72918,209.67679
460.80201,212.15861 471.14301,218.98469 471.14301,218.98469
471.14301,218.98469 471.14301,218.98469 471.14301,218.98469
;
422.75,213.89791 422.75,213.89791 429.70502,216.03587
437.80448,203.52855 424.77339,209.97798 425.6019,198.0924
415.05395,198.62614 415.0,210.80601 415.30692,212.83369
420.78206,213.34025 422.75,213.89791 422.75,213.89791
422.75,213.89791 422.75,213.89791 422.75,213.89791
;
441.81336,212.93956 441.81336,212.93956 448.22603,202.80381
427.62804,206.90485 441.81336,212.93956 441.81336,212.93956
441.81336,212.93956 441.81336,212.93956 441.81336,212.93956
;
446.5,207.65542 446.5,207.65542 453.89899,199.00275
436.23553,206.70146 446.5,207.65541 446.5,207.65541
446.5,207.65542 446.5,207.65542 446.5,207.65542
;
410.63922,192.85017 410.63922,192.85017 429.08525,187.40973
398.86252,188.45229 404.93723,192.16062 406.83446,192.42723
408.71507,192.82709 410.63922,192.85017 410.63922,192.85017
410.63922,192.85017 410.63922,192.85017 410.63922,192.85017
;
397.25,187.99289 397.25,187.99289 404.16446,187.20127
425.52493,190.7456 416.97232,179.20078 410.78868,173.00992
394.42493,175.5426 391.32886,182.14965 387.20218,188.54834
388.50276,188.30053 397.25,187.99289 397.25,187.99289
397.25,187.99289 397.25,187.99289 397.25,187.99289
;
379.89301,179.0 379.89301,179.0 383.38465,176.3131
391.92186,166.47438 387.6599,163.93226 385.93929,168.27971
377.14117,175.4033 379.89301,179.0 379.89301,179.0
379.89301,179.0 379.89301,179.0 379.89301,179.0
;
483.74698,447.81369 483.74698,447.81369 472.98878,442.80551
493.20376,439.52579 483.74698,447.81369 483.74698,447.81369
483.74698,447.81369 483.74698,447.81369 483.74698,447.81369
;
451.0,445.0 451.0,445.0 450.9364,442.01998
442.51738,424.32971 454.11158,419.86631 460.10212,416.91937
449.97174,436.97997 451.97519,442.95922 451.97519,442.95922
451.96919,443.5 451.96919,443.5 451.96919,443.5
451.0,445.0 451.0,445.0 451.0,445.0
;
445.0,417.5 445.0,417.5 438.869,411.77498
447.34179,406.08205 436.43009,398.5 429.66398,389.75657
421.08474,379.81638 418.59113,369.6231 413.21843,364.58664
406.37403,353.33591 400.48541,345.31516 396.14502,337.01669
401.29833,339.18201 398.42801,331.99292 406.98246,337.15423
408.07773,349.29537 417.81555,355.31321 426.89596,363.38739
430.80695,379.61164 442.64836,382.68497 433.08662,371.27176
424.39202,355.41164 412.19786,344.66107 399.98779,336.00618
427.69709,341.75593 407.78989,334.23273 398.94604,329.00188
386.92621,322.7885 388.44715,311.21952 391.37334,316.74024
404.05342,321.43138 410.92874,327.36402 422.62041,331.67674
437.21935,341.17681 448.4726,330.77045 458.81919,317.47298
458.00197,329.92014 454.15813,340.5062 449.51359,347.24881
443.14649,359.34838 452.76674,349.00081 457.48589,337.96657
450.27192,364.01139 454.40785,367.95764 458.97959,376.87205
452.45182,388.54393 456.0156,390.81618 453.69742,398.87763
459.72358,406.126 450.49587,411.81184 449.48399,418.23267
445.30267,410.61782 445.0,417.5 445.0,417.5
445.0,417.5 445.0,417.5 445.0,417.5
;
435.22128,386.0 435.22128,386.0 432.25091,380.29629
424.32673,369.31704 420.06104,361.21489 412.5703,355.2973
407.86254,348.35158 401.76525,342.0 402.31181,349.21581
412.50096,356.87119 418.57526,363.5 423.44343,371.21173
427.91703,380.91113 435.22128,386.0 435.22128,386.0
435.22128,386.0 435.22128,386.0 435.22128,386.0
;
403.25,167.89764 403.25,167.89764 386.91272,165.69784
409.31736,163.331 407.54094,167.82734 406.11062,167.85074
404.68031,167.87424 403.25,167.89764 403.25,167.89764
403.25,167.89764 403.25,167.89764 403.25,167.89764
;
445.65638,108.93605 445.65638,108.93605 429.31563,103.13238
446.76665,101.60724 445.65638,108.93605 445.65638,108.93605
445.65638,108.93605 445.65638,108.93605 445.65638,108.93605
;
