133.38337,480.0 133.38337,480.0 88.922247,480.0
44.461123,480.0 0.0,480.0 0.0,320.0
0.0,160.0 0.0,0.0 284.66667,0.0
569.33333,0.0 854.0,0.0 854.0,160.0
854.0,320.0 854.0,480.0 765.72989,480.0
677.45977,480.0 589.18966,480.0 592.18519,464.04961
584.01213,448.66547 588.40909,432.64626 589.72166,419.25921
586.65758,403.94823 585.14334,392.58859 579.51521,374.73676
577.56014,354.37494 570.53747,336.5 566.26989,327.58677
565.57714,316.05384 557.0,309.69002 558.09494,299.88264
545.5481,295.90496 540.04592,288.64909 531.51311,284.4909
525.08998,280.66335 518.2762,273.00598 518.44601,263.68621
509.85569,255.5484 506.98608,245.73117 504.26196,232.98043
498.78342,219.9811 499.89112,206.00202 498.41822,188.59328
497.32006,169.85876 489.95389,154.0 489.15219,148.2839
485.8246,134.80771 481.62081,126.92787 475.80073,112.81202
466.62713,97.199547 451.5,92.157895 451.35555,89.748024
451.13264,85.973944 459.0,85.175473 452.24881,73.603198
444.31437,92.804692 438.47674,88.984739 425.25439,87.915763
430.51557,79.469464 422.18431,85.519128 408.51931,90.799935
395.496,93.71529 385.85864,104.6121 374.79363,116.91838
367.42733,132.18412 358.19163,145.80629 352.9126,156.11007
354.86778,168.25332 349.00202,178.5 342.07982,192.30211
346.27782,208.0647 346.24229,223.0 353.45232,226.04041
347.63769,241.16923 345.26433,246.87466 339.97343,257.19266
342.11089,259.97647 337.83038,270.39791 324.82887,283.47182
339.20644,273.76914 334.10605,281.19344 318.99506,290.45411
304.40254,299.30412 294.57088,314.26378 287.91558,334.11713
283.53342,354.17487 279.01883,374.5 279.76721,387.83791
270.00634,399.04091 271.1151,412.78545 267.88993,432.64117
269.17759,453.06641 269.46038,472.70779 267.98737,485.72812
252.32699,477.9217 243.25595,480.0 206.63175,480.0
170.00756,480.0 133.38337,480.0 133.38337,480.0
133.38337,480.0 133.38337,480.0 133.38337,480.0
;
474.17314,96.665406 474.17314,96.665406 475.81815,88.093936
452.81703,81.925984 462.7704,87.150877 468.3195,88.351295
467.86433,99.839396 474.17314,96.665406 474.17314,96.665406
474.17314,96.665406 474.17314,96.665406 474.17314,96.665406
;
346.46869,480.0 346.46869,480.0 321.56804,480.0
296.66739,480.0 271.76674,480.0 275.9613,460.08526
270.64177,438.94063 274.35237,418.63974 273.57223,400.91312
284.86793,386.20727 283.98884,368.5 290.59942,350.92346
291.02117,330.55555 299.75048,314.13841 308.50857,301.34395
321.93673,293.29332 333.97578,287.01769 346.7276,280.60528
346.85744,263.531 351.34373,251.79402 352.64301,240.21963
359.46261,228.29833 351.99791,217.8646 361.11521,220.06518
349.68808,207.15628 352.96226,201.0 347.07657,190.91394
353.69969,175.9798 358.99989,165.176 357.40619,147.33958
372.5092,134.99474 379.63739,119.89586 392.17296,99.761652
418.57109,84.412636 441.77825,96.004059 456.05225,95.626849
467.82196,109.42969 474.416,121.92126 488.2152,152.96579
493.31172,187.44545 496.11716,221.26977 497.55507,242.81042
505.12124,265.67962 519.51016,281.0 524.47863,286.78321
539.82648,291.07426 537.72834,296.15003 550.45619,297.25942
550.47091,311.14951 558.91963,318.47406 565.83493,335.56262
573.24699,352.94741 575.36219,371.62662 581.48286,390.41912
583.07777,411.28786 584.35255,429.62043 581.56907,439.32816
581.69633,452.5378 584.42055,461.49963 585.98375,468.1138
589.08991,483.59635 577.09997,480.0 532.26092,479.61547
485.88897,480.76382 441.99995,479.42926 452.98715,455.2017
469.91768,433.53438 478.64599,408.50327 477.90954,397.02041
486.30023,385.25465 498.14833,386.12175 507.89334,382.56547
520.43281,383.00496 530.68794,377.60423 547.38037,369.95982
527.93024,369.18161 520.54768,375.38823 505.47534,380.79176
484.23543,376.69214 476.04865,394.22319 470.88218,424.18109
450.00732,448.44415 438.14733,475.49968 439.66345,448.98112
445.25895,423.68938 450.81535,397.83419 456.11703,377.84295
462.28492,358.74766 469.90819,339.49968 472.58355,337.95467
471.09382,322.98846 472.51815,314.80412 473.31007,295.91762
477.32665,274.91677 465.65235,258.60472 462.337,247.26089
462.45773,235.04605 467.99503,224.75 474.96218,216.8442
480.37164,218.29021 474.3051,205.9719 466.98165,216.25115
470.58469,203.65961 471.86758,193.55968 476.40497,172.53995
463.37188,153.08578 459.97782,133.11486 459.35366,123.29452
447.23625,121.92393 451.48103,132.00007 456.17854,121.07898
456.79809,141.009 456.75015,147.85686 461.21857,156.86742
465.00373,167.14083 464.82721,179.27376 467.65059,190.16779
466.08635,195.31316 462.46311,205.25007 466.43692,211.07324
464.46601,218.87921 461.2876,228.94247 458.56626,234.11263
439.83012,251.18084 454.65555,243.44918 463.43013,231.382
456.6417,247.55009 459.99994,252.86987 451.85606,264.48179
457.93926,261.46339 456.99994,265.59428 466.24883,262.88494
467.7089,274.33765 468.59189,281.90786 467.58577,293.17112
463.08745,302.2165 464.8955,302.26251 467.64949,306.59812
468.24449,311.76315 463.22417,318.26158 455.09812,322.22534
443.81039,325.33616 433.85066,327.85868 414.44659,320.47453
392.13468,306.49881 388.72416,284.50007 390.62611,266.18907
393.44271,288.86197 398.58075,294.1359 404.17117,293.85302
392.59518,278.30382 399.38087,271.12676 400.89943,264.52059
389.45269,245.54017 401.30304,253.71623 409.98505,258.07841
416.70249,258.29537 424.93488,255.36148 428.2954,251.06446
405.05702,256.42094 400.05841,249.57869 381.52749,235.0207
372.41348,209.24577 375.81092,186.28426 377.46449,174.52134
391.39552,181.51168 399.30124,179.43329 383.03602,180.80882
393.23026,188.93859 401.41965,181.00033 409.0775,172.627
394.34707,164.62229 386.47387,167.43893 377.30227,162.33639
399.33713,163.06556 405.44612,166.0 416.03929,164.03688
400.25271,153.29128 395.441,154.0 389.96532,151.01591
404.19218,132.06365 405.46402,135.0 406.34757,129.02541
427.68843,116.28687 423.17031,121.11385 423.80368,123.51656
441.43642,121.52282 447.00002,124.24747 433.86593,117.9109
444.66283,122.48013 451.00002,118.33796 437.4919,112.23984
419.04897,111.97521 407.71502,122.04833 417.00509,121.97653
406.43096,122.80749 403.60058,126.73374 393.84096,138.10393
384.76584,150.77988 377.64497,163.306 364.1299,180.53578
370.47749,204.7177 375.95612,224.2562 380.66967,237.99899
394.67718,246.33298 390.98278,261.79104 390.59384,274.24904
380.79943,284.69522 383.11931,297.91203 382.06933,314.51796
387.5647,330.94092 392.99997,346.08053 396.50984,357.22276
403.29077,369.61811 404.27089,381.06242 395.98397,371.47604
383.19876,364.31855 372.809,355.6044 364.30981,350.72774
355.371,337.98677 350.30611,341.64461 356.81771,345.42541
342.66983,354.75281 353.1009,358.0 361.53785,350.50025
364.92726,356.74263 374.94955,364.07743 383.38441,371.07345
391.80456,376.22801 398.99938,382.20196 405.39226,387.93376
411.83636,398.73926 411.13817,405.03262 413.83293,406.66177
415.90989,421.41329 416.69616,429.56022 415.10594,441.23617
420.36614,452.35017 419.90579,464.5 426.50106,481.97883
413.31724,481.22682 399.61829,480.0 381.9018,480.0
364.18504,480.0 346.46871,480.0 346.46871,480.0
346.46869,480.0 346.46869,480.0 346.46869,480.0
;
468.69431,461.0 468.69431,461.0 483.00318,462.70226
472.41935,440.89984 463.78778,449.93185 459.68051,452.70266
462.89527,463.00021 468.69431,461.0 468.69431,461.0
468.69431,461.0 468.69431,461.0 468.69431,461.0
;
469.7,458.0 469.7,458.0 457.04649,451.677
477.54343,448.08831 469.7,458.0 469.7,458.0
469.7,458.0 469.7,458.0 469.7,458.0
;
371.94113,459.98469 371.94113,459.98469 383.99553,460.84792
377.2172,440.21176 369.772,446.43868 363.395,447.77347
363.34448,460.93686 371.94113,459.98469 371.94113,459.98469
371.94113,459.98469 371.94113,459.98469 371.94113,459.98469
;
452.22144,442.0 452.22144,442.0 464.47761,440.89654
450.29504,422.39729 447.0,435.18932 446.22394,438.75467
447.78917,443.06429 452.22144,442.0 452.22144,442.0
452.22144,442.0 452.22144,442.0 452.22144,442.0
;
526.13193,370.0 526.13193,370.0 540.93921,367.61528
523.02345,350.12396 520.0,364.26928 519.38855,367.19722
523.17199,371.00921 526.13193,370.0 526.13193,370.0
526.13193,370.0 526.13193,370.0 526.13193,370.0
;
430.75,253.97776 430.75,253.97776 445.7293,248.50784
426.59959,249.23048 430.75,253.97776 430.75,253.97776
430.75,253.97776 430.75,253.97776 430.75,253.97776
;
413.33275,240.53458 413.33275,240.53458 430.29299,236.92347
405.76658,238.07849 403.0,235.00003 395.2736,235.43277
411.49559,242.45035 413.33275,240.53458 413.33275,240.53458
413.33275,240.53458 413.33275,240.53458 413.33275,240.53458
;
400.41206,233.0 400.41206,233.0 404.99915,230.41873
419.02079,230.66646 425.7465,232.03422 439.41275,227.67152
425.48111,216.4007 418.09539,214.18338 407.77165,212.00032
396.44922,216.15444 395.75,228.0 400.23382,226.33754
396.66897,233.88442 400.41206,233.0 400.41206,233.0
400.41206,233.0 400.41206,233.0 400.41206,233.0
;
405.73241,220.0 405.73241,220.0 398.60241,211.80419
430.23365,219.05649 417.11699,219.1383 413.00424,218.41285
409.30011,217.57402 405.73241,220.0 405.73241,220.0
405.73241,220.0 405.73241,220.0 405.73241,220.0
;
486.0,228.0 486.0,228.0 490.10971,223.47485
487.1692,210.80698 485.0,218.9186 485.79032,221.26935
483.36667,227.66091 486.0,228.0 486.0,228.0
486.0,228.0 486.0,228.0 486.0,228.0
;
403.37244,206.95996 403.37244,206.95996 398.74052,205.71487
418.32493,201.49661 402.67115,200.29931 406.61596,182.01669
387.5492,206.7173 403.37244,206.95988 403.37244,206.95988
403.37244,206.95996 403.37244,206.95996 403.37244,206.95996
;
421.75,206.95196 421.75,206.95196 433.90061,206.77844
432.20508,194.57077 423.0,193.00002 425.6897,201.72113
421.65932,200.10074 413.43089,201.11182 412.72376,208.00219
415.31989,203.30838 421.75,206.95196 421.75,206.95196
421.75,206.95196 421.75,206.95196 421.75,206.95196
;
438.42167,184.63103 438.42167,184.63103 443.30067,182.88661
422.27425,176.04942 439.09633,180.21496 444.96305,180.66817
464.47532,179.4339 455.02272,171.00557 446.74225,166.70793
430.40257,164.62844 427.0,175.13695 425.71364,181.33116
432.90719,185.62341 438.42167,184.63103 438.42167,184.63103
438.42167,184.63103 438.42167,184.63103 438.42167,184.63103
;
455.66667,166.0 455.66667,166.0 464.48466,164.24273
448.48082,150.61536 441.69501,154.0 435.01923,153.54072
415.7792,157.29708 420.76674,164.0 422.22345,156.95505
434.82045,169.3068 445.52564,164.5304 449.94584,163.28814
451.67087,166.4806 455.66667,166.0 455.66667,166.0
455.66667,166.0 455.66667,166.0 455.66667,166.0
;
455.46862,124.0 455.46862,124.0 460.60578,116.32922
442.51518,108.87711 453.39625,119.5 452.60074,120.90658
453.05533,125.01615 455.46862,124.0 455.46862,124.0
455.46862,124.0 455.46862,124.0 455.46862,124.0
;
429.89671,480.0 429.89671,480.0 417.62827,485.55111
426.546,438.32497 423.73359,454.5 426.09658,445.46875
415.87617,429.90249 426.11707,426.56465 435.50522,421.80715
445.20736,413.88083 437.92792,430.43137 436.36823,442.31531
429.75677,453.15295 429.0,465.0 419.31924,468.28437
428.04814,477.46725 430.97994,468.16303 431.47518,458.75094
440.18123,442.39597 435.80734,461.4117 433.53727,466.93541
439.22253,482.22583 429.89671,480.0 429.89671,480.0
429.89671,480.0 429.89671,480.0 429.89671,480.0
;
423.25,422.47016 423.25,422.47016 415.46161,416.77202
432.66282,414.91947 425.04739,410.95913 415.41177,410.8303
419.46074,392.89241 413.00002,389.11803 407.18101,375.69705
403.61321,357.63637 397.13147,342.94189 394.66618,336.87166
383.7284,310.14463 392.48481,318.77272 399.03164,325.28072
406.1942,332.49604 415.41125,331.36292 405.07209,323.58416
388.00687,316.94411 387.57879,302.41736 388.34687,291.6887
397.89992,314.39765 405.50003,316.72704 415.80029,323.36883
423.11022,329.07448 435.04376,331.09725 446.21392,330.61883
458.00694,328.61817 465.82252,319.90453 466.70073,332.35433
457.33301,339.83415 449.52681,347.59832 437.15533,364.20555
462.88831,336.6864 457.11869,348.6468 458.58298,354.4899
451.37799,366.96432 451.05015,375.93338 450.80589,383.62732
435.35607,396.99286 441.49295,397.01145 444.1253,393.34568
450.60405,400.34508 440.42448,404.0 424.20394,413.77073
449.64079,406.27432 434.77752,413.0 437.76238,417.26088
432.54626,417.93443 423.25003,422.47016 423.25003,422.47016
423.25,422.47016 423.25,422.47016 423.25,422.47016
;
435.25,380.99354 435.25,380.99354 433.38384,374.2125
422.84694,366.14529 421.06293,356.49252 417.81781,348.96401
400.48605,334.30143 404.0,333.51987 404.36017,339.14004
422.48,359.20347 411.85754,348.5459 406.70059,339.73596
396.41157,327.88175 405.66556,345.02643 414.63121,353.87915
418.12815,367.74947 425.1155,377.0 431.68882,387.38885
422.20556,368.00535 424.46728,370.89691 425.86401,375.02768
431.87223,378.68455 435.25,380.99354 435.25,380.99354
435.25,380.99354 435.25,380.99354 435.25,380.99354
;
438.5,341.0 438.5,341.0 456.09908,338.83872
421.52478,338.44058 438.5,341.0 438.5,341.0
438.5,341.0 438.5,341.0 438.5,341.0
;
449.75,339.98469 449.75,339.98469 464.68585,336.49631
440.61685,336.82038 449.75,339.98469 449.75,339.98469
449.75,339.98469 449.75,339.98469 449.75,339.98469
;
