133.0,480.0 133.0,480.0 88.666667,480.0
44.333333,480.0 0.0,480.0 0.0,320.0
0.0,160.0 0.0,0.0 284.66667,0.0
569.33333,0.0 854.0,0.0 854.0,160.0
854.0,320.0 854.0,480.0 757.78122,480.0
661.56243,480.0 565.34365,480.0 565.46669,460.18152
565.60278,440.14404 567.71404,420.70737 566.08109,394.91987
561.84025,369.81629 554.0,345.61002 553.17921,336.16895
550.74887,324.68062 548.17402,316.98952 546.65675,306.21854
543.02756,294.19771 533.0,288.61635 534.92876,276.41354
519.20714,274.16267 512.74212,266.88498 500.92926,269.1396
493.59157,257.67375 492.528,246.78414 491.6,236.64658
490.74718,229.91266 492.68855,217.84097 496.56809,201.1361
491.01632,182.36034 492.39397,166.70201 492.51343,159.61119
493.04883,142.18305 487.0,141.0 490.01384,152.01079
487.92956,149.18454 490.0,159.85958 484.16053,157.08233
484.23178,145.4503 486.0,140.0 479.06291,129.95851
482.73496,133.4073 489.0,138.64894 484.86722,128.03593
479.07843,118.77086 470.04376,111.6223 470.23877,109.19548
473.58997,111.73314 463.42302,102.99911 463.51132,87.427388
453.72915,107.1444 460.82412,94.018283 460.56351,80.663363
448.22541,83.337252 454.32855,95.923707 454.98627,102.15177
443.09881,90.153787 439.14031,88.029799 434.88508,85.360389
415.33848,80.614737 428.5,85.700336 411.74759,85.54396
394.19787,91.336094 381.98101,102.76886 368.86769,115.70496
363.58795,133.43328 355.60113,149.49995 347.44454,156.9506
351.0701,170.58596 342.57995,177.32131 336.68014,188.47875
336.09919,201.29889 338.5,213.5 346.12225,215.04829
339.89879,230.36512 339.33339,237.01884 338.34119,245.81508
330.14237,250.9159 331.88825,258.87235 326.65238,265.80726
321.74733,275.22065 318.1325,281.45794 316.1295,287.56838
307.27467,293.65508 302.48187,299.00818 282.29165,321.51263
281.63339,354.25673 271.95331,381.24869 266.91634,411.84148
268.06228,443.29383 266.05357,474.24996 265.61331,486.28771
244.19605,477.1521 234.65116,480.0 200.76744,480.0
166.88372,480.0 133.0,480.0 133.0,480.0
133.0,480.0 133.0,480.0 133.0,480.0
;
356.50007,480.0 356.50007,480.0 327.66676,480.0
298.83345,480.0 270.00014,480.0 268.39489,451.54784
274.16756,423.53521 272.99995,395.11803 275.28596,388.14392
276.25915,381.90755 279.1373,371.98749 281.27593,363.17449
284.48345,350.67395 285.15629,345.24371 290.02418,336.44085
290.96857,322.22075 297.0,315.48013 304.2712,296.74122
329.90347,290.16279 333.56526,268.64405 339.48382,255.31346
342.30136,239.56072 348.0,226.8 346.04208,218.43662
349.91684,214.50483 345.26967,206.5407 353.37069,196.58202
339.66574,198.83731 342.8217,190.26692 345.43449,182.69657
355.82884,177.3033 355.66185,166.44321 358.59765,162.67495
351.1755,158.6619 359.0,152.95708 366.48527,141.9835
368.46426,126.75549 377.04744,116.99996 380.71453,109.77256
389.96265,102.00425 396.56645,98.396327 413.27511,88.131987
434.2437,90.839006 449.65761,102.19063 457.62033,106.05426
470.32869,113.89321 470.0,124.02714 474.98184,130.91875
477.04972,137.15333 479.20901,144.42167 485.4715,172.51004
489.87527,202.00551 485.74037,230.09422 484.91751,240.25189
486.32112,247.68163 489.32668,256.38795 490.41468,266.59672
500.03807,270.13182 507.80763,274.13778 511.20087,273.19972
510.48539,271.11896 520.58908,277.99999 531.06199,283.11591
526.82667,293.04248 538.08203,299.93755 545.7011,312.99771
544.1878,328.81016 550.00785,342.4513 551.29763,356.61326
556.74084,370.97519 558.95409,384.44471 561.73283,396.91387
562.41263,411.06493 563.92138,423.95347 558.90509,442.18398
564.23468,461.95155 559.78599,479.99999 526.46142,479.99999
493.13686,479.99999 459.81229,479.99999 460.8058,463.086
467.24746,444.95265 473.84498,430.99999 478.8667,440.3836
493.9983,431.54651 484.77746,423.55669 472.56305,425.70733
477.17005,420.10554 480.36418,410.66666 486.14428,397.05359
491.42894,383.67055 495.31022,369.49999 504.72427,360.28625
518.78438,357.8382 528.84993,349.99372 541.40022,340.67934
521.7095,342.25376 519.99997,349.94142 507.99128,355.77519
492.44164,357.80734 487.90299,372.61795 484.44824,385.60639
479.59879,399.28348 474.03007,410.5629 469.90094,402.41555
453.67445,417.41489 467.98894,419.00004 476.51322,419.65282
464.36431,433.66302 464.58985,438.35864 460.94751,443.36963
458.16343,469.11827 455.78909,460.3702 456.87655,442.34066
454.84643,422.98961 457.83436,405.76565 461.01389,380.62018
462.93062,353.20975 468.04433,327.72781 471.42585,318.15208
470.12816,306.02078 469.99483,294.50005 467.41442,287.64075
466.78173,275.3728 460.16268,267.95937 457.5493,259.73725
448.02181,247.66474 455.55555,239.15817 465.23568,232.85326
464.5762,219.10229 473.23348,212.81104 470.33164,199.96459
477.62047,187.83011 474.65354,174.65597 476.56057,166.37476
471.99984,158.25365 470.96719,147.57633 467.00539,136.07093
465.37026,120.9878 453.6202,114.91396 441.29765,108.36345
425.75734,112.63531 419.72504,125.50005 414.90253,126.16937
410.80196,138.74117 404.50089,143.73072 399.4437,149.91254
395.17977,159.23922 388.95511,161.28294 390.53302,153.10496
378.72267,173.79269 377.00089,178.8197 373.07112,188.60113
378.84038,182.39318 381.07126,175.00005 389.65115,167.81206
386.91907,172.07975 379.94375,184.56883 372.05858,191.66117
382.13861,207.92989 375.13567,212.00005 368.77642,204.15731
380.32106,220.38945 382.27838,226.6721 391.99226,240.56218
384.68941,259.7831 392.32266,274.14562 388.02455,281.85584
400.68798,300.65924 396.29666,286.14569 397.91684,278.82143
394.94741,268.06246 395.58396,260.8531 391.06039,250.92274
392.77918,236.09366 391.82318,236.26753 410.47911,244.96522
390.72513,231.90404 388.86611,224.00005 386.96515,219.31049
383.09868,208.19106 384.88467,200.04113 382.97067,187.83196
390.13582,169.71521 405.16176,174.72531 421.32963,171.92352
407.67826,175.01725 406.69726,178.13189 416.61897,183.37085
426.39516,167.81815 414.96766,162.51228 404.37208,166.14013
392.48715,157.67081 408.26891,157.3271 414.6692,157.50045
433.59542,166.49916 425.73131,153.93991 418.44634,148.70339
404.99515,150.91901 414.55595,141.82376 418.37022,135.93834
424.37541,127.46079 432.3938,120.45004 446.6895,112.3414
440.04206,122.19607 447.38306,120.61748 455.2189,119.82122
453.75857,131.3788 459.46636,129.50005 460.03428,135.77635
469.29612,154.43915 464.27549,152.78871 457.56546,149.14722
440.47019,149.86031 437.81616,158.19317 444.10923,160.25495
456.3458,159.84256 465.50491,162.02206 474.39331,170.3659
469.81921,184.43477 469.61077,195.31643 466.85562,204.51517
465.04435,211.16863 462.14626,221.29237 458.04419,232.28478
450.94226,239.71051 439.64627,244.80379 431.78559,247.95628
411.13972,246.72662 430.12747,248.97701 439.52439,251.96237
452.80909,235.81071 449.43515,253.77247 447.28094,271.88147
456.37729,258.97661 455.66922,270.20117 457.68822,278.99941
461.76072,293.72721 453.82163,301.12553 444.81746,310.1292
431.53125,323.95463 418.43229,313.89856 405.32662,307.36472
391.54257,297.27286 384.68292,284.43788 384.86095,268.2093
377.86531,268.11018 380.95047,284.49638 381.90347,302.06191
387.55142,319.33528 395.79044,334.6194 401.70759,345.13785
407.79689,356.08507 413.9679,367.0005 398.06676,358.31432
381.57701,349.57331 364.9364,341.81093 357.73781,344.53817
357.26266,363.25017 369.32573,355.0234 372.89727,347.6619
385.84362,360.46039 393.5,361.89261 404.77362,369.23242
414.04824,372.03085 423.0,382.42532 429.52268,394.6548
434.05711,412.8554 435.26061,428.5005 439.65065,435.3014
440.45065,451.04307 442.27871,462.32469 445.80626,475.57548
442.33031,484.17471 427.32556,480.0005 403.71722,480.00021
380.10765,480.00109 356.50007,480.00006 356.50007,480.00006
356.50007,480.0 356.50007,480.0 356.50007,480.0
;
394.13382,453.0 394.13382,453.0 404.63539,453.61813
404.35312,435.13953 393.14516,438.0 387.50739,441.80503
387.62632,451.07322 394.13382,453.0 394.13382,453.0
394.13382,453.0 394.13382,453.0 394.13382,453.0
;
522.59301,344.0 522.59301,344.0 535.41072,342.2513
518.91941,325.76363 517.0,339.26928 515.98345,342.5586
519.77245,344.8018 522.59301,344.0 522.59301,344.0
522.59301,344.0 522.59301,344.0 522.59301,344.0
;
389.19157,278.96858 389.19157,278.96858 394.35878,267.68639
380.82967,263.13637 386.75001,276.53045 387.93627,276.65111
387.67197,279.46738 389.19157,278.96858 389.19157,278.96858
389.19157,278.96858 389.19157,278.96858 389.19157,278.96858
;
428.0,233.47352 428.0,233.47352 444.90498,231.67918
427.00451,230.99634 419.88175,228.74973 418.95573,233.48219
424.5035,233.83694 428.0,233.47352 428.0,233.47352
428.0,233.47352 428.0,233.47352 428.0,233.47352
;
417.17367,226.0 417.17367,226.0 424.42542,212.36892
418.68234,228.51499 429.83548,224.9191 436.88913,226.96086
455.08978,222.65973 445.14424,214.17204 436.4899,201.84182
443.87015,215.85742 437.5,212.26904 426.04145,213.37196
415.58724,212.83556 430.0,208.0 424.1066,205.40767
412.74191,213.36611 410.61711,219.99091 412.92764,221.45468
414.45802,225.57984 417.17367,226.0 417.17367,226.0
417.17367,226.0 417.17367,226.0 417.17367,226.0
;
422.35699,201.93304 422.35699,201.93304 423.22881,200.41731
437.78094,196.52888 424.05266,194.35714 423.70508,183.683
411.43707,186.86398 415.51127,198.62623 417.82608,199.5511
419.8636,201.65338 422.35699,201.93304 422.35699,201.93304
422.35699,201.93304 422.35699,201.93304 422.35699,201.93304
;
438.63197,202.00004 438.63197,202.00004 452.83377,203.95458
441.70612,178.49801 442.64732,191.60593 429.38467,192.14197
431.78762,199.1696 439.25,198.62306 437.50266,197.79875
437.42799,202.68388 438.63197,202.00004 438.63197,202.00004
438.63197,202.00004 438.63197,202.00004 438.63197,202.00004
;
450.14602,179.00004 450.14602,179.00004 448.59793,173.61064
470.1819,179.88903 467.67678,168.99688 461.82847,160.3829
441.32051,161.61451 441.99994,174.09563 444.67173,175.88011
446.36844,180.12488 450.14602,179.00004 450.14602,179.00004
450.14602,179.00004 450.14602,179.00004 450.14602,179.00004
;
481.04986,171.32326 481.04986,171.32326 481.4439,159.07461
474.79794,163.00355 481.04986,171.32326 481.04986,171.32326
481.04986,171.32326 481.04986,171.32326 481.04986,171.32326
;
449.97675,480.0 449.97675,480.0 444.52129,476.27449
448.0257,462.80961 445.67135,454.56646 442.84161,445.3192
445.3058,434.50794 449.22333,428.02547 449.21133,417.82624
453.40125,414.47585 451.59146,430.40856 451.49946,446.96083
451.10447,463.52461 453.04037,480.0 453.04037,480.0
451.08107,480.0 451.08107,480.0 451.08107,480.0
449.97675,480.0 449.97675,480.0 449.97675,480.0
;
444.15595,427.5 444.15595,427.5 441.30141,445.30968
440.53875,419.96964 438.74438,414.0 448.30218,407.89794
450.82167,403.96919 446.05902,414.0 446.47198,415.99528
446.9859,418.43007 444.15595,427.5 444.15595,427.5
444.15595,427.5 444.15595,427.5 444.15595,427.5
;
438.51586,412.0603 438.51586,412.0603 437.34093,413.51002
453.76883,391.38248 437.25534,407.0986 429.49918,401.97587
440.10683,388.80868 429.84467,383.68074 423.32651,378.56126
414.92278,360.13042 416.86465,361.98411 413.33515,353.22525
406.87786,347.71703 402.8925,338.0269 399.34732,329.17559
413.04803,345.56401 417.58486,346.16841 430.96039,352.46748
410.3725,337.75531 406.11932,334.50008 406.93591,329.86473
421.21062,347.62881 428.72251,349.00008 428.96797,342.49375
412.8665,334.64522 407.0142,327.78738 402.10426,318.87297
395.36383,311.82048 388.85551,305.05831 383.87711,288.91569
391.60204,302.13761 396.11878,303.6432 406.33932,313.93786
419.43802,318.13721 432.16219,324.21764 441.48139,321.97491
450.47826,314.64871 455.89191,307.1367 460.72402,296.86582
467.67956,302.049 459.0,308.06285 464.70762,310.89254
451.58512,321.42227 454.76554,328.00008 462.17331,315.8501
461.1727,328.60324 459.06894,338.36182 456.32086,346.77032
466.16799,336.11654 458.07189,350.12224 455.06876,359.2515
452.47566,368.90593 454.1936,379.50217 459.49979,389.51249
439.25585,391.59227 448.0,397.54969 452.18893,391.91288
457.98353,395.97971 445.84217,405.44979 443.39709,407.64599
441.30127,410.27266 438.51586,412.0603 438.51586,412.0603
438.51586,412.0603 438.51586,412.0603 438.51586,412.0603
;
431.33333,331.884 431.33333,331.884 433.07037,326.8477
412.90002,326.38695 406.74576,321.0 403.44883,323.68593
419.67007,327.73497 425.27905,330.79495 427.26797,331.23085
429.25912,331.94671 431.33333,331.884 431.33333,331.884
431.33333,331.884 431.33333,331.884 431.33333,331.884
;
458.10495,363.34133 458.10495,363.34133 454.20654,377.92999
458.2311,346.43675 458.10495,363.34133 458.10495,363.34133
458.10495,363.34133 458.10495,363.34133 458.10495,363.34133
;
400.82107,332.51226 400.82107,332.51226 393.96588,329.93789
392.70862,313.12816 398.42097,328.5 398.43817,329.74775
402.48292,331.36349 400.82107,332.51226 400.82107,332.51226
400.82107,332.51226 400.82107,332.51226 400.82107,332.51226
;
