427.0,480.0 427.0,480.0 284.66667,480.0
142.33333,480.0 0.0,480.0 0.0,320.0
0.0,160.0 0.0,0.0 284.66667,0.0
569.33333,0.0 854.0,0.0 854.0,160.0
854.0,320.0 854.0,480.0 711.66667,480.0
569.33333,480.0 427.0,480.0 427.0,480.0
427.0,480.0 427.0,480.0 427.0,480.0
;
272.39361,479.0 272.39361,479.0 283.48508,472.0983
275.97103,456.60219 274.20279,446.02143 273.69914,432.69026
281.38398,419.35561 275.94853,406.13041 277.27355,385.07779
277.17243,363.55117 285.33957,343.9007 287.84771,321.92749
292.32219,299.06854 300.53706,278.57247 310.17898,264.11603
325.73123,256.66075 339.60548,247.42296 347.7966,232.5095
352.74828,214.1225 353.47781,197.41932 347.37753,186.18133
352.76478,172.52155 348.77777,160.4758 357.68511,139.86279
356.98392,115.75818 372.5208,98.219841 382.93013,77.792283
407.62305,62.499821 430.5,70.281867 438.6235,75.058081
450.86492,74.003316 456.75247,84.011014 476.73802,106.81338
480.87266,138.78441 487.44322,167.43254 488.88941,186.01145
492.88659,204.29814 501.00637,221.18073 500.33937,223.67966
508.49224,237.85944 515.07196,243.98408 522.21098,251.28886
532.51872,254.84088 538.5,263.7732 544.03022,268.66665
545.90719,278.33317 552.51071,285.84087 563.94035,323.14444
574.39876,361.32732 574.44226,400.78531 575.70411,413.07358
582.16627,424.68481 576.26534,436.93219 573.31138,449.09227
573.05189,462.003 566.88659,473.20724 570.38243,488.29608
571.20136,464.97985 575.1113,459.43462 576.09034,441.5508
587.01076,423.85097 578.01422,406.44653 576.24159,378.77472
574.54862,350.2621 565.8372,323.56183 562.14677,307.76392
558.76546,291.07881 550.78195,276.93704 545.01807,268.20137
543.72451,262.15774 534.52296,255.02728 528.44324,249.75425
511.39857,238.18729 518.14658,236.65088 512.63861,229.09741
505.41965,219.85859 501.39339,213.00006 511.39207,216.0979
498.66009,211.01851 502.26938,206.85569 492.30677,190.55263
491.73406,169.77788 488.49632,151.13148 488.29899,138.8134
479.96286,128.61826 478.96707,116.50006 474.90217,105.61446
475.5044,106.19678 469.91573,96.762976 464.62247,87.033467
457.18083,76.278956 447.88197,71.000062 446.15495,77.898328
429.93744,57.153623 442.9835,62.231284 434.31442,54.477872
455.67266,60.480511 439.86069,57.070343 433.76359,60.660212
439.00889,74.653821 429.70601,64.287351 415.8407,62.180065
401.32276,66.779505 389.5,73.930638 374.42973,86.639244
362.38628,103.39577 355.13057,121.74279 355.47057,137.14246
346.50091,150.70051 345.03784,165.41143 346.43664,175.54385
344.79637,189.1562 348.63151,197.00001 350.2212,202.65344
346.08382,214.06018 346.14866,218.04956 340.79374,216.47281
347.76979,225.97187 340.94983,230.46899 337.43146,236.48069
337.73512,238.88336 335.20532,247.7413 324.09114,253.24151
313.7344,257.74393 306.13638,267.26452 288.55557,284.96106
289.769,312.27627 282.99996,334.92766 283.37627,349.68576
273.89273,362.66217 275.11413,377.79543 270.92212,397.12974
278.26447,416.99666 271.84591,435.7495 270.8452,447.24241
275.24895,458.86 275.29239,469.69027 275.19379,472.05239
268.72803,479.2252 272.39361,479.0 272.39361,479.0
272.39361,479.0 272.39361,479.0 272.39361,479.0
;
511.81214,232.99159 511.81214,232.99159 500.86645,221.7992
509.95669,223.52469 511.81214,232.99159 511.81214,232.99159
511.81214,232.99159 511.81214,232.99159 511.81214,232.99159
;
410.85768,479.0 410.85768,479.0 416.08375,476.96477
417.49705,449.15368 416.06092,456.33674 413.04585,474.83549
414.88699,446.85923 414.44808,440.70355 413.64093,423.36932
414.90105,404.63526 412.34242,388.15405 407.91737,378.71397
414.86551,362.57166 405.19966,355.64353 406.06841,353.19452
399.43163,343.08098 399.62137,334.55033 395.77113,317.24648
386.26923,300.49487 383.9353,282.87882 385.47729,276.72124
386.92608,286.30619 389.31333,292.80898 393.76046,304.45543
403.20899,312.99203 412.00015,321.44222 410.25589,316.48306
388.62622,295.53097 398.70194,303.84257 402.90264,307.53695
421.48234,329.04102 416.64288,320.15435 404.83656,308.32563
394.07026,295.55637 387.58883,280.15663 379.60025,277.07305
382.90325,252.5322 386.35109,265.62367 388.69215,271.38421
396.45019,279.08771 404.84304,287.01705 414.00622,292.35551
424.87738,303.3038 434.75989,292.8826 444.93421,290.39927
452.24242,276.35104 460.00015,275.33333 462.28902,262.91961
460.87385,279.49671 459.23122,284.3255 454.83369,286.88516
443.98998,307.06268 450.32657,301.23527 452.83732,293.76347
462.54553,285.06523 457.26259,294.89556 455.52017,298.94131
456.65177,301.08052 453.37473,310.40227 449.96544,319.77812
448.74948,328.04685 445.4939,334.04609 442.4459,351.32696
444.03589,336.466 441.94021,339.61131 442.86165,346.99386
431.40094,360.41088 439.69083,356.3575 440.21093,355.65431
429.99463,363.94629 435.11111,360.33333 444.09415,363.11422
421.81377,369.77009 431.98369,372.48992 436.60068,364.80807
435.79208,367.54819 434.74476,377.96029 423.8317,383.42248
417.71344,388.40068 425.98104,379.69083 415.74224,383.52624
416.43587,390.22641 419.0,388.41566 430.81622,382.07887
437.43224,374.53531 427.0,389.2183 426.87673,390.39964
429.77732,394.71263 424.47251,408.19314 420.2394,416.69749
420.73037,437.46626 423.59353,418.48905 427.0315,410.2416
428.28625,397.31463 431.93022,391.59692 429.13848,409.92658
426.41944,428.25064 427.05171,446.6392 425.07369,451.38574
423.40898,455.43023 423.23211,465.24752 419.68436,473.48429
420.16597,456.31406 416.9154,475.09532 419.96305,475.44303
420.76624,470.21459 420.88884,479.0 436.06461,482.40214
422.94692,462.18633 429.10004,453.73377 433.01146,416.89781
466.48868,391.47006 471.99906,355.2708 482.44014,339.84781
504.30262,346.602 518.69095,337.06013 536.25328,329.65333
518.05213,329.57257 509.7298,336.33887 496.14652,341.99085
473.93844,338.25281 467.99617,355.96452 462.62147,383.47555
441.90352,404.70638 431.32999,430.40344 428.05305,433.45505
432.21944,410.25022 432.87405,402.61281 437.10453,364.12779
451.83034,328.09403 464.99991,292.06309 464.74661,278.42651
469.37929,265.23951 469.27595,251.52602 461.71167,256.85958
469.72519,235.09463 460.84817,231.91059 450.80269,220.09241
452.69176,201.67057 459.23441,188.32217 474.93446,194.47963
462.2935,169.88122 461.04998,174.95866 464.43139,177.12062
461.4018,176.22545 458.99997,185.0 455.4399,179.35499
462.09121,164.20893 461.1392,154.86181 461.4673,134.91025
448.61779,118.19933 446.26751,98.5 442.16913,106.28204
448.11153,117.67286 445.07073,112.72981 445.97432,121.90732
453.38958,125.32049 451.96659,135.90387 453.6281,150.97577
455.28351,146.71221 456.99386,155.70928 454.09787,163.3018
453.13672,168.26164 456.07318,170.43276 456.76687,184.07971
454.07565,198.05229 442.16036,206.32484 429.02898,216.0709
453.13521,201.78514 451.9565,202.05383 448.68404,210.94957
455.57896,218.5171 446.63964,225.67649 443.43075,233.80804
455.79848,216.36899 449.83196,231.40434 448.90984,237.03587
459.48899,223.27178 462.47439,239.5 464.57523,248.71611
458.89528,263.78805 459.24995,268.38712 458.41036,271.93788
447.86158,281.85609 441.88439,285.1079 429.87274,290.21735
436.59752,290.36726 426.58802,292.23441 423.60871,299.35531
409.08515,286.78557 402.69991,282.16402 392.59826,271.75475
379.90107,257.22284 386.27008,241.87013 387.54157,246.93152
398.15858,268.75496 392.62088,253.53831 387.09707,238.46579
395.61731,247.16024 390.99998,236.88197 397.39812,239.61483
382.156,212.94493 395.54647,218.80119 412.24475,221.8622
409.25728,217.63275 394.32006,216.48927 373.78735,205.4367
368.99537,179.04523 366.26908,158.11053 366.62496,144.12856
379.26256,146.46837 388.99998,144.13961 376.74819,152.99881
395.66789,148.58958 391.07547,139.14105 388.4025,127.42196
368.66428,141.03063 373.34877,134.77536 374.87518,121.04344
390.64807,134.32849 398.16202,129.17129 396.34708,120.2923
373.90093,123.47153 386.99998,114.88693 392.27315,106.14482
396.65832,98.671621 404.9505,91.617186 402.27451,102.05894
405.31342,90.416164 412.18426,89.07895 408.85507,93.998782
424.50298,85.820217 432.11919,89.07165 445.36373,90.754688
420.21545,81.375465 413.58936,84.933609 401.56352,86.021826
400.54626,94.277864 391.03017,100.093877 373.71685,120.783167
355.76096,148.075917 366.52055,175.950027 369.30865,191.011627
375.18286,206.127747 387.0,216.357787 387.22765,227.757957
388.25367,239.337407 381.19225,249.100887 373.23368,280.252597
389.9265,309.229727 396.89821,338.686657 404.62635,356.794257
391.88195,338.742257 384.47625,334.072877 373.50297,324.352647
361.13126,316.444957 350.9112,305.870437 342.31532,307.363217
356.12051,308.706277 346.61412,314.689287 345.32869,329.449817
357.19166,310.892477 360.08571,319.634677 373.99675,334.386187
397.40506,342.824127 403.2355,363.422257 405.45077,368.669297
408.40146,379.640477 408.58554,389.142897 405.91529,399.599817
412.32642,408.909067 411.11725,420.447537 413.04759,440.01162
413.03854,459.78947 409.0,479.0 409.0,479.0
410.85768,479.0 410.85768,479.0 410.85768,479.0
;
380.83179,125.38114 380.83179,125.38114 365.20633,122.61405
394.13163,123.36723 380.83179,125.38114 380.83179,125.38114
380.83179,125.38114 380.83179,125.38114 380.83179,125.38114
;
366.01472,418.0 366.01472,418.0 380.07028,416.75972
365.11828,396.46176 359.48828,410.18442 358.15291,413.34731
362.02153,419.30146 366.01472,418.0 366.01472,418.0
366.01472,418.0 366.01472,418.0 366.01472,418.0
;
458.60289,416.0 458.60289,416.0 470.94359,415.61027
458.73594,396.58613 452.37601,406.96969 450.30584,410.82126
454.63002,416.27071 458.60289,416.0 458.60289,416.0
458.60289,416.0 458.60289,416.0 458.60289,416.0
;
459.18887,413.0 459.18887,413.0 445.48993,405.91385
467.84648,405.58913 459.18887,413.0 459.18887,413.0
459.18887,413.0 459.18887,413.0 459.18887,413.0
;
444.66482,398.0 444.66482,398.0 457.42368,394.86464
438.34602,379.54015 440.0,394.88174 440.19221,396.6107
442.6769,398.91714 444.66482,398.0 444.66482,398.0
444.66482,398.0 444.66482,398.0 444.66482,398.0
;
516.16482,329.0 516.16482,329.0 529.87583,326.28194
509.53072,311.65488 511.0,326.4593 512.34753,328.32798
513.60667,329.68225 516.16482,329.0 516.16482,329.0
516.16482,329.0 516.16482,329.0 516.16482,329.0
;
390.0567,195.0 390.0567,195.0 395.95506,191.23016
408.54834,195.27049 415.99807,193.7868 417.47644,180.68516
409.33604,180.41539 401.27261,182.10923 390.98993,186.73477
391.38839,175.51978 387.19536,185.76829 384.31863,188.59987
387.07173,194.13672 390.0567,195.0 390.0567,195.0
390.0567,195.0 390.0567,195.0 390.0567,195.0
;
409.11514,169.96959 409.11514,169.96959 425.04346,170.65811
404.449,146.4729 412.77516,162.51943 418.15745,165.94006
403.91395,170.59177 409.11514,169.96959 409.11514,169.96959
409.11514,169.96959 409.11514,169.96959 409.11514,169.96959
;
389.63045,169.0 389.63045,169.0 396.83942,165.97329
395.12081,166.41281 389.8006,162.5 389.7204,170.37409
383.92212,152.02909 388.95684,168.81401 388.95684,168.81401
389.14283,169.0 389.14283,169.0 389.14283,169.0
389.63042,169.0 389.63042,169.0 389.63042,169.0
389.63045,169.0 389.63045,169.0 389.63045,169.0
;
405.14158,167.40118 405.14158,167.40118 415.72796,163.56874
410.37801,165.66187 403.95203,163.0 397.90927,161.60342
399.26736,170.28953 405.14158,167.40118 405.14158,167.40118
405.14158,167.40118 405.14158,167.40118 405.14158,167.40118
;
430.25,144.67048 430.25,144.67048 443.96164,146.68901
448.10593,135.47246 432.49456,133.97946 424.24677,127.6034
404.37155,144.89026 421.24322,143.27086 425.58935,143.09779
423.6265,146.90407 430.25,144.67048 430.25,144.67048
430.25,144.67048 430.25,144.67048 430.25,144.67048
;
441.61346,129.96959 441.61346,129.96959 448.86235,124.66572
429.4456,117.49881 423.1254,120.13689 401.4646,124.35932
426.05271,124.41027 414.11569,126.2562 416.19133,132.46234
434.015,124.44677 441.4591,129.96742 441.4591,129.96742
441.61346,129.96942 441.61346,129.96942 441.61346,129.96942
441.61346,129.96959 441.61346,129.96959 441.61346,129.96959
;
442.30902,127.92392 442.30902,127.92392 437.07544,124.19766
410.84783,124.84462 429.709,123.54995 432.62102,123.54904
443.96519,125.01646 442.30902,127.92392 442.30902,127.92392
442.30902,127.92392 442.30902,127.92392 442.30902,127.92392
;
464.38595,73.666667 464.38595,73.666667 469.22063,69.082182
444.36027,56.685533 450.5,60.03062 444.82611,62.288129
461.43366,62.537417 461.20745,71.278861 462.14545,72.265909
462.50092,74.515464 464.38595,73.666667 464.38595,73.666667
464.38595,73.666667 464.38595,73.666667 464.38595,73.666667
;
