136.37167,480.0 136.37167,480.0 90.914447,480.0
45.457223,480.0 0.0,480.0 0.0,320.0
0.0,160.0 0.0,0.0 284.66667,0.0
569.33333,0.0 854.0,0.0 854.0,160.0
854.0,320.0 854.0,480.0 762.99535,480.0
671.99069,480.0 580.98604,480.0 580.93714,460.45593
589.70244,440.61881 583.0013,421.6777 583.7143,401.44915
580.89519,380.59212 575.87359,361.34675 573.10627,355.90322
573.35245,341.06078 569.56798,331.71944 566.34584,317.04484
565.58489,300.64832 552.5352,290.64507 553.05037,281.00129
539.45634,275.56316 532.75798,269.53989 521.23584,265.04818
518.50797,256.66719 517.22991,252.07528 506.08777,240.20764
505.62938,222.46709 501.18007,207.5 502.03562,196.17646
499.96416,184.95651 497.52804,174.59362 496.63167,166.35428
492.48422,155.86216 490.2554,145.72347 485.30724,129.04641
477.84741,113.77034 466.74888,100.55685 460.24018,94.65557
451.75208,92.751647 453.0,84.0 469.00186,89.217724
459.11829,76.861147 447.69297,80.0 447.07585,94.773309
431.59296,82.599309 421.5,86.0074 408.43862,92.985457
392.51513,97.286786 385.0,111.095 378.58151,118.95023
372.08778,135.12053 363.96043,145.49992 358.66082,155.04833
361.51494,165.48994 356.08236,174.3379 340.82609,196.14995
362.06418,224.5828 346.0,246.11424 343.96045,254.64182
341.63496,264.96494 333.10444,267.78537 339.62349,269.90745
327.60508,278.66548 320.57698,282.95045 304.88817,293.58436
298.66304,313.43656 294.09319,330.38758 285.64862,347.57153
288.0219,367.60036 280.78958,385.18783 278.86459,395.36224
277.0125,404.37076 276.76213,414.57571 272.55767,435.9376
274.79468,458.25271 272.7434,479.99992 227.28617,479.99997
181.82883,479.99981 136.37167,480.0 136.37167,480.0
136.37167,480.0 136.37167,480.0 136.37167,480.0
;
469.85699,95.984687 469.85699,95.984687 476.45029,89.982291
461.84054,82.675798 469.21398,96.0 469.21398,96.0
469.85699,95.98469 469.85699,95.98469 469.85699,95.98469
469.85699,95.984687 469.85699,95.984687 469.85699,95.984687
;
354.89622,480.0 354.89622,480.0 328.90082,480.0
302.90543,480.0 276.91003,480.0 277.95811,456.81667
276.58206,432.91122 281.80148,410.75188 281.80114,390.51964
290.87269,372.02695 291.52687,351.9693 294.37684,341.78936
295.95458,339.17586 299.0,329.8698 301.93523,308.56943
315.5145,288.95422 334.75836,279.17612 352.66703,267.02092
352.56622,243.36846 359.26575,224.86508 351.3336,216.09707
368.24704,216.97563 357.10444,214.78545 363.04482,207.39138
351.16366,199.56188 354.58719,190.08153 355.95401,179.61966
366.68505,171.42531 364.00005,160.0 370.97289,159.89201
362.81897,147.57549 372.29678,141.616 382.12995,127.02637
386.83546,107.82071 404.11086,99.490758 415.52574,91.874255
429.55373,89.330561 442.33755,94.935529 456.78052,95.718645
468.48885,107.84563 473.6123,119.40469 481.39199,134.04316
489.41093,152.38038 490.00009,170.38226 482.00013,161.12332
491.01861,181.59157 492.0927,178.44582 496.14704,202.38203
496.81157,226.8345 506.15672,249.87197 511.75477,261.13487
520.78511,271.95854 533.25405,275.38149 541.62882,281.18051
548.80385,286.53452 550.52162,295.95624 565.95984,308.70061
563.51073,330.85629 569.05625,348.447 571.4591,366.02472
577.20427,380.47871 578.19855,398.50153 579.29404,412.09827
578.76129,425.96418 581.87534,439.07457 578.73791,452.4879
578.39635,466.34796 576.8409,480.0 535.30812,480.0
493.77533,480.0 452.24255,480.0 454.24534,461.45876
462.4196,444.65851 471.50009,428.65272 468.62127,439.86912
487.44451,443.28803 485.00009,430.71196 480.64119,420.56908
465.88335,433.62566 476.09535,418.77712 481.37599,405.40469
491.04926,394.23137 492.62226,379.44607 498.03089,361.81705
520.74441,368.07859 533.02085,358.28968 552.12953,349.17624
532.08408,348.57983 522.92016,356.98196 512.59756,360.47823
499.82003,361.4281 492.00009,369.33276 485.29018,380.52074
484.83425,394.84882 476.45199,405.70884 471.74965,423.63716
470.10129,406.72525 459.93239,413.12652 456.16284,427.48335
477.41922,413.71649 467.05411,426.11398 460.1356,436.61759
455.77033,448.52505 451.2421,460.20063 448.95668,450.68706
453.24566,442.16772 453.28282,431.6381 455.62192,397.5637
463.41762,364.2589 474.00009,332.15399 475.75936,321.4701
481.16283,310.9799 479.06996,299.43268 478.52959,289.55314
481.30176,278.42084 476.00009,270.35279 477.17151,258.56873
463.06718,252.68452 466.84294,241.00003 462.58251,236.26483
465.14813,226.25205 470.03744,221.90818 471.41027,211.67108
479.66671,209.80568 484.0,205.0 474.78489,202.1872
472.91486,198.41166 476.59832,185.42958 479.60846,167.21209
473.42352,149.87649 465.0,133.95569 466.29045,120.58178
448.54796,113.32258 457.21864,128.07633 458.05927,135.46887
463.66396,143.72758 467.146,152.5 467.74433,162.41002
473.38527,173.84065 470.34283,182.45104 469.12303,192.18228
467.39537,201.95693 469.88764,208.12922 465.5143,224.87741
450.60966,237.8031 434.59374,242.19266 419.28169,241.30801
412.14638,247.0851 431.47649,245.50867 442.23727,242.98404
451.90836,237.81002 460.99999,231.89822 463.63771,241.6345
457.72411,252.29323 456.94502,259.0 460.60417,252.40739
465.31068,254.93536 468.86439,262.28751 472.80606,273.58995
471.74343,288.70089 464.88195,298.48166 456.46189,305.24425
445.78381,312.47655 435.05404,316.0 425.51841,311.40627
415.20372,305.09215 408.00078,296.16962 397.64741,288.3107
393.7129,277.78548 395.56152,265.15659 394.315,254.01886
388.18669,279.48593 390.80089,284.0 389.62515,302.44968
397.30885,323.94969 403.46745,338.0 406.72228,344.81335
411.37465,357.39723 415.14455,366.4408 405.27137,357.28932
390.93622,347.70647 381.99999,342.24411 377.09643,340.34798
360.0685,323.0685 363.08891,336.68132 352.86104,346.76187
372.24337,348.44799 371.51615,341.07296 390.92719,357.46636
422.06048,367.66817 425.1811,396.45398 427.87011,419.5231
431.70487,443.33844 433.25002,465.59717 437.74249,481.83227
425.91083,481.32124 413.28937,480.0 393.82499,480.0
374.36056,480.0 354.89622,480.0 354.89622,480.0
354.89622,480.0 354.89622,480.0 354.89622,480.0
;
385.37244,444.96673 385.37244,444.96673 400.09362,446.17001
390.14763,421.96529 381.02605,433.9827 377.44379,437.35835
379.60967,446.39504 385.37244,444.96673 385.37244,444.96673
385.37244,444.96673 385.37244,444.96673 385.37244,444.96673
;
530.87244,349.98469 530.87244,349.98469 545.53797,349.17377
529.16422,330.38285 525.75,343.61529 524.95237,346.73295
527.20552,351.0817 530.87244,349.98469 530.87244,349.98469
530.87244,349.98469 530.87244,349.98469 530.87244,349.98469
;
369.25,292.81955 369.25,292.81955 379.51714,286.99137
358.81913,288.93373 369.25,292.81955 369.25,292.81955
369.25,292.81955 369.25,292.81955 369.25,292.81955
;
406.25,284.94467 406.25,284.94467 404.85486,278.83155
398.1004,268.43179 402.30428,259.69562 409.66848,267.74294
399.57085,246.23791 399.82245,241.11165 403.05788,240.96153
403.8162,237.32946 415.0,244.21679 409.56816,236.74385
396.02462,233.76294 393.50065,222.5319 385.82999,209.91131
381.83876,193.24096 384.93142,178.75458 389.61302,169.25645
396.68002,175.42229 404.88559,170.70953 403.17507,171.76727
403.60588,182.7502 412.00065,170.07034 414.8677,156.56352
392.67251,163.28663 393.91877,157.09828 398.86366,152.33548
416.47013,162.95072 416.60556,153.56178 413.02519,148.64536
394.25812,144.14375 406.85768,141.11846 405.37019,135.87941
417.16343,130.62372 417.04902,123.71498 407.22781,130.17361
429.22764,109.60702 429.02959,115.96089 429.2349,117.86762
444.87067,112.47143 450.00063,118.99995 440.76629,109.83705
462.72238,118.8917 448.1606,110.3278 436.82372,106.88344
424.44064,108.61497 414.55855,115.1087 416.08572,117.09593
402.31794,128.80386 398.03935,137.29707 391.12362,150.13371
382.83346,162.29501 378.00063,176.37918 376.8063,187.73564
381.17614,199.27259 380.89397,209.75404 385.81417,218.91697
387.27874,223.75458 392.49303,230.56803 402.47558,243.13189
391.86375,262.4343 399.81492,276.3997 401.02346,279.49334
403.56216,283.39304 406.25,284.94467 406.25,284.94467
406.25,284.94467 406.25,284.94467 406.25,284.94467
;
424.4214,228.73438 424.4214,228.73438 442.34792,226.47055
405.78793,225.25619 425.4,224.0 419.46555,220.51446
406.36017,223.74555 418.16164,228.37627 420.0044,229.66479
422.36088,228.53115 424.4214,228.73438 424.4214,228.73438
424.4214,228.73438 424.4214,228.73438 424.4214,228.73438
;
411.61501,221.0 411.61501,221.0 414.66419,213.09941
435.49721,222.81708 439.0,215.00006 442.24304,206.16007
429.4612,208.47115 428.66524,208.86292 422.82517,204.69719
412.33608,212.93925 411.5,207.01406 407.23626,211.49322
404.31279,218.20792 411.61501,221.0 411.61501,221.0
411.61501,221.0 411.61501,221.0 411.61501,221.0
;
413.18371,198.0 413.18371,198.0 415.34702,193.67818
420.38813,189.8978 428.16658,193.61668 427.97148,200.57538
446.93564,190.36993 432.93115,182.62574 432.00819,189.10713
436.45461,191.46767 430.18484,187.64206 434.55836,192.12379
412.34364,186.53214 414.23482,188.95833 416.07275,184.55337
400.22423,183.23715 409.07673,195.41111 410.55222,195.97742
411.30706,198.53355 413.18371,198.0 413.18371,198.0
413.18371,198.0 413.18371,198.0 413.18371,198.0
;
442.5,174.59292 442.5,174.59292 437.74516,164.92881
442.97197,173.2496 454.18588,169.69526 472.21862,168.8927
458.26923,154.48116 447.04339,158.16651 434.89091,154.81941
427.99531,171.65992 441.5,174.85158 441.5,174.85158
442.5,174.59292 442.5,174.59292 442.5,174.59292
;
437.75,155.21237 437.75,155.21237 444.9715,151.18118
464.16029,159.97159 463.15665,152.29934 457.34678,139.83376
437.9227,144.14745 428.45883,150.06661 437.12286,152.65526
425.29481,157.3825 437.75,155.21237 437.75,155.21237
437.75,155.21237 437.75,155.21237 437.75,155.21237
;
441.93261,480.0 441.93261,480.0 433.39903,480.63992
439.81949,462.16792 440.45228,455.45111 442.36473,442.77113
445.29451,427.88842 450.11663,417.0 451.46594,423.22185
447.2528,432.50073 448.27572,440.9369 445.64451,452.90223
447.61729,467.09069 447.0,480.0 445.31087,480.0
443.62174,480.0 441.93261,480.0 441.93261,480.0
441.93261,480.0 441.93261,480.0 441.93261,480.0
;
437.71996,450.5 437.71996,450.5 437.69386,460.17862
435.69744,439.6157 433.83127,435.27884 433.61796,424.54455
430.02184,411.78342 444.18536,409.66301 444.10846,414.04235
440.7098,419.76047 445.03352,418.41183 442.08134,428.88686
438.75272,439.63885 437.71996,450.5 437.71996,450.5
437.71996,450.5 437.71996,450.5 437.71996,450.5
;
480.09487,434.41414 480.09487,434.41414 465.14811,437.29863
485.0989,420.92354 480.09487,434.41414 480.09487,434.41414
480.09487,434.41414 480.09487,434.41414 480.09487,434.41414
;
434.34267,408.796 434.34267,408.796 429.35972,413.44122
429.79785,389.75702 431.0,391.15873 431.17548,381.83845
422.22102,378.17886 420.18189,369.5 415.86165,355.59725
409.38449,339.67016 404.44565,328.0 400.89402,323.96123
394.65861,301.75555 402.24774,318.87409 408.04249,330.47678
418.69864,340.40019 429.0,347.0 426.35306,341.48446
407.51125,324.36337 422.50293,338.03917 434.61222,352.0559
437.36147,345.34061 424.26486,334.69781 415.61908,326.83775
407.52243,316.62783 403.43547,307.36393 395.60936,305.20211
392.15426,281.88488 397.07332,289.0 402.05138,295.7083
411.2774,306.91654 421.38989,311.93282 429.72688,318.29191
441.41641,325.84553 450.17802,315.69409 459.13476,309.02628
473.73754,296.90716 472.0,298.0138 473.80136,309.19956
462.78516,313.38261 461.14887,322.98342 453.16025,339.5258
472.00146,311.9153 467.27253,321.85414 469.39456,324.53403
462.25447,345.77015 465.16635,341.0 466.89694,346.058
458.9141,352.36762 457.82142,361.36654 450.78262,375.77216
461.94481,372.70277 453.72941,380.85727 454.9997,390.80405
439.66509,392.11784 445.50721,399.77018 441.79621,402.7929
438.39297,406.21285 434.34267,408.796 434.34267,408.796
434.34267,408.796 434.34267,408.796 434.34267,408.796
;
435.66821,327.89764 435.66821,327.89764 447.27331,324.48172
422.11757,324.4431 417.91163,319.05151 403.43221,311.21064
424.61369,326.53338 430.38458,326.80779 432.14635,327.15577
433.86188,327.82822 435.66821,327.89764 435.66821,327.89764
435.66821,327.89764 435.66821,327.89764 435.66821,327.89764
;
440.91845,407.45647 440.91845,407.45647 442.2161,410.45978
452.19913,387.99248 454.0,394.42268 453.69775,400.09008
444.61631,403.43685 440.91845,407.45647 440.91845,407.45647
440.91845,407.45647 440.91845,407.45647 440.91845,407.45647
;
