131.25,480.0 131.25,480.0 87.5,480.0
43.75,480.0 0.0,480.0 0.0,320.0
0.0,160.0 0.0,0.0 284.66667,0.0
569.33333,0.0 854.0,0.0 854.0,160.0
854.0,320.0 854.0,480.0 747.03879,480.0
640.07757,480.0 533.11636,480.0 537.08347,462.92565
526.91929,446.03829 534.01774,429.37454 535.98797,417.26045
542.75477,404.77683 534.70599,393.53549 529.69004,370.46854
528.19382,346.26121 528.5,322.5 524.47355,307.72329
523.53324,291.04135 512.83414,279.5961 510.92019,269.26478
498.7966,264.72246 490.89189,261.0 484.44351,258.72811
473.62914,252.17008 480.37843,241.63009 488.96331,217.60652
493.3896,191.40591 485.78211,166.5 485.72891,146.34549
481.76987,124.47978 465.00001,111.31917 458.80253,103.94795
450.88247,98.103718 449.14839,86.694582 435.3871,74.258208
450.12029,96.33154 444.92963,98.0 438.97253,90.345246
433.72257,90.729502 422.94692,88.299858 418.46637,86.788453
403.00191,83.08107 414.33333,86.999994 402.38014,89.824979
406.19544,84.200277 398.74329,91.449101 381.63345,96.660483
366.95302,108.4507 361.34317,125.86026 357.16807,134.09921
353.9771,139.12923 353.66341,147.46803 351.71323,157.78427
343.11349,165.50661 342.93185,176.0031 333.40455,188.14893
326.607,204.39431 331.79164,219.19178 339.64417,216.65107
331.72144,235.75283 331.22163,242.6119 323.88129,257.36154
315.82315,274.18475 304.46482,285.0 304.76196,288.79292
297.3389,297.20457 293.33451,304.50688 285.41573,311.96078
288.56889,324.74307 281.82073,333.76648 278.81612,331.96354
277.14613,344.6154 274.20499,352.31863 266.45131,380.62592
267.58903,410.19163 264.12889,439.14454 263.28539,452.75315
262.18683,466.35338 262.50002,480.0 218.75001,480.0
175.00001,480.0 131.25,480.0 131.25,480.0
131.25,480.0 131.25,480.0 131.25,480.0
;
354.73915,480.0 354.73915,480.0 325.06644,480.0
295.39374,480.0 265.72103,480.0 266.71387,449.92525
269.51798,419.9317 272.0,390.05359 272.68791,372.74789
276.18875,354.66072 282.82203,338.77435 293.23332,318.33391
302.5714,297.07852 318.0,279.6845 323.0435,271.85355
329.22176,262.62226 332.38529,252.85363 335.18539,243.83787
340.26487,235.57916 340.28033,226.19538 337.23776,215.47138
338.84113,213.99575 340.41663,203.25 330.1546,201.88815
341.22906,195.84774 345.08758,187.49996 350.6789,180.22108
351.04307,171.25005 349.10104,166.60375 360.27897,151.12455
359.99495,129.58722 373.48444,115.13942 383.91643,96.551585
411.36778,86.58185 430.21836,96.999953 439.6799,98.547765
448.33079,103.84502 455.25689,109.88799 456.72064,121.1819
459.81685,106.55643 462.6857,125.5899 470.98904,131.51826
470.77229,145.99578 474.44578,156.1032 476.25395,165.85736
475.71943,167.28257 478.92598,175.9543 481.44712,186.53667
479.83555,199.49236 480.77838,210.98112 475.41189,213.68167
479.73819,234.56446 472.78456,235.77677 468.36698,253.25223
476.2864,237.06455 472.94333,253.13288 475.5373,260.772
486.10731,263.96293 492.73401,269.46001 501.94675,271.51266
508.26602,273.84939 511.58836,285.13448 521.93732,296.20689
520.44781,313.35458 525.28387,327.20931 522.76713,348.76029
527.13707,370.05879 529.81811,391.32535 536.65037,401.83131
534.48375,413.04468 531.05579,424.35721 525.65675,438.57031
527.62603,452.95496 529.99389,467.48837 534.53824,483.12423
519.67,480.37281 509.17296,479.99998 492.44839,479.99998
475.72381,479.99998 458.99924,479.99998 460.12583,459.59306
466.12376,439.79903 472.65617,420.52051 488.78802,423.79758
480.5427,407.90182 475.99998,404.64602 480.18084,388.60235
488.28821,373.42994 493.92124,358.21184 501.17769,349.71972
513.31952,343.11562 516.99998,332.99998 506.86157,335.57302
500.4806,347.38305 491.18098,352.98207 483.1573,368.461
478.44085,385.48288 471.13534,401.49998 463.98236,388.57251
460.33939,411.63213 470.51558,409.19027 465.70215,427.26966
459.03592,444.89781 456.36558,463.49998 452.71302,416.18482
459.27377,368.73988 462.09707,321.49998 467.36972,298.79569
459.73587,276.46317 448.99994,256.80139 445.13262,242.26773
463.03197,236.7904 464.9486,223.28724 471.53049,202.02637
476.95516,178.78666 468.52199,157.15558 464.61044,142.34781
460.03615,125.89307 448.77648,115.11564 436.6998,107.96666
421.60377,113.82427 417.60495,127.2798 411.68425,135.98665
403.87812,144.44468 400.76672,155.49998 391.93119,163.91702
389.35763,176.34927 382.86398,186.60754 378.11984,196.34423
379.7476,206.88605 374.13513,215.66461 382.37439,216.42526
387.41615,230.97054 387.00419,240.89969 389.48863,252.41323
383.48712,266.21265 391.20519,275.96094 398.39978,272.56143
388.79656,267.31675 391.43977,259.22763 399.55342,268.94988
396.55597,252.93544 391.14665,245.5 389.0598,234.71874
387.92379,229.51037 395.35345,236.72486 396.63361,230.97131
381.74773,221.07512 385.8762,210.76868 388.10077,192.77505
381.2754,209.89662 383.71984,197.60121 385.86082,196.01659
388.38846,193.50312 391.98777,182.74268 398.7565,171.00145
405.40421,180.78878 413.10863,181.83444 428.85371,173.13751
399.21516,180.82751 415.85193,175.66667 430.1102,174.32603
411.54125,160.30692 403.24148,165.50375 388.90671,172.20367
407.97176,155.49022 416.79797,161.80387 428.98043,164.01701
430.86165,156.59347 416.54901,152.66049 401.2639,153.55375
417.26271,139.41322 419.99997,132.93078 426.18978,120.98092
424.25626,124.64032 433.75757,118.70885 436.25719,116.70734
439.50025,114.957 448.19242,119.82777 444.80955,118.62783
435.84476,119.69061 448.89906,123.56198 451.06615,127.57986
457.92633,133.41127 460.55,146.41466 459.55665,152.17132
440.01226,147.30497 437.01529,157.31699 442.54393,160.13628
452.34241,158.03116 461.49999,158.8618 473.99132,172.21324
460.44099,159.06536 451.22137,162.72746 437.92977,164.05861
442.3167,181.88613 454.70604,177.9996 461.49967,175.57507
436.83276,173.07075 458.39981,173.3074 470.23479,163.14549
469.48505,176.16442 469.32005,186.49957 465.02633,207.31482
463.22204,232.89658 444.24933,244.63924 437.96477,246.40464
448.99344,250.62188 444.21393,262.99957 448.83524,252.63782
449.44467,273.72238 449.89453,280.25233 454.26033,289.81272
448.0009,297.2729 440.49991,303.22722 431.93453,315.21089
421.01482,310.38642 410.96917,303.02736 401.41597,294.55696
386.92501,288.39794 387.37228,273.61376 382.29951,254.58849
382.54263,276.78124 385.91498,284.49533 390.16887,306.47078
397.59445,327.86768 411.03583,345.94465 420.17472,359.29063
419.11859,361.8567 405.71566,351.57365 397.2896,347.26502
385.33328,343.18966 378.99991,339.40129 368.8144,334.13781
371.27906,340.39807 368.18168,347.18425 373.90358,356.72708
381.68976,339.22683 392.25656,350.95268 402.32409,355.56231
412.23845,361.00172 419.99991,366.20046 430.96284,371.99076
434.32447,389.31197 438.60833,401.33832 444.79061,427.0999
445.85871,453.66597 443.75717,479.99957 414.08464,479.99986
384.41083,479.999 354.73911,480.0 354.73911,480.0
354.73915,480.0 354.73915,480.0 354.73915,480.0
;
403.07143,444.0 403.07143,444.0 415.81453,440.15581
401.34154,421.95584 397.87544,437.03219 398.46223,439.75444
400.03325,443.62535 403.07143,444.0 403.07143,444.0
403.07143,444.0 403.07143,444.0 403.07143,444.0
;
403.25053,440.75483 403.25053,440.75483 394.71576,436.83432
410.65444,432.32146 403.25053,440.75483 403.25053,440.75483
403.25053,440.75483 403.25053,440.75483 403.25053,440.75483
;
509.67695,334.0 509.67695,334.0 523.18254,325.27107
497.97648,321.83864 508.40003,334.0 508.40003,334.0
509.67698,334.0 509.67698,334.0 509.67698,334.0
509.67695,334.0 509.67695,334.0 509.67695,334.0
;
397.62132,284.0 397.62132,284.0 402.75188,279.46736
386.95741,268.51514 397.62132,284.0 397.62132,284.0
397.62132,284.0 397.62132,284.0 397.62132,284.0
;
396.2845,270.1155 396.2845,270.1155 398.84597,255.49793
388.99207,266.53069 396.2845,270.1155 396.2845,270.1155
396.2845,270.1155 396.2845,270.1155 396.2845,270.1155
;
423.75,225.90981 423.75,225.90981 422.47078,220.38634
421.17059,212.70878 428.29938,223.5 437.08768,226.17684
445.80588,221.70773 450.86021,220.0 456.69976,213.83884
444.9086,205.56467 438.63516,208.50767 433.4021,203.97212
421.53234,215.90025 418.68291,212.10444 418.1647,204.7915
410.59472,225.7501 419.35824,224.90928 420.83748,225.15713
422.20321,226.03954 423.75,225.90981 423.75,225.90981
423.75,225.90981 423.75,225.90981 423.75,225.90981
;
441.66862,214.0 441.66862,214.0 428.23228,209.81994
426.16003,213.54492 441.79305,209.12819 452.46677,215.59306
436.53957,207.06059 441.66862,214.0 441.66862,214.0
441.66862,214.0 441.66862,214.0 441.66862,214.0
;
424.30902,201.95996 424.30902,201.95996 426.04574,199.13935
438.60791,201.32719 432.0,192.66663 431.01307,199.87758
422.41221,194.69727 422.92147,188.99996 414.58035,190.95479
414.71684,202.12032 424.30902,201.95996 424.30902,201.95996
424.30902,201.95996 424.30902,201.95996 424.30902,201.95996
;
443.34736,200.0 443.34736,200.0 443.05382,196.83985
454.52982,193.55119 444.68133,187.7271 450.4379,194.92223
441.42757,195.10532 439.11083,191.24527 434.64479,191.71323
439.89348,201.7975 443.34736,200.0 443.34736,200.0
443.34736,200.0 443.34736,200.0 443.34736,200.0
;
384.53277,178.0 384.53277,178.0 392.51574,173.35107
382.14659,166.96652 382.0,177.24489 385.75848,173.68347
384.29018,175.46375 384.53277,178.0 384.53277,178.0
384.53277,178.0 384.53277,178.0 384.53277,178.0
;
449.27443,473.74186 449.27443,473.74186 446.64313,465.4326
448.85652,450.38518 448.07729,439.5 446.66036,428.20449
444.54888,415.09252 451.2953,405.5 443.89982,427.87778
456.81065,451.05001 450.39095,473.36968 450.39095,473.36968
449.27442,473.74186 449.27442,473.74186 449.27442,473.74186
449.27443,473.74186 449.27443,473.74186 449.27443,473.74186
;
452.66667,433.0 452.66667,433.0 446.85471,423.07516
455.95273,416.32791 452.66667,433.0 452.66667,433.0
452.66667,433.0 452.66667,433.0 452.66667,433.0
;
477.08726,418.0 477.08726,418.0 467.06247,412.63919
487.01662,410.5835 477.08726,418.0 477.08726,418.0
477.08726,418.0 477.08726,418.0 477.08726,418.0
;
446.51584,406.0 446.51584,406.0 437.13892,418.39208
452.15206,386.84592 449.3867,398.0 447.89982,400.48642
447.13008,403.19285 446.51584,406.0 446.51584,406.0
446.51584,406.0 446.51584,406.0 446.51584,406.0
;
445.75,395.83638 445.75,395.83638 435.45853,407.33211
452.71534,377.84666 452.29521,384.13551 449.98129,388.50041
449.11047,392.2714 445.75,395.83638 445.75,395.83638
445.75,395.83638 445.75,395.83638 445.75,395.83638
;
441.05406,394.0 441.05406,394.0 436.29896,384.74362
441.60709,379.5155 431.10601,371.0 427.00562,362.5306
417.38098,353.70958 418.12313,345.57554 410.83555,344.40865
399.64242,320.89596 414.50482,336.23626 429.50011,345.63168
408.15011,329.18106 405.75395,324.06129 396.25214,310.07547
414.136,332.56502 420.2232,335.12872 436.32351,347.49896
417.64104,327.09516 411.64117,323.1895 402.66443,315.01359
403.30327,308.1094 393.9728,301.22744 387.04437,284.97016
396.14822,296.24597 403.77147,301.22829 413.54647,309.12924
425.39399,317.64279 438.5,316.86134 446.40313,313.31672
454.79071,285.57436 456.70737,296.7778 457.39474,301.75547
446.79978,324.73954 452.33999,317.87365 460.58293,299.46211
452.14703,317.64911 456.75778,326.0525 456.51799,343.14342
454.75869,336.67582 452.50371,335.98058 457.84828,341.07116
448.81355,356.56667 455.41926,348.99984 455.78358,365.76511
452.91256,358.26175 451.68131,355.99984 452.40754,370.59556
453.57892,363.44746 453.47292,376.19567 447.11945,381.33104
446.44556,388.73651 441.05406,394.0 441.05406,394.0
441.05406,394.0 441.05406,394.0 441.05406,394.0
;
425.75,323.95611 425.75,323.95611 427.9142,322.97103
408.78138,313.10486 408.0,317.0 412.70922,318.19817
418.91801,323.12342 425.75,323.95611 425.75,323.95611
425.75,323.95611 425.75,323.95611 425.75,323.95611
;
