141.0,480.0 141.0,480.0 94.0,480.0
47.0,480.0 0.0,480.0 0.0,320.0
0.0,160.0 0.0,0.0 284.66667,0.0
569.33333,0.0 854.0,0.0 854.0,160.0
854.0,320.0 854.0,480.0 750.6136,480.0
647.22721,480.0 543.84081,480.0 549.19437,456.34104
538.03131,431.15096 548.14315,408.5 549.62292,396.35142
542.58623,385.99643 543.48183,373.55185 539.9726,353.37647
537.11483,333.12813 534.72789,312.80631 531.88927,300.07859
531.18073,285.18799 520.0,276.67447 518.5307,267.39083
505.32503,261.23437 497.89074,258.36138 482.44513,248.64504
484.17458,227.05158 488.17996,211.54292 490.47026,197.6087
487.37544,183.73356 485.71796,170.29259 478.66041,163.42025
490.34555,168.68965 484.57763,153.19603 479.71849,136.48739
484.18962,156.88083 482.07177,161.0 481.16824,155.10438
469.94827,133.3548 480.04538,138.85395 476.12258,127.477
464.45672,121.40322 458.58207,112.63036 450.51324,109.76463
455.26298,89.600561 445.88216,97.342731 451.42172,113.98141
433.52413,94.537133 425.43197,98.776005 424.51872,99.564894
431.09194,92.840374 415.0219,97.710801 410.25988,102.75506
397.14598,104.19601 390.76668,111.61926 372.84427,126.17918
369.74924,151.04196 358.73021,169.92563 356.89219,183.34387
343.80961,193.89661 347.0229,208.64361 351.73986,216.83348
352.3957,223.05253 349.40206,234.5 341.2802,248.22416
336.17886,264.06559 323.5214,274.5 323.62942,282.38375
312.21917,282.12197 311.99357,292.6211 305.34746,290.93156
307.39534,308.88132 305.95919,304.5 298.45001,326.97734
288.45618,348.70364 285.02968,372.4593 284.87494,395.15927
279.83212,417.52038 279.23906,440.30508 276.0344,453.70643
282.02931,466.66262 281.99992,480.0 235.0,480.0
187.99965,480.0 141.0,480.0 141.0,480.0
141.0,480.0 141.0,480.0 141.0,480.0
;
364.70637,480.0 364.70637,480.0 338.60849,480.0
312.51062,480.0 286.41274,480.0 277.96282,442.28758
288.73634,404.36081 289.89088,366.5 297.77753,340.44918
304.51485,313.50454 318.65431,290.11517 331.9486,278.93854
342.1018,264.73755 347.51509,248.53111 353.12172,236.2087
361.69133,222.50017 353.88907,209.68659 363.45501,198.61648
344.65389,203.16029 355.53453,195.03315 360.1486,187.09485
365.1023,178.58275 365.38121,170.5 361.53581,168.42404
374.54525,155.44342 373.8947,147.62663 380.7724,124.68525
399.84752,102.29983 425.6561,103.73876 444.74123,107.56089
462.39863,118.90384 469.22243,137.80629 479.95847,166.27648
486.82159,198.94692 480.02774,229.67249 479.75842,243.12338
483.32312,261.14795 498.57857,263.1502 509.13251,265.28934
495.62972,269.34709 508.74036,268.84862 515.34703,274.78724
519.76974,283.75946 524.96798,291.52745 533.03641,312.03978
530.14166,334.37526 536.25125,355.24445 539.58845,370.862
538.80749,387.58237 543.99999,402.29379 540.89434,413.81975
538.3155,425.48485 539.37438,437.79501 540.30087,451.8719
541.90237,465.94441 539.76344,480.0 514.50896,480.0
489.25447,480.0 463.99999,480.0 463.44628,467.71813
458.8797,455.95017 463.0222,443.6349 465.02778,430.58036
468.25532,417.37476 474.74377,405.7764 482.16027,416.15467
492.12255,394.39281 479.01547,396.2857 475.93323,391.02445
483.14714,376.7803 486.8998,368.96231 490.73354,357.70808
491.77449,342.60968 506.03354,339.59257 510.57575,336.35142
528.05871,328.42546 519.84894,325.54794 511.63482,331.86336
501.41056,335.06342 493.56405,341.48963 482.81179,351.08987
485.10504,366.25985 477.25835,377.35158 477.43665,390.6772
464.47602,378.04126 463.94757,390.34142 473.49932,392.88294
472.7097,397.59991 467.69536,407.5 464.45744,416.29674
461.91849,427.41693 458.7783,435.0 456.9977,420.52171
459.11016,401.7117 459.37175,385.59399 460.94502,354.78816
466.34543,324.15107 468.62867,293.56868 469.58686,275.83983
458.22311,260.44589 454.0,244.6814 449.92347,231.36988
466.70437,227.76052 467.70314,215.07008 473.03442,206.17098
471.09894,201.16429 471.12289,192.04206 475.97892,183.67268
471.66914,172.75967 469.73914,163.80263 466.1877,149.85417
461.44941,134.6933 452.99997,123.49077 440.7584,118.02197
424.91466,119.57108 419.11188,133.31858 415.12832,140.20834
408.47223,147.25132 405.99997,155.70147 399.76628,161.21452
401.2964,171.57944 395.25245,176.81152 389.87059,186.35158
385.6163,196.70457 385.27574,206.5 382.68326,215.26211
397.33556,222.11373 395.66184,233.07761 397.33404,247.48826
392.26815,265.42482 404.13303,276.20027 403.29637,271.5652
396.69512,251.98251 404.53726,254.79604 405.4995,249.31823
393.65085,229.22343 403.4,233.0 412.57031,229.75494
388.64587,217.19015 393.90241,206.48258 392.87284,197.55587
394.05591,182.23844 403.50005,180.5 405.53575,173.06198
424.77786,177.53925 407.60652,178.99999 408.31645,185.83674
424.45583,179.46095 421.00008,170.99999 416.88943,166.48791
396.9904,163.60289 416.84777,163.85178 439.29652,165.35037
411.95236,155.65313 415.38133,151.53128 420.41216,142.18614
427.24471,124.66533 439.00008,127.02414 447.71415,128.59578
453.00469,134.66081 457.39259,142.09365 459.37207,149.40806
468.34942,161.38691 455.13998,153.9985 446.99766,151.15414
426.8469,160.82488 443.81428,162.75226 453.49627,161.04953
468.04408,161.50875 466.83747,174.93126 467.64704,189.5332
466.39327,204.63709 461.58819,218.39532 458.21861,229.02128
444.28426,232.83455 439.00004,240.0366 452.17901,232.32391
451.06768,242.69616 448.4785,253.22831 453.35041,254.26785
458.19288,265.84189 456.00004,276.5117 460.91379,284.84496
449.00083,291.79949 446.00004,294.9985 440.99909,301.10442
429.743,303.72673 421.38238,296.19619 409.53125,287.31315
393.21782,278.32419 394.19497,261.29753 388.34835,253.62174
392.29199,278.01715 393.59933,283.36343 397.70187,306.35611
409.0364,325.67985 421.29464,345.21123 408.27464,334.65606
392.05004,328.14543 376.91755,322.0 374.90444,323.47821
367.55503,337.88639 379.45043,336.0 382.26903,323.00991
395.57609,338.53438 404.11249,340.01264 418.41473,347.30271
432.7404,357.43816 435.56866,374.42224 445.42258,408.62627
447.07064,444.79731 443.0,480.0 416.90212,480.0
390.80425,480.0 364.70637,480.0 364.70637,480.0
364.70637,480.0 364.70637,480.0 364.70637,480.0
;
404.0567,423.0 404.0567,423.0 415.96682,422.13817
407.85074,402.45045 399.97362,413.04929 397.26858,416.12786
400.00482,423.35523 404.0567,423.0 404.0567,423.0
404.0567,423.0 404.0567,423.0 404.0567,423.0
;
513.89377,327.0 513.89377,327.0 527.88204,319.76151
501.88634,313.15971 511.22251,325.4433 512.35242,325.20283
512.74149,327.31141 513.89377,327.0 513.89377,327.0
513.89377,327.0 513.89377,327.0 513.89377,327.0
;
375.5,287.0 375.5,287.0 387.89958,282.344
363.42699,279.18432 375.5,287.0 375.5,287.0
375.5,287.0 375.5,287.0 375.5,287.0
;
433.25,240.92954 433.25,240.92954 443.58736,240.69244
411.4886,231.51847 424.38823,238.62183 427.34408,239.49417
430.04041,241.38106 433.25,240.92954 433.25,240.92954
433.25,240.92954 433.25,240.92954 433.25,240.92954
;
416.55069,237.0 416.55069,237.0 418.49598,230.83439
401.0329,225.59798 415.10217,237.0 415.10217,237.0
416.55149,237.0 416.55149,237.0 416.55149,237.0
416.55069,237.0 416.55069,237.0 416.55069,237.0
;
433.0,226.17488 433.0,226.17488 451.324,224.21947
427.84707,221.12008 425.0,225.85335 427.64884,226.80204
430.27468,226.5715 433.0,226.17488 433.0,226.17488
433.0,226.17488 433.0,226.17488 433.0,226.17488
;
420.85841,221.91715 420.85841,221.91715 418.93488,211.20143
429.36148,223.12538 437.5,219.13819 447.05708,220.37159
457.14108,210.84045 443.28953,207.73857 438.10663,202.39356
427.4504,204.1186 421.83969,208.69863 413.06365,210.94752
409.89047,218.33478 420.85841,221.91715 420.85841,221.91715
420.85841,221.91715 420.85841,221.91715 420.85841,221.91715
;
440.71778,211.9682 440.71778,211.9682 431.22573,206.77329
418.57853,209.37424 436.9762,207.64651 440.20162,205.91016
440.13091,210.91903 440.71778,211.9682 440.71778,211.9682
440.71778,211.9682 440.71778,211.9682 440.71778,211.9682
;
421.65301,200.0 421.65301,200.0 429.74058,196.63329
432.42184,196.73753 443.03869,197.68098 449.98667,187.91751
440.85956,184.94853 436.45461,192.80536 424.25941,195.86964
424.21199,192.57873 419.08455,188.00004 412.42682,191.65982
414.11595,199.7447 421.65301,200.0 421.65301,200.0
421.65301,200.0 421.65301,200.0 421.65301,200.0
;
448.83179,180.42077 448.83179,180.42077 465.77626,180.53191
436.77741,174.55798 453.69032,175.33224 467.62637,177.99834
465.6995,162.16886 452.64592,165.0 441.64963,162.34198
436.22013,177.39615 447.5,180.84154 447.5,180.84154
448.83179,180.42077 448.83179,180.42077 448.83179,180.42077
;
449.41201,480.0 449.41201,480.0 445.53394,473.31527
449.98806,455.20879 450.69271,473.5 449.84003,475.10263
452.74855,480.90166 449.41201,480.0 449.41201,480.0
449.41201,480.0 449.41201,480.0 449.41201,480.0
;
455.75,480.0 455.75,480.0 447.90953,470.68535
462.39121,472.1212 455.75,480.0 455.75,480.0
455.75,480.0 455.75,480.0 455.75,480.0
;
452.52263,454.61183 452.52263,454.61183 449.0568,461.38094
450.05312,434.91431 448.98327,428.54359 447.15141,416.80883
449.29919,402.93255 453.48579,393.15246 449.73617,412.02115
456.39098,431.75282 453.84433,450.76727 453.40376,452.04879
452.9632,453.33031 452.52263,454.61183 452.52263,454.61183
452.52263,454.61183 452.52263,454.61183 452.52263,454.61183
;
447.61569,400.5 447.61569,400.5 445.22372,411.55936
440.06842,383.54466 451.64983,383.00248 453.5468,378.08207
447.17833,398.03716 447.61569,400.5 447.61569,400.5
447.61569,400.5 447.61569,400.5 447.61569,400.5
;
449.19235,381.12963 449.19235,381.12963 435.8359,394.94942
452.34699,375.1655 454.75837,369.95565 457.64971,375.47002
452.37134,377.52937 449.19235,381.12963 449.19235,381.12963
449.19235,381.12963 449.19235,381.12963 449.19235,381.12963
;
446.17174,378.42951 446.17174,378.42951 441.3148,389.92108
436.21759,364.37273 441.0,367.25468 435.36205,358.3301
426.98274,348.67646 422.32232,338.13702 421.20442,332.49891
407.97425,317.03371 411.8341,318.75 418.14281,325.16639
433.53221,333.40737 419.04406,320.66976 404.69775,307.25419
423.80904,322.36513 429.42793,327.61046 444.32124,334.35828
424.8662,319.54664 420.3499,315.14247 410.74473,308.70608
409.11362,297.21328 400.22987,291.5 393.23061,275.1652
407.84835,292.00517 414.26253,296.12533 422.81409,299.2983
432.26297,308.52846 441.11241,306.78546 450.00872,305.30935
458.63568,284.08473 462.0,289.29263 461.73212,298.53665
452.30435,304.43348 456.89895,312.05558 460.81681,292.48925
463.93902,306.00456 459.5685,318.49292 462.08758,326.32029
457.01041,333.44039 456.00003,340.21398 462.18753,341.85191
452.06023,351.52881 456.20771,361.90998 447.33334,367.45799
452.25836,372.86131 446.17174,378.42951 446.17174,378.42951
446.17174,378.42951 446.17174,378.42951 446.17174,378.42951
;
432.19098,313.92105 432.19098,313.92105 437.31481,312.27721
412.25752,304.28396 413.93299,305.1595 419.01128,309.51529
425.69708,312.62851 432.19098,313.92105 432.19098,313.92105
432.19098,313.92105 432.19098,313.92105 432.19098,313.92105
;
