134.86408,480.0 134.86408,480.0 89.909387,480.0
44.954693,480.0 0.0,480.0 0.0,320.0
0.0,160.0 0.0,0.0 284.66667,0.0
569.33333,0.0 854.0,0.0 854.0,160.0
854.0,320.0 854.0,480.0 754.5,479.998
655.0,479.996 555.5,479.994 544.5453,461.04229
554.36521,437.75232 545.6332,418.11189 539.86098,379.23763
529.25236,340.84836 530.79265,301.29276 528.63294,283.74221
521.68799,266.20631 509.66883,253.76764 505.11239,240.94546
487.05444,243.38755 477.00942,236.77368 469.88486,227.76243
469.4331,235.83651 470.45307,228.99579 474.89529,218.67136
478.09459,222.00244 478.00037,215.65087 487.81818,195.29013
486.11228,172.38268 478.00037,151.78984 478.30324,132.48809
470.12937,112.65194 454.50037,100.87253 461.71087,104.26045
441.49472,88.958899 439.35671,83.542419 423.32413,76.049644
430.18131,79.823657 437.24012,87.005045 440.1055,92.059903
435.79479,89.751481 428.62215,84.288585 416.95032,80.210863
403.28635,84.926499 392.67251,90.11347 371.75436,100.84159
362.9661,123.81348 356.53626,144.85458 349.82167,171.58308
349.0183,199.48505 339.39052,225.42265 335.88792,238.26622
331.11647,252.41469 322.07449,262.24256 311.74793,259.58362
316.26104,275.67946 305.97703,280.09647 287.42511,315.32386
284.24009,355.77498 276.9694,394.30428 271.62056,420.14856
270.38105,446.38114 270.73394,472.66201 271.51375,486.86849
251.43474,477.1621 242.29792,480.0 206.48664,480.0
170.67536,480.0 134.86408,480.0 134.86408,480.0
134.86408,480.0 134.86408,480.0 134.86408,480.0
;
353.63916,480.0 353.63916,480.0 326.86491,480.0
300.09067,480.0 273.31642,480.0 272.46603,447.97845
274.93088,416.17442 281.31749,384.76465 288.06933,349.84359
291.23925,312.91681 308.65342,281.35207 315.80095,269.8477
331.14622,267.05214 335.51884,253.83281 348.28958,223.33206
350.70671,189.86212 357.20335,157.72631 363.98878,130.74074
373.08738,97.385805 403.53745,89.06734 412.47731,88.18621
427.49563,85.701561 431.9383,92.314416 442.27768,95.432569
455.58368,101.69674 458.35185,112.2397 460.36371,119.7645
466.64828,126.37831 468.15846,137.02194 476.1664,159.44305
472.12513,183.2976 471.61489,206.5 468.1281,194.01042
469.00856,219.80599 467.04017,224.07883 463.36814,236.68808
464.09731,240.51702 477.00734,239.71954 482.75509,245.13551
495.26723,243.59562 503.08416,249.68982 508.17595,258.31228
518.10163,265.78363 521.08071,276.63647 532.02993,300.26413
526.70449,327.14722 530.66393,352.26933 536.28286,375.34805
539.09592,398.94895 543.79239,422.33066 550.79577,440.80261
543.28082,462.02659 552.00008,480.0 525.41675,480.0
498.83341,480.0 472.25008,480.0 466.70937,472.91164
484.44614,462.1613 470.68751,466.68779 469.88766,453.14136
463.6788,436.25009 469.40879,421.46947 471.72637,408.40553
477.19005,396.17935 480.95189,383.5 485.38958,397.10684
492.12442,372.89709 483.20474,378.3147 478.5326,379.00783
485.38581,358.89251 488.0191,352.5 493.60699,340.25685
492.32865,324.18476 506.3404,317.40374 512.19836,314.94703
527.50159,294.6009 514.32237,305.20949 505.23811,314.8924
490.13139,320.23596 489.43231,335.72021 479.4877,361.62739
476.20687,389.19063 467.02318,415.35945 463.29663,431.35003
463.48994,404.36977 464.28753,398.56944 465.36127,392.85005
464.37093,364.24254 462.92232,382.54248 462.85502,395.18358
459.99841,407.95436 461.98444,420.5 457.89124,411.36214
458.44369,396.76854 460.41993,389.76492 463.56001,377.15624
458.68408,384.30386 454.67422,394.62972 446.48237,405.67638
454.76552,384.46581 448.25904,393.75901 435.65937,402.63345
455.18634,385.00377 455.16712,378.83378 447.57923,388.9274
447.142,388.83053 454.53217,374.49879 462.36189,356.70281
460.7328,335.91833 455.12391,317.60101 458.07015,320.52435
459.73191,318.6972 456.82511,304.58111 453.79358,296.77842
450.83601,277.95914 452.84769,296.50963 449.36251,312.65181
449.16745,284.68714 448.4181,278.76536 444.94664,278.62051
440.03201,274.65264 439.58964,263.5 441.29212,267.30336
435.6384,273.72305 433.71581,259.3825 428.48743,265.13787
443.71612,278.71026 433.02235,283.68652 423.98156,288.80614
412.86723,278.76643 404.65846,274.32269 398.04997,268.86178
380.5473,261.37761 389.56842,251.85474 396.20696,242.32661
394.26184,234.73836 392.09879,225.33674 386.09221,204.9298
390.0169,225.52658 391.0,234.83431 394.05255,245.21037
384.59159,252.80541 381.47386,260.43253 383.92422,282.43773
391.32133,303.21024 403.31443,321.68947 408.40764,330.43085
419.10023,345.72067 402.85706,332.51908 390.61589,325.71082
377.44561,318.08866 364.0,315.00003 364.98588,318.01371
359.10821,332.45073 370.03663,325.45589 367.10058,314.60696
383.07297,329.33756 389.79299,329.91824 406.06719,337.41171
424.37936,347.61387 426.38009,367.50003 434.89643,396.66124
439.31808,427.24555 435.78781,457.6166 434.13938,466.71459
439.57106,484.95454 424.16539,480.00003 400.65666,480.00001
377.14784,480.00007 353.63916,480.0 353.63916,480.0
353.63916,480.0 353.63916,480.0 353.63916,480.0
;
390.5,414.0 390.5,414.0 403.31249,414.13436
390.88953,393.46124 385.67565,406.20029 384.04433,409.46807
385.84612,415.70444 390.5,414.0 390.5,414.0
390.5,414.0 390.5,414.0 390.5,414.0
;
475.41249,373.79826 475.41249,373.79826 486.0404,362.4724
461.79325,367.71442 475.2646,373.81936 475.2646,373.81936
475.41249,373.79826 475.41249,373.79826 475.41249,373.79826
;
465.31019,369.72258 465.31019,369.72258 468.00212,352.75232
456.67362,380.66755 465.31019,369.72258 465.31019,369.72258
465.31019,369.72258 465.31019,369.72258 465.31019,369.72258
;
512.1434,301.82014 512.1434,301.82014 523.97805,298.38156
505.05364,288.25629 509.41645,300.64286 509.17279,303.00991
510.92498,301.95783 512.1434,301.82014 512.1434,301.82014
512.1434,301.82014 512.1434,301.82014 512.1434,301.82014
;
394.93402,253.0 394.93402,253.0 402.61576,240.33828
389.38382,243.53335 394.93402,253.0 394.93402,253.0
394.93402,253.0 394.93402,253.0 394.93402,253.0
;
437.81475,251.0 437.81475,251.0 438.1274,240.2108
447.03833,231.61353 446.0,220.72366 461.8524,205.74321
465.06506,181.83747 466.0,161.10153 461.84128,142.04419
459.76346,119.29744 443.88684,106.12315 433.42541,99.77006
421.49245,104.09674 416.18725,114.77886 412.24967,122.44793
393.13089,137.46831 410.79109,138.65364 406.04387,137.59883
390.6904,139.29143 392.77186,149.10525 402.00079,134.12675
394.29248,151.94221 388.74055,157.03063 380.56991,169.2676
380.69377,185.55942 381.54775,199.51669 383.66559,208.19725
393.58034,219.11678 401.0,217.69157 394.89366,213.42285
381.10411,198.40884 384.92101,197.21482 391.34633,207.16872
386.17303,183.93001 385.82311,178.91808 388.9605,172.34866
388.9193,161.1091 397.00005,159.0 402.52929,154.81822
422.50349,162.46224 414.99558,149.89608 407.41103,145.012
399.03028,147.32913 394.62456,153.17168 405.93482,153.41847
383.71864,156.11823 401.00005,146.66527 399.79148,141.26046
399.74051,145.3701 406.81036,142.14189 414.18997,143.80352
430.09295,146.01509 418.97947,138.77916 404.2893,136.53495
414.17956,127.36382 417.36853,118.399 423.96319,107.0215
428.36364,108.20139 437.75511,107.0 433.95158,110.06704
444.48005,111.91088 447.61666,117.79381 452.25142,122.91468
457.36186,136.38118 459.04833,143.28497 449.05639,137.92654
434.46972,139.42507 454.25668,139.36769 464.98301,140.16179
441.74897,131.85639 436.91796,138.23056 428.60972,143.07751
442.01591,144.66399 449.85972,143.13838 464.88669,143.51369
463.13779,163.81381 462.31397,174.33448 457.92469,193.16476
454.48268,219.38017 431.48407,223.37202 413.78716,223.83024
427.18465,227.29712 437.59585,224.88322 432.67243,236.84314
435.63079,231.84792 441.53137,223.70335 449.82886,223.66865
434.22569,240.20147 437.21006,248.07018 437.51395,248.79962
435.88356,255.41077 437.81475,251.0 437.81475,251.0
437.81475,251.0 437.81475,251.0 437.81475,251.0
;
427.88388,250.57177 427.88388,250.57177 436.52666,238.19886
430.04819,237.80432 427.0,251.11803 427.0,251.11803
427.88388,250.57177 427.88388,250.57177 427.88388,250.57177
;
400.70699,246.0 400.70699,246.0 400.03588,238.11203
399.7349,224.14295 393.08872,219.0 397.47463,227.70639
394.80133,238.1683 400.70699,246.0 400.70699,246.0
400.70699,246.0 400.70699,246.0 400.70699,246.0
;
417.52305,204.0 417.52305,204.0 420.25468,197.43493
439.07263,207.9539 443.83721,197.56435 436.61804,185.2521
437.12715,190.95013 431.85205,192.44968 420.45338,192.23631
420.75003,187.75328 413.48446,197.04896 411.74324,199.20982
415.30437,204.28372 417.52305,204.0 417.52305,204.0
417.52305,204.0 417.52305,204.0 417.52305,204.0
;
418.27305,180.96959 418.27305,180.96959 417.07703,182.40869
420.2047,160.64427 413.13487,174.85042 412.27025,176.17249
415.84172,182.56448 418.27305,180.96959 418.27305,180.96959
418.27305,180.96959 418.27305,180.96959 418.27305,180.96959
;
426.0,179.88501 426.0,179.88501 431.28254,177.43658
416.64026,170.8323 418.16147,176.59997 417.6998,179.73138
423.96218,179.6114 426.0,179.88501 426.0,179.88501
426.0,179.88501 426.0,179.88501 426.0,179.88501
;
432.75,178.98469 432.75,178.98469 446.07359,175.60952
423.46905,170.43439 432.75,178.98469 432.75,178.98469
432.75,178.98469 432.75,178.98469 432.75,178.98469
;
444.4153,161.98469 444.4153,161.98469 450.34548,158.82343
434.72367,156.9872 453.33718,157.14396 468.97526,155.32026
448.76791,142.49619 441.68426,149.16336 433.31095,151.64204
438.4019,161.53892 444.4153,161.98469 444.4153,161.98469
444.4153,161.98469 444.4153,161.98469 444.4153,161.98469
;
418.48746,122.0 418.48746,122.0 431.11079,109.09706
417.70483,113.04066 418.48746,122.0 418.48746,122.0
418.48746,122.0 418.48746,122.0 418.48746,122.0
;
448.93668,480.0 448.93668,480.0 431.65992,485.63433
438.34652,468.48129 438.05295,457.96588 441.44815,439.84691
439.55153,420.38313 437.0,402.39128 452.42887,398.78797
445.25723,417.93127 446.18537,426.78936 449.38953,425.84926
444.31827,403.75279 453.90909,402.08406 461.22145,385.02756
455.41397,410.8717 459.10654,417.21656 461.01056,423.69885
463.17469,446.98601 455.99996,440.0 455.05208,447.12693
457.84686,470.36983 457.91442,451.65256 458.91292,438.12335
469.04307,471.13402 460.76732,466.69674 467.30629,477.86857
460.45473,482.21745 448.93668,480.0 448.93668,480.0
448.93668,480.0 448.93668,480.0 448.93668,480.0
;
441.39189,461.10156 441.39189,461.10156 446.86449,456.60457
454.21811,431.98871 445.49343,449.36506 444.41128,451.26006
435.04444,468.07645 441.39189,461.10156 441.39189,461.10156
441.39189,461.10156 441.39189,461.10156 441.39189,461.10156
;
465.57807,457.0 465.57807,457.0 461.29393,449.82431
463.51281,429.04371 464.4845,449.30489 464.04197,451.50613
466.52796,455.70478 465.57807,457.0 465.57807,457.0
465.57807,457.0 465.57807,457.0 465.57807,457.0
;
438.1291,398.09229 438.1291,398.09229 429.63683,398.60018
442.55361,384.6015 446.46278,379.65267 449.68507,381.66241
441.53162,393.26882 438.1291,398.09229 438.1291,398.09229
438.1291,398.09229 438.1291,398.09229 438.1291,398.09229
;
435.76267,388.0 435.76267,388.0 429.09497,379.04746
451.64231,379.02211 436.39056,388.0 436.39056,388.0
435.76267,388.0 435.76267,388.0 435.76267,388.0
;
433.57691,381.0 433.57691,381.0 433.40308,376.08725
423.97159,360.73611 432.16519,361.22013 426.69326,352.13018
418.27612,345.3026 414.5,334.89486 410.38295,324.44099
405.90657,320.63528 400.50362,310.5 394.77786,301.202
388.3694,288.68068 389.25388,278.82193 387.07856,280.58272
383.58232,258.76542 392.11963,268.67516 388.61472,280.40247
388.22889,277.89903 396.7299,283.37492 401.99272,286.76829
417.15534,310.25664 404.5,297.40555 394.25978,284.5844
406.91949,306.60151 412.39984,309.68236 415.271,313.82643
434.6509,331.3164 425.81321,320.63353 412.19213,304.21671
424.35399,319.05984 428.07429,317.59726 414.14988,305.24806
406.834,287.53749 391.89166,276.09441 392.27344,261.66803
406.48602,282.87542 415.10369,283.71282 422.0288,287.93609
441.81911,288.56468 439.12062,289.32242 438.57997,300.08178
444.64147,287.65042 443.95512,303.72346 445.38372,314.02527
448.50132,317.92087 449.97629,326.49998 451.07457,340.8824
452.45974,341.20314 454.10841,329.0 455.18962,333.50392
458.52647,342.94042 447.4481,347.5 433.22491,357.40736
466.53236,339.43906 448.5,354.1453 462.24944,351.33312
451.12566,352.82145 452.00003,363.99594 455.72894,377.01205
442.08799,377.15302 433.57691,381.0 433.57691,381.0
433.57691,381.0 433.57691,381.0 433.57691,381.0
;
452.609,321.72433 452.609,321.72433 447.00418,315.12098
450.53157,299.2301 451.26552,317.5 450.98809,318.78287
454.46157,320.69016 452.609,321.72433 452.609,321.72433
452.609,321.72433 452.609,321.72433 452.609,321.72433
;
442.0,291.5 442.0,291.5 437.26953,285.39565
446.32276,277.7299 442.0,291.5 442.0,291.5
442.0,291.5 442.0,291.5 442.0,291.5
;
434.75,286.9278 434.75,286.9278 437.74991,288.88404
440.50632,265.50522 441.18607,278.20013 443.44507,280.51341
437.0828,287.17295 434.75,286.9278 434.75,286.9278
434.75,286.9278 434.75,286.9278 434.75,286.9278
;
331.0,256.5 331.0,256.5 328.04768,251.63505
343.15378,230.13325 333.89213,249.61803 331.18035,251.32703
333.10971,255.19646 331.0,256.5 331.0,256.5
331.0,256.5 331.0,256.5 331.0,256.5
;
475.8482,213.59382 475.8482,213.59382 471.16162,210.39936
479.16994,205.6647 476.24458,195.5 479.72802,185.87224
478.51675,211.94135 476.10921,211.18931 476.10921,211.18931
477.00541,212.87862 477.00541,212.87862 477.00541,212.87862
475.8482,213.59382 475.8482,213.59382 475.8482,213.59382
;
480.47651,192.78966 480.47651,192.78966 477.47751,186.20691
479.85616,168.08013 480.17086,186.45187 479.94785,188.40778
481.18533,190.99607 480.47651,192.78966 480.47651,192.78966
480.47651,192.78966 480.47651,192.78966 480.47651,192.78966
;
472.25,128.884 472.25,128.884 467.40331,126.59761
465.609,121.59996 467.89475,118.0 468.22126,120.688
474.6139,127.67284 472.25,128.884 472.25,128.884
472.25,128.884 472.25,128.884 472.25,128.884
;
