427.0,480.0 427.0,480.0 284.66667,480.0
142.33333,480.0 0.0,480.0 0.0,320.0
0.0,160.0 0.0,0.0 284.66667,0.0
569.33333,0.0 854.0,0.0 854.0,160.0
854.0,320.0 854.0,480.0 711.66667,480.0
569.33333,480.0 427.0,480.0 427.0,480.0
427.0,480.0 427.0,480.0 427.0,480.0
;
260.24669,479.0 260.24669,479.0 264.91774,470.08939
263.62108,455.04164 265.90402,443.67162 267.81878,415.35808
279.91261,388.78223 278.36389,360.16998 279.53227,336.53774
287.07508,313.38073 294.72495,291.21985 299.44263,275.4336
312.9613,266.4089 326.23595,258.41546 342.3867,248.10761
340.81101,225.63108 347.8793,209.48639 356.00691,177.57646
357.66317,143.27859 375.19286,114.34976 386.36594,95.877672
410.10753,81.730489 431.64132,89.239775 440.91841,96.709401
454.60166,96.915085 460.01097,109.24253 474.16472,137.72554
478.35835,170.68167 475.96995,202.13144 473.28722,214.98587
475.77613,228.09325 477.99441,240.82592 487.75734,245.93725
499.37428,251.53985 505.24475,252.34874 503.3452,254.42347
518.03303,254.343 520.0,264.33226 523.69929,272.32571
533.54955,278.30163 535.27294,288.38606 541.57227,311.96776
543.34551,336.243 544.5489,360.6245 544.5012,381.42373
550.59406,401.53491 551.41897,422.39515 553.9503,431.58984
551.99336,442.53335 556.25089,450.58677 562.57238,456.06165
554.83555,481.72007 562.17452,477.04156 562.07226,464.98126
562.47622,452.93977 556.8097,442.60334 554.39359,418.42228
550.80535,394.51586 547.62657,370.62757 547.51613,350.35777
544.8323,330.65362 542.92262,310.71627 540.11994,294.23033
537.4621,274.77459 522.17604,265.04646 523.91055,254.75515
508.79449,250.02309 500.64646,248.0 495.66409,245.36959
477.2755,240.17544 486.00095,238.0 486.55228,236.75265
477.94883,231.6555 480.42672,220.79412 487.34542,200.78552
486.88834,178.96945 481.15728,158.49997 480.56617,138.41516
474.90039,115.90035 460.485,102.38319 452.58264,96.248688
446.48496,88.018225 439.73631,79.984281 431.43511,76.324133
425.62436,86.247982 413.57894,83.481902 403.89892,86.875847
400.92909,85.614781 391.91237,92.052947 381.18457,98.641681
382.22441,97.213207 376.98782,106.51453 366.78369,120.17412
361.24971,137.31992 354.64818,152.20127 359.03896,151.06196
349.47316,170.12145 350.2994,177.37404 347.6987,202.15456
340.39868,226.20235 329.62575,248.5 326.181,251.51203
329.65005,253.80234 318.61641,259.83973 309.05701,263.85922
303.45245,267.53038 298.64166,277.35332 285.67136,298.86579
281.71234,324.60657 276.56801,348.83416 274.46095,368.2401
276.16918,387.82647 269.12183,406.44686 263.5655,430.29077
262.69283,454.89752 258.77825,479.0 258.77825,479.0
260.24752,479.0 260.24752,479.0 260.24752,479.0
260.24669,479.0 260.24669,479.0 260.24669,479.0
;
478.12532,153.83147 478.12532,153.83147 478.40876,145.5259
475.86367,145.69231 476.91176,139.0 477.88293,130.57286
480.44171,153.79426 478.12532,153.83147 478.12532,153.83147
478.12532,153.83147 478.12532,153.83147 478.12532,153.83147
;
475.64387,137.09805 475.64387,137.09805 471.6259,143.3644
469.75971,113.28696 474.59423,127.35736 474.92967,130.59342
478.95918,134.41748 475.64387,137.09805 475.64387,137.09805
475.64387,137.09805 475.64387,137.09805 475.64387,137.09805
;
443.03518,92.0 443.03518,92.0 436.54022,90.956652
428.95607,76.724446 434.35549,80.048174 436.40397,82.921832
445.3466,89.687312 443.03518,92.0 443.03518,92.0
443.03518,92.0 443.03518,92.0 443.03518,92.0
;
416.36066,479.0 416.36066,479.0 420.52809,470.75247
421.09624,456.64045 420.92738,445.74439 421.98409,433.67757
420.09297,422.15628 418.28705,410.36754 425.69083,403.98585
432.80447,395.81697 438.61223,391.91436 435.08464,399.3975
426.68475,413.84577 421.00002,414.78602 428.53409,419.03234
437.34611,421.23111 432.27829,436.43606 431.17845,457.34589
435.18898,442.83209 435.23303,430.60848 434.31982,422.71794
442.14068,414.43259 444.70619,410.70601 450.7305,390.79582
447.52152,409.77257 447.63303,420.25242 446.83762,434.76499
448.80435,449.76194 442.88294,463.46851 436.58355,446.78761
438.12278,473.52834 439.24995,478.57802 438.08714,476.56817
446.85339,452.72227 446.75728,468.80015 447.29746,487.66984
455.95577,473.96367 449.56847,462.56278 450.86324,432.79122
468.47602,407.1067 476.05145,378.83628 483.44907,367.50311
484.66774,353.62773 490.98726,342.09034 501.71336,333.07111
516.10316,329.26089 526.40031,319.09228 528.88461,309.86591
512.28136,325.56373 507.57423,327.66433 493.58798,331.46149
482.27524,342.60512 481.37843,357.50061 469.41773,383.84144
460.20068,411.43613 449.91635,438.50061 450.85754,423.78347
449.62137,408.84867 452.21361,394.29658 443.88741,392.31542
443.18055,416.32579 436.01815,416.25061 444.92617,401.54194
441.08296,405.22595 431.00195,410.18837 430.01462,416.97604
428.42528,409.77114 437.97464,402.74786 438.05964,397.05037
441.48389,397.14786 443.47827,389.39335 452.01825,371.9712
450.56114,352.13854 450.49995,333.19159 456.2712,333.16759
451.12736,311.47583 452.04244,302.94449 449.93672,283.92132
449.6283,306.41006 448.60127,314.00061 448.18257,315.56511
447.13366,295.76831 446.66895,289.22285 446.53315,270.78745
443.00101,293.85563 442.38029,274.04761 441.22763,279.13172
440.91734,291.41211 438.71277,272.62631 435.91197,255.40522
440.78461,238.97614 450.03205,224.50061 448.77116,213.96456
460.54828,203.89777 463.77533,197.22144 460.26093,182.69914
470.69709,168.93159 466.44211,154.13113 468.72468,154.02184
467.1359,154.06133 464.46016,144.09178 459.46088,128.39871
457.79095,106.76527 438.69553,102.23025 419.55306,95.030675
408.67052,116.26099 398.58855,128.58829 405.8873,135.24379
407.64731,129.94268 393.45232,135.50061 381.54612,145.03285
399.02904,150.27197 388.96371,151.00061 376.14512,158.69957
379.68198,178.40026 378.40189,191.72789 375.00787,204.00266
388.07513,211.66893 385.9527,223.89833 384.45329,236.1971
390.87118,249.37827 388.27052,229.58905 386.95508,216.70303
383.55253,212.68206 396.15496,217.72679 386.58363,210.2306
387.22071,205.82105 383.90235,195.95822 385.06703,182.95091
379.74924,165.28926 391.16671,156.24672 391.64116,154.9235
414.91874,149.80611 404.74985,156.01157 399.434,164.10713
421.73696,147.80508 405.92476,144.06707 394.29279,148.5678
395.80896,138.36901 392.81724,146.15185 391.51741,134.99112
406.91966,136.38979 414.75608,138.2618 420.51764,137.93507
416.74047,131.84191 406.04403,128.74783 412.45071,116.67034
413.357,117.87694 421.37037,108.55372 427.81008,103.2794
425.60002,108.96155 439.08647,108.04675 450.50024,111.27415
444.42987,112.36132 450.3975,114.83415 451.20739,124.40003
459.5104,133.86858 460.01226,142.32106 457.21359,134.85839
430.1554,134.26614 443.36985,134.44341 452.01146,134.18302
464.76155,142.94046 451.36608,132.17743 442.32936,129.71702
428.51356,131.46318 432.79441,138.89417 444.05461,138.17669
459.45473,138.0704 462.28077,152.28124 465.1252,171.36577
459.65158,190.72711 452.26451,208.04571 447.32584,216.47662
437.85782,220.1047 428.99997,222.68009 415.18973,222.47029
409.46427,225.50426 426.39692,225.50213 434.35043,226.88381
450.72033,212.24168 447.99997,224.0721 443.58258,235.6261
433.5528,246.77011 436.57169,260.61064 440.1316,276.84173
429.25083,258.10387 433.73147,272.49992 438.7395,282.62609
430.61544,297.54246 419.16381,290.59067 403.1716,282.57124
385.39387,270.46337 380.99998,252.24918 373.46187,252.23558
377.72719,271.93088 376.93253,280.28585 380.11743,304.93836
392.92236,326.27816 401.06539,349.43677 388.56772,338.18874
374.49,328.62823 359.64495,320.76497 351.04661,328.37712
371.13577,327.68475 376.32081,335.59851 392.68258,345.43999
410.0401,358.36751 410.68105,379.30428 414.79661,409.49145
422.77827,439.74382 416.45693,470.23658 417.58183,472.33518
413.00609,479.65508 416.36063,479.0 416.36063,479.0
416.36066,479.0 416.36066,479.0 416.36066,479.0
;
418.0,407.0 418.0,407.0 412.78502,400.31839
430.3031,399.34895 419.0,407.0 419.0,407.0
418.0,407.0 418.0,407.0 418.0,407.0
;
421.25,400.35029 421.25,400.35029 405.98125,398.74949
436.26648,386.35961 429.33882,397.46247 426.73334,398.71074
424.22762,400.20037 421.25,400.35029 421.25,400.35029
421.25,400.35029 421.25,400.35029 421.25,400.35029
;
417.34673,393.0 417.34673,393.0 414.00166,386.58088
410.21717,370.34717 414.98585,367.87331 408.63665,359.99462
403.98434,351.39117 401.01809,341.0 393.83144,320.45216
382.13735,301.83331 379.7757,279.89096 380.43475,270.99779
388.263,281.18944 387.0,283.44805 387.5887,285.80275
397.32247,294.34767 400.43687,302.26702 402.06416,308.70074
384.75332,281.22269 396.38692,303.13382 403.24214,313.64032
412.20394,327.08907 421.20197,333.13135 419.05465,328.49334
402.79563,309.96994 411.76273,319.56551 423.05026,332.16068
427.24185,331.55347 414.24382,318.64091 402.00136,304.2344
395.97805,284.88988 380.15618,273.22427 376.2503,259.2114
382.21614,257.11121 386.29184,269.83981 384.87061,280.93366
388.86685,263.87454 397.88775,280.02569 408.22655,287.14152
421.14058,299.68044 434.24122,294.95778 440.71521,299.9381
427.37673,305.0869 437.61773,301.3853 443.43298,295.81957
438.54011,316.76755 442.44952,321.49999 442.51082,326.72013
439.84354,353.11417 443.68487,342.27474 452.21644,345.52285
439.807,357.4875 442.11726,356.04558 443.06102,337.87155
439.39714,363.24362 435.26279,361.81207 437.49538,369.80475
446.45291,348.56815 446.82076,362.97118 431.22899,368.76269
440.08561,363.63956 443.00004,371.38541 435.4063,373.70447
447.36898,376.63129 441.00001,379.49999 442.46919,382.48667
433.4576,393.98955 422.61654,392.067 420.85279,392.30303
419.15578,393.17106 417.34673,393.0 417.34673,393.0
417.34673,393.0 417.34673,393.0 417.34673,393.0
;
426.19098,304.95611 426.19098,304.95611 437.85597,304.18672
409.85643,299.89258 414.19234,301.04816 417.76976,303.06822
422.0508,305.01613 426.19098,304.95611 426.19098,304.95611
426.19098,304.95611 426.19098,304.95611 426.19098,304.95611
;
429.32708,470.49822 429.32708,470.49822 436.59697,459.83167
436.85836,446.98802 429.8683,465.37063 429.48438,466.33486
426.15156,476.4694 429.32708,470.49822 429.32708,470.49822
429.32708,470.49822 429.32708,470.49822 429.32708,470.49822
;
436.9819,451.0 436.9819,451.0 440.22097,448.24485
447.1284,424.2986 443.12875,430.59235 441.55013,436.93285
436.62811,446.08887 436.9819,451.0 436.9819,451.0
436.9819,451.0 436.9819,451.0 436.9819,451.0
;
369.93248,422.0 369.93248,422.0 384.32722,420.91825
369.92548,400.06018 365.0,414.16357 364.16076,417.44847
366.27948,422.13125 369.93248,422.0 369.93248,422.0
369.93248,422.0 369.93248,422.0 369.93248,422.0
;
371.02107,419.0 371.02107,419.0 365.0651,408.9864
380.52704,413.25998 371.02107,419.0 371.02107,419.0
371.02107,419.0 371.02107,419.0 371.02107,419.0
;
475.66482,406.0 475.66482,406.0 487.31943,406.30642
477.32392,386.60397 470.61456,398.38544 468.49213,401.79632
470.72354,407.50608 475.66482,406.0 475.66482,406.0
475.66482,406.0 475.66482,406.0 475.66482,406.0
;
475.57752,404.0 475.57752,404.0 463.55307,397.47119
487.81117,395.22718 475.57752,404.0 475.57752,404.0
475.57752,404.0 475.57752,404.0 475.57752,404.0
;
463.5,391.0 463.5,391.0 476.48462,387.85573
456.67585,374.43144 459.71875,388.47448 460.66468,390.62253
460.85683,391.66888 463.5,391.0 463.5,391.0
463.5,391.0 463.5,391.0 463.5,391.0
;
351.18137,329.0 351.18137,329.0 363.38549,326.48544
352.11019,307.43253 349.86597,320.85196 346.62814,321.18228
346.97436,330.62629 351.18137,329.0 351.18137,329.0
351.18137,329.0 351.18137,329.0 351.18137,329.0
;
516.81574,316.92105 516.81574,316.92105 528.03131,315.14926
514.39986,300.91172 511.92963,312.00005 513.22532,314.34081
513.64663,316.6527 516.81574,316.92105 516.81574,316.92105
516.81574,316.92105 516.81574,316.92105 516.81574,316.92105
;
464.0,292.0 464.0,292.0 466.03345,274.05751
458.96736,287.96214 464.0,292.0 464.0,292.0
464.0,292.0 464.0,292.0 464.0,292.0
;
461.44989,291.78966 461.44989,291.78966 461.08514,277.27359
459.88322,266.91994 460.02731,287.5 460.53059,287.77281
460.79564,292.75603 461.44989,291.78966 461.44989,291.78966
461.44989,291.78966 461.44989,291.78966 461.44989,291.78966
;
394.03374,254.0 394.03374,254.0 395.0548,243.27195
394.77327,228.3099 388.89415,217.5 391.75645,229.279
389.80062,243.47667 394.03374,254.0 394.03374,254.0
394.03374,254.0 394.03374,254.0 394.03374,254.0
;
434.49181,246.0068 434.49181,246.0068 439.33684,240.38769
443.24197,219.96288 436.73371,237.19232 436.67431,238.88378
431.35742,249.07432 434.49181,246.0068 434.49181,246.0068
434.49181,246.0068 434.49181,246.0068 434.49181,246.0068
;
410.92087,202.0 410.92087,202.0 410.53973,194.97986
432.05805,205.989 436.69233,197.62807 434.43025,187.25815
432.02626,186.00324 427.75,189.82045 418.52954,188.86282
408.0209,186.27201 405.0,196.70795 407.04282,198.09056
408.35382,201.91092 410.92087,202.0 410.92087,202.0
410.92087,202.0 410.92087,202.0 410.92087,202.0
;
430.88922,178.0 430.88922,178.0 442.81651,174.78118
426.20827,155.52877 434.0,174.0 434.0115,174.69176
428.11488,178.60883 430.88922,178.0 430.88922,178.0
430.88922,178.0 430.88922,178.0 430.88922,178.0
;
411.59448,177.0 411.59448,177.0 409.01089,176.75009
414.28931,157.14799 407.51133,169.81086 405.9436,172.14807
409.07601,177.30935 411.59448,177.0 411.59448,177.0
411.59448,177.0 411.59448,177.0 411.59448,177.0
;
417.12756,175.884 417.12756,175.884 423.14721,163.83992
409.37078,178.6582 412.0381,168.0 409.42665,173.52732
411.59046,175.24374 417.12756,175.884 417.12756,175.884
417.12756,175.884 417.12756,175.884 417.12756,175.884
;
429.68282,175.18489 429.68282,175.18489 434.17783,166.57122
432.15526,174.52025 424.81636,170.45508 422.33056,174.67144
425.02475,176.52971 429.68282,175.18489 429.68282,175.18489
429.68282,175.18489 429.68282,175.18489 429.68282,175.18489
;
439.70588,159.0 439.70588,159.0 433.87932,151.11388
450.02831,158.64125 457.5,154.5 459.27631,144.93263
439.14201,141.71357 434.06887,149.34448 430.68038,151.56583
437.17193,159.05861 439.70588,159.0 439.70588,159.0
439.70588,159.0 439.70588,159.0 439.70588,159.0
;
