427.0,480.0 427.0,480.0 284.66667,480.0
142.33333,480.0 0.0,480.0 0.0,320.0
0.0,160.0 0.0,0.0 284.66667,0.0
569.33333,0.0 854.0,0.0 854.0,160.0
854.0,320.0 854.0,480.0 711.66667,480.0
569.33333,480.0 427.0,480.0 427.0,480.0
427.0,480.0 427.0,480.0 427.0,480.0
;
261.36966,479.0 261.36966,479.0 266.45346,469.8943
265.21114,454.42295 267.79789,442.90095 270.22874,418.96861
278.05585,396.01334 282.38044,372.58334 282.02222,341.52289
290.63852,310.50913 304.35393,282.86847 312.2118,266.30596
336.0201,264.39021 339.34691,244.63279 348.08608,219.53048
355.40836,194.10986 359.1947,167.78072 366.05215,140.61195
374.89432,106.88175 404.34067,96.609518 415.42256,94.463418
427.91644,94.37685 437.98497,100.0 460.73237,108.53922
465.99479,136.69823 470.96823,157.91447 478.79699,184.73669
469.81331,212.4365 475.78036,239.44029 475.84376,249.68017
487.54632,250.89093 495.04098,256.19825 501.0258,255.98693
498.71308,257.82985 509.49698,261.93975 513.804,271.17256
521.27078,278.52734 525.79729,288.53349 534.76008,319.22005
531.88635,351.81408 535.85852,383.03846 540.98108,405.62668
538.47493,430.56394 547.06257,451.9149 548.35311,458.06172
543.32098,481.98354 549.36971,476.74911 550.24363,464.26877
551.91231,450.75844 545.6637,439.55425 543.25729,414.86645
539.38607,390.15066 536.97721,365.71583 538.09892,347.0252
533.52155,328.84188 533.0885,310.29833 531.01611,295.65499
528.17302,279.39456 515.99992,269.62493 516.87563,259.1183
502.78095,254.54293 494.68231,251.99911 483.25136,250.58999
481.93388,237.88972 479.07254,229.62862 475.73232,214.87718
486.6447,200.41684 482.14207,185.19973 476.31008,163.7839
479.752,139.60856 465.47564,120.92804 459.10091,105.64451
442.92297,99.927462 433.82908,87.0 419.69528,84.952937
442.3933,98.431844 428.98469,91.575686 419.36862,87.446625
420.39407,91.120999 406.78705,92.281891 384.55483,97.647811
372.46572,117.7719 364.41803,137.52328 355.84481,152.41326
365.09185,140.15145 358.98111,155.75707 351.42088,177.10025
352.50445,199.70256 343.57319,220.14712 338.33852,231.41335
337.03889,245.73514 327.49903,254.16742 336.38588,251.60966
318.4402,266.84265 313.69821,266.36586 306.94701,266.9298
305.47712,279.24487 299.83697,285.00001 288.19604,311.75553
279.04689,340.72556 279.91696,370.29013 274.55689,397.43929
266.33714,424.31303 263.88574,452.13612 263.64406,460.45319
259.24705,473.13944 261.36869,479.00001 261.36869,479.00001
261.36966,479.0 261.36966,479.0 261.36966,479.0
;
473.0,143.0 473.0,143.0 464.07929,137.05122
472.9762,127.34855 473.0,143.0 473.0,143.0
473.0,143.0 473.0,143.0 473.0,143.0
;
414.09471,478.8026 414.09471,478.8026 416.15161,471.77426
424.74669,469.13807 428.70656,458.58977 435.06862,448.93913
434.22657,441.68887 427.9693,455.21648 420.67917,469.40137
411.55684,469.74524 422.91136,455.31638 428.23777,440.7899
414.21518,468.58225 419.236,452.04598 420.34856,438.46078
420.61529,424.17403 419.55034,411.11611 431.92274,405.19588
432.27959,419.03239 430.71315,427.84994 430.54347,447.95654
433.61188,433.28893 433.10466,421.65328 433.27499,409.91549
443.46073,401.75946 447.27191,390.5 441.93802,409.55446
447.97556,431.35018 441.7474,449.65612 434.7698,440.14165
438.15831,460.27544 436.96675,466.87651 441.15758,481.91263
436.80154,449.02331 444.5539,456.25534 447.46199,467.57906
441.5042,473.90155 443.32103,479.0 454.15392,481.61401
450.20618,471.68909 448.75717,461.22255 443.71639,434.21418
461.79904,409.86872 468.4611,384.55526 472.90567,370.42802
480.81823,357.65819 483.9591,343.09989 492.55843,330.84078
510.99174,331.04655 519.82265,318.52206 511.92654,315.90913
504.52804,329.10196 495.19372,329.74485 474.97927,335.59334
477.92188,360.00285 467.98093,374.72551 464.26377,390.39844
465.54347,375.11034 456.5,379.71797 455.34486,392.05103
470.61291,380.81119 460.72313,395.65756 455.50968,408.03494
450.87288,420.65137 446.93386,433.5 447.52266,418.09991
447.58915,402.66876 449.2653,387.33333 442.84084,386.89276
436.2278,411.32505 434.8189,405.42583 444.42128,390.92188
431.98947,405.22103 425.82619,404.77454 444.29027,387.2208
450.7087,361.38559 448.70832,336.61277 448.21384,327.65506
449.96498,305.26043 450.0,326.31095 452.57086,332.80254
452.53894,343.76432 452.38859,324.7215 451.27119,314.95786
452.89701,303.62185 449.1533,294.81997 445.1167,319.81972
448.21945,275.84339 446.49491,282.5 445.92253,294.80985
443.0789,305.6915 443.21898,286.24738 440.26493,264.95924
443.33695,284.74323 439.86655,284.08338 434.10965,266.1489
442.24586,248.16527 448.0,231.62433 445.1502,219.97951
457.49385,213.5963 459.01334,202.71073 464.21082,198.33018
458.38875,187.25825 463.37378,179.88606 464.1229,171.67617
466.25273,155.07689 462.01533,155.97249 458.50336,142.2804
454.37474,126.52629 446.97321,115.0 445.09007,117.33403
431.34665,106.47473 422.8091,112.40413 410.31529,118.1016
404.20661,132.79372 396.23754,143.41769 407.57295,150.97891
402.30703,144.42902 391.9126,150.31743 386.87058,163.752
395.65364,158.06287 383.02297,169.5 377.75191,181.2092
382.05079,195.11712 380.82197,207.75504 387.06895,217.92117
394.79972,227.377 392.71902,240.28959 393.75975,256.50488
398.58582,258.45747 395.55756,240.64018 397.4813,233.05396
385.98735,218.16555 398.89329,225.44004 383.68559,211.39458
383.142,188.30301 389.374,169.71496 393.12893,162.18877
410.18512,169.65466 409.45055,161.08951 407.7122,149.86744
386.85525,160.89267 393.1299,154.72276 395.75397,145.51417
415.64521,157.81933 415.00637,149.55952 404.48787,144.63494
399.68919,142.3488 411.0,133.21218 403.50638,133.58734
417.06056,121.02035 422.94258,116.01251 421.96247,116.80636
443.43023,114.30328 433.5,117.14369 431.47994,118.64833
449.5564,123.2254 440.4593,116.00981 454.01062,119.82045
439.33111,124.78388 447.0,126.93711 451.13387,128.09338
452.7271,144.13384 457.45873,151.02333 461.35506,165.68475
460.856,180.41165 455.9463,194.60634 455.45438,214.3176
438.27612,230.81145 418.5,229.90444 404.54128,232.06917
434.14346,233.11269 438.97245,228.09832 435.80142,238.30875
434.45831,242.18089 441.91026,228.24347 448.36379,217.36612
446.17301,239.90239 441.20495,245.365 436.0468,251.8945
438.82611,275.1343 434.03063,272.49988 428.97944,263.90309
440.4766,290.54142 428.81032,291.73878 419.94099,298.67697
409.55065,285.98382 401.89997,281.26079 394.15275,274.72644
382.91024,266.02632 384.13838,255.19696 393.18628,245.53037
385.96217,246.93984 379.30632,257.67429 376.36801,277.93844
381.25812,299.83407 389.84148,318.5 391.31109,324.27464
405.38366,352.04127 400.44059,345.00446 386.19531,333.26957
369.54544,323.23055 353.99971,315.0 356.83171,318.59551
346.21905,330.3992 358.5192,327.03154 360.16914,317.82283
371.79314,332.33591 379.33669,334.396 394.10147,343.20502
409.78786,354.53496 410.57334,373.35351 415.88897,403.4561
421.08457,434.30382 414.52558,464.65854 415.06713,468.17554
410.79778,478.76839 414.09471,478.8026 414.09471,478.8026
414.09471,478.8026 414.09471,478.8026 414.09471,478.8026
;
424.7106,401.86455 424.7106,401.86455 416.96254,418.15755
412.08728,385.79534 424.49999,389.01115 436.11627,390.16287
412.52137,399.47733 419.50178,401.09992 425.62788,395.81965
435.05921,392.73786 424.71059,401.8637 424.71059,401.8637
424.7106,401.86455 424.7106,401.86455 424.7106,401.86455
;
418.83416,388.58678 418.83416,388.58678 413.33291,385.16852
411.87444,368.81928 416.0,364.12164 405.96579,355.00203
401.84845,338.83926 397.97762,328.0 392.13047,318.2193
387.69542,305.04872 384.06339,293.29283 377.86533,274.61276
395.51072,290.0469 392.28413,288.68214 391.45806,301.33741
403.46264,312.91963 410.61017,323.35342 424.26539,339.91951
415.82903,325.30615 412.95929,321.85242 423.72327,333.87289
425.92047,330.49903 414.43454,319.80345 403.32389,306.62865
398.5068,288.56902 384.43933,277.5 375.55074,267.7483
385.00348,257.11479 388.01033,273.13876 388.47269,281.89498
390.9578,268.9493 400.49903,283.67258 409.6406,289.54468
421.07854,299.84705 431.63902,297.43052 431.15905,297.56475
440.12321,295.49784 437.61182,302.75565 445.72494,297.27974
436.04412,313.84494 439.95612,322.51716 437.36431,331.77253
441.7921,333.85208 440.10823,346.41828 443.13778,358.54642
424.93577,360.54389 437.28088,359.98625 445.62083,350.25671
447.75677,361.43074 437.49908,361.91314 427.68531,369.2012
450.66555,358.8842 438.36353,370.78068 442.14992,383.64381
430.74152,386.74418 420.49908,388.0922 420.49908,388.0922
418.83324,388.58678 418.83324,388.58678 418.83324,388.58678
418.83416,388.58678 418.83416,388.58678 418.83416,388.58678
;
422.5,304.90979 422.5,304.90979 428.41024,304.98529
399.12449,296.03749 418.72033,304.61251 419.80585,305.5099
421.2483,304.77364 422.5,304.90979 422.5,304.90979
422.5,304.90979 422.5,304.90979 422.5,304.90979
;
441.9479,354.0 441.9479,354.0 438.7525,349.97534
445.15982,327.96477 445.87168,343.5 444.9782,353.1772
444.52611,348.87116 441.9479,354.0 441.9479,354.0
441.9479,354.0 441.9479,354.0 441.9479,354.0
;
442.94973,325.0471 442.94973,325.0471 440.34865,325.0621
443.60802,297.73863 443.99432,305.31339 446.24019,312.09896
441.85803,318.40494 442.94973,325.0471 442.94973,325.0471
442.94973,325.0471 442.94973,325.0471 442.94973,325.0471
;
401.61555,305.0 401.61555,305.0 395.10067,298.77491
389.32379,283.81797 398.92244,299.88987 399.1413,300.98378
402.79031,304.65959 401.61555,305.0 401.61555,305.0
401.61555,305.0 401.61555,305.0 401.61555,305.0
;
427.22806,296.0 427.22806,296.0 432.07349,299.19492
438.7124,271.05326 438.207,284.5 439.27002,289.07728
430.97825,294.7811 427.22806,296.0 427.22806,296.0
427.22806,296.0 427.22806,296.0 427.22806,296.0
;
372.25,416.98469 372.25,416.98469 385.02874,415.96336
373.16719,396.91391 367.49533,408.00903 364.28128,410.84471
368.2473,417.6328 372.25,416.98469 372.25,416.98469
372.25,416.98469 372.25,416.98469 372.25,416.98469
;
372.39301,414.0 372.39301,414.0 363.1699,405.23681
382.35753,406.05269 372.39301,414.0 372.39301,414.0
372.39301,414.0 372.39301,414.0 372.39301,414.0
;
471.15499,402.0 471.15499,402.0 484.39193,400.48791
470.54789,382.60617 466.0,395.44501 465.3242,398.18302
468.12612,402.51974 471.15499,402.0 471.15499,402.0
471.15499,402.0 471.15499,402.0 471.15499,402.0
;
470.94098,399.0 470.94098,399.0 461.0273,390.96099
481.72353,394.43385 470.94098,399.0 470.94098,399.0
470.94098,399.0 470.94098,399.0 470.94098,399.0
;
510.14388,318.0 510.14388,318.0 523.18019,310.92986
498.31593,306.10882 508.24489,318.0 508.24489,318.0
510.14388,318.0 510.14388,318.0 510.14388,318.0
;
390.58968,242.0 390.58968,242.0 392.12333,234.34002
386.52042,210.54469 388.82915,230.90807 389.88742,234.29136
387.20857,240.03839 390.58968,242.0 390.58968,242.0
390.58968,242.0 390.58968,242.0 390.58968,242.0
;
422.83333,217.81412 422.83333,217.81412 435.68905,216.18254
403.02903,211.49958 412.11521,215.06218 414.61254,216.0504
421.11608,219.42223 422.83333,217.81412 422.83333,217.81412
422.83333,217.81412 422.83333,217.81412 422.83333,217.81412
;
409.58363,210.0 409.58363,210.0 410.12273,205.29492
425.67155,210.009 432.65706,207.88141 438.13558,200.28921
423.12078,192.89223 427.08631,200.73859 418.75611,203.86868
411.81023,196.33273 407.46532,202.21556 402.24533,203.40433
407.11656,209.87303 409.58363,210.0 409.58363,210.0
409.58363,210.0 409.58363,210.0 409.58363,210.0
;
410.8293,189.0 410.8293,189.0 407.11006,186.88539
414.78017,169.25028 405.05556,182.5 404.5066,184.87069
408.53741,189.18632 410.8293,189.0 410.8293,189.0
410.8293,189.0 410.8293,189.0 410.8293,189.0
;
427.88922,189.0 427.88922,189.0 438.77555,186.47088
425.81188,168.30122 431.0,185.0 431.0115,185.69176
425.11488,189.60883 427.88922,189.0 427.88922,189.0
427.88922,189.0 427.88922,189.0 427.88922,189.0
;
416.73622,188.0 416.73622,188.0 419.07726,184.20845
407.27601,176.43903 410.50003,186.31897 413.17913,185.86685
414.54153,187.98033 416.73622,188.0 416.73622,188.0
416.73622,188.0 416.73622,188.0 416.73622,188.0
;
425.13051,186.6239 425.13051,186.6239 435.92707,180.90493
423.86502,179.18157 421.88634,186.84271 421.27513,188.56056
424.62224,186.09046 425.13051,186.6239 425.13051,186.6239
425.13051,186.6239 425.13051,186.6239 425.13051,186.6239
;
437.16075,169.40065 437.16075,169.40065 429.31948,158.88775
442.17429,169.52504 450.98782,164.69364 462.74457,158.61552
437.64369,151.26774 433.07673,158.58897 425.43843,160.91166
434.13316,169.97451 437.16075,169.40065 437.16075,169.40065
437.16075,169.40065 437.16075,169.40065 437.16075,169.40065
;
455.75,153.95611 455.75,153.95611 457.60337,146.23369
429.30279,148.70916 439.58527,147.0 451.05112,148.91961
461.18913,150.14217 445.14003,144.00542 439.49901,140.74202
419.66883,151.90786 427.73464,147.9754 430.04771,157.1205
445.66829,147.39426 453.84491,153.32046 453.84491,153.32046
455.5,153.91227 455.5,153.91227 455.5,153.91227
455.75,153.95617 455.75,153.95617 455.75,153.95617
455.75,153.95611 455.75,153.95611 455.75,153.95611
;
