427.0,480.0 427.0,480.0 284.66667,480.0
142.33333,480.0 0.0,480.0 0.0,320.0
0.0,160.0 0.0,0.0 284.66667,0.0
569.33333,0.0 854.0,0.0 854.0,160.0
854.0,320.0 854.0,480.0 711.66667,480.0
569.33333,480.0 427.0,480.0 427.0,480.0
427.0,480.0 427.0,480.0 427.0,480.0
;
303.51905,479.0 303.51905,479.0 306.80269,471.72063
303.89552,458.15279 305.96477,448.5 307.3003,416.33584
310.53459,384.38369 315.30782,352.58494 315.34712,323.81399
319.4541,294.2558 332.86072,268.5 343.34194,259.85676
351.56283,249.72212 354.76259,236.27444 370.18433,196.67285
365.48384,150.79566 387.33425,113.66892 396.91108,99.851832
413.41524,93.028086 429.9768,95.508788 439.82403,100.27635
453.8456,103.04085 459.32951,114.50981 465.49563,128.57662
472.45805,144.01286 474.62436,160.3576 479.92902,182.35648
471.41057,206.47959 482.52122,227.19232 477.45649,228.13579
487.92911,234.47054 497.00003,235.25562 500.56679,237.63498
514.09467,240.26687 513.92608,249.0 533.02374,261.84232
530.81017,287.88192 535.0335,308.0 538.90619,325.21177
537.86994,343.11603 543.56891,360.0 546.45748,376.05699
548.67286,392.68706 555.38241,407.45527 554.59738,430.06401
562.18042,451.34469 564.99782,473.4593 569.56825,489.09223
568.25928,461.55134 566.00248,455.67449 559.57588,438.82521
561.45517,420.22811 558.04133,403.1869 551.19399,389.91292
550.76773,374.13435 547.0,360.03424 541.83184,340.25182
542.10128,319.42148 537.01291,299.5449 536.06679,280.4013
532.6853,257.66789 516.0,245.90575 514.55638,232.3857
494.89323,236.45458 487.59052,227.14746 488.22809,221.21805
479.46095,216.95644 482.97827,206.89931 490.63265,185.98383
485.67771,162.50002 476.16273,143.4813 473.95949,132.15041
466.39164,123.2986 462.09622,112.6699 473.59576,126.12816
472.51633,118.85689 462.12262,109.97913 453.99697,101.61933
444.98765,96.109185 437.49998,86.933129 422.47405,88.375967
434.43678,86.176352 438.62121,91.544667 442.06932,93.432498
441.37445,98.06086 430.45609,91.20519 407.31873,87.073892
383.81288,104.67814 376.47455,126.61977 361.78933,160.57484
365.36071,199.33404 350.2188,233.29057 344.93041,245.13476
341.27309,259.45826 328.49998,265.18029 325.12822,278.92077
318.03516,292.34382 316.16456,306.91065 309.68473,331.78739
313.66307,357.76269 307.80083,382.82237 303.53621,413.82285
302.69881,445.52277 301.43493,476.59686 302.36848,477.0917
301.08651,480.42682 303.51903,479.0 303.51903,479.0
303.51905,479.0 303.51905,479.0 303.51905,479.0
;
480.86432,203.0 480.86432,203.0 478.56262,191.1091
485.77565,188.54124 480.86432,203.0 480.86432,203.0
480.86432,203.0 480.86432,203.0 480.86432,203.0
;
453.20034,478.86422 453.20034,478.86422 477.28198,476.86296
441.80294,483.18543 447.3979,469.6282 449.02594,458.3679
446.39099,444.47581 450.49398,434.74343 456.95196,429.1943
464.29744,406.30011 453.72307,423.99256 445.52529,439.3722
450.55195,411.80926 450.0303,405.20572 452.81819,397.29831
441.04202,380.53985 452.5,380.15385 456.12957,384.48275
453.82988,414.62443 456.5501,400.96581 455.76466,390.43943
456.05488,380.90328 463.54371,373.68185 469.70851,364.74824
467.72433,400.56125 466.0,383.24098 461.90676,372.6796
468.14463,398.75231 467.92895,404.4147 468.64587,412.64759
459.83662,427.96286 465.65341,430.55779 465.83251,414.18285
474.92721,434.01019 471.02771,440.57282 465.09352,453.70871
476.62016,452.56424 478.39833,466.33508 481.54611,482.38694
483.06193,474.07096 489.15891,479.0 487.2307,466.46615
480.6187,455.15394 478.9625,442.5625 492.61952,443.39746
477.42999,437.97012 477.47526,431.59349 468.79681,408.51766
478.64298,384.84143 484.768,362.5 484.7208,376.97912
503.64656,358.42434 488.74298,357.95454 481.16073,360.34895
490.97671,338.53672 493.25192,331.5 495.51811,319.7311
498.37576,306.57074 511.5,302.70971 522.00441,298.7667
528.85814,281.40301 515.66424,295.0612 507.78348,307.37146
520.18607,289.40339 505.04793,301.48919 488.78973,309.72314
491.96112,329.89936 484.75729,344.02933 484.9976,349.52285
465.05272,349.12571 481.00899,355.0 482.14798,362.41885
476.45809,374.31146 474.88669,383.27097 471.07299,401.76945
470.46786,392.05236 470.30535,378.71422 471.67022,362.81939
467.23459,358.2098 460.02291,369.89612 460.47663,378.09825
458.34389,373.78848 451.8557,375.41082 455.29309,368.04001
464.71834,357.37367 466.21713,346.86739 469.46876,330.64876
467.6406,314.52616 462.78634,298.81366 466.19007,302.05927
467.76996,310.97135 466.49132,293.58564 463.09614,271.10703
463.85696,289.55307 460.83758,287.35349 458.31981,279.81462
462.72299,266.6308 458.436,262.23063 460.79847,273.55006
455.79454,283.87919 457.0,266.24489 450.398,273.0344
450.54673,245.63647 450.19694,247.43572 445.22282,258.74662
449.40282,263.33999 443.04136,272.45614 434.28589,280.28746
422.35476,267.93017 414.07374,263.21287 406.53307,262.10911
395.25256,239.10556 403.82507,251.42865 405.64291,251.60138
402.94676,236.17877 404.55147,229.51918 401.61289,227.40695
403.56847,247.00994 394.99907,248.07037 393.9706,276.28836
410.39984,300.34145 423.62971,323.68914 422.67421,322.33919
409.21508,311.95292 400.99907,309.79093 394.29263,307.74801
377.30512,295.11993 379.54068,305.45883 373.82555,316.12551
386.15465,310.52625 389.00183,306.18696 391.9417,313.18137
408.09046,315.33339 415.51541,321.73198 437.07135,331.75938
438.00761,359.0002 443.09077,379.26611 449.28345,410.77214
444.67378,443.35524 443.28138,475.19994 440.42236,482.1839
449.68361,477.70183 453.20034,478.86422 453.20034,478.86422
453.20034,478.86422 453.20034,478.86422 453.20034,478.86422
;
446.89053,374.31722 446.89053,374.31722 441.1659,372.08429
462.91928,359.49725 446.89053,374.31722 446.89053,374.31722
446.89053,374.31722 446.89053,374.31722 446.89053,374.31722
;
448.07431,365.94709 448.07431,365.94709 432.66871,369.47046
461.45744,354.9682 448.07431,365.94709 448.07431,365.94709
448.07431,365.94709 448.07431,365.94709 448.07431,365.94709
;
443.68198,360.0 443.68198,360.0 437.69096,355.7236
437.97644,328.59381 436.88805,336.87065 428.13444,326.36606
422.35174,313.0316 415.98309,302.5 423.31782,314.21943
426.08977,313.02639 417.77812,301.79927 412.05419,301.26911
410.07065,289.12459 404.96392,281.5 398.8759,269.8922
402.71441,263.41803 404.25,269.58786 399.43898,266.93107
417.94365,279.78423 419.15217,286.67059 424.62849,295.0459
430.96379,303.35747 440.0,308.07037 435.07173,300.18611
425.10112,294.46893 421.27127,284.73976 416.5135,273.95525
403.96589,268.64452 399.0,259.13161 398.17881,249.17963
406.94156,263.96456 415.80232,267.82462 424.44009,273.70394
437.84989,280.20599 446.59843,279.15487 453.61121,265.19499
454.22922,276.451 448.00001,284.24489 456.70316,278.07659
450.29808,301.93868 456.24694,306.65356 457.39919,316.91414
465.53785,330.83428 451.00359,334.5 454.0185,336.49502
472.31125,323.02599 458.79286,335.09683 440.64322,345.95301
464.58702,332.31902 459.36228,341.5 463.46788,353.45012
454.16569,358.45612 443.68157,360.0 443.68157,360.0
443.68198,360.0 443.68198,360.0 443.68198,360.0
;
426.83046,310.35375 426.83046,310.35375 424.72888,299.07065
408.75652,289.65612 423.0522,304.5 423.90123,304.4692
426.65101,315.39088 426.83046,310.35375 426.83046,310.35375
426.83046,310.35375 426.83046,310.35375 426.83046,310.35375
;
437.82401,311.50932 437.82401,311.50932 430.23342,301.00226
419.64559,290.19884 411.42487,279.0 409.23769,283.13784
422.48187,296.32078 428.17038,302.50457 431.32718,305.14013
434.68557,310.34404 437.82401,311.50932 437.82401,311.50932
437.82401,311.50932 437.82401,311.50932 437.82401,311.50932
;
438.5,285.87109 438.5,285.87109 447.39506,284.63018
415.44576,281.96467 438.4184,285.87186 438.4184,285.87186
438.5,285.87107 438.5,285.87107 438.5,285.87107
438.5,285.87109 438.5,285.87109 438.5,285.87109
;
461.89301,327.0 461.89301,327.0 460.47456,317.18224
457.66451,303.85271 457.00007,292.6 463.04235,298.99756
457.91511,315.33766 463.39529,317.58753 464.27,320.11516
464.84359,326.0475 461.89301,327.0 461.89301,327.0
461.89301,327.0 461.89301,327.0 461.89301,327.0
;
403.93248,390.0 403.93248,390.0 414.9843,390.45856
408.77287,372.4762 400.82874,380.65499 396.50942,382.85085
399.86022,390.29959 403.93248,390.0 403.93248,390.0
403.93248,390.0 403.93248,390.0 403.93248,390.0
;
403.98458,387.0 403.98458,387.0 395.4526,378.63743
414.62458,381.60874 403.98458,387.0 403.98458,387.0
403.98458,387.0 403.98458,387.0 403.98458,387.0
;
515.9496,290.0 515.9496,290.0 534.63889,281.37189
497.34073,280.96907 515.9496,290.0 515.9496,290.0
515.9496,290.0 515.9496,290.0 515.9496,290.0
;
409.48905,244.83676 409.48905,244.83676 411.81138,227.6626
401.51536,238.07122 409.48905,244.83676 409.48905,244.83676
409.48905,244.83676 409.48905,244.83676 409.48905,244.83676
;
412.82374,236.50685 412.82374,236.50685 413.01919,230.70687
400.47494,211.96732 409.0,214.0 418.10235,214.0675
399.03703,205.41645 403.84732,196.54075 404.32134,184.05366
401.75738,170.86613 409.50001,160.05491 417.92122,155.98758
424.68881,163.11472 420.59301,151.97541 397.76869,145.5218
437.00771,149.48417 424.00001,141.75169 414.18917,138.12972
425.58064,125.29337 427.55922,117.09182 431.70622,110.30964
437.6327,114.46272 441.87641,115.00004 454.70445,119.23771
454.66752,134.27863 462.46548,143.33368 444.92734,138.88706
450.98781,141.75258 458.97935,139.73291 454.83254,132.53646
433.13026,141.23373 438.0426,143.27865 440.58063,147.60395
453.13833,141.75231 460.27088,145.98882 470.93203,162.01294
463.23241,182.51321 459.18127,199.6674 455.07337,212.25217
441.78101,219.36284 429.0,218.0 429.81108,225.6036
452.77387,212.14371 446.12133,222.64182 451.12276,213.66521
454.39567,216.58932 453.0,228.0 455.1544,221.87413
454.16271,209.05798 462.4622,202.05548 470.11271,181.05615
472.50008,157.88427 462.69746,137.14395 458.94995,123.68086
450.25226,104.99176 433.47722,108.58001 420.65317,112.70681
419.32739,129.22369 411.81409,139.07314 425.24465,145.6164
400.43797,140.30988 406.91098,153.4935 421.78251,157.05795
405.87622,152.48461 401.91949,160.61897 397.27086,175.21409
397.44533,192.15193 399.08316,206.73132 406.23366,213.91633
405.07664,224.18555 408.02703,233.20131 409.49987,233.73405
411.44467,237.09215 412.82374,236.50685 412.82374,236.50685
412.82374,236.50685 412.82374,236.50685 412.82374,236.50685
;
435.13211,206.0 435.13211,206.0 453.59577,205.75414
418.29619,200.77683 430.38226,206.0 431.96554,206.0
433.54883,206.0 435.13211,206.0 435.13211,206.0
435.13211,206.0 435.13211,206.0 435.13211,206.0
;
425.76198,201.0 425.76198,201.0 426.71734,194.03353
447.2139,204.46009 449.36784,192.89726 438.67115,180.20769
445.71526,190.96566 430.60728,189.53383 429.445,185.55723
415.01651,194.30891 424.30998,201.00009 424.30998,201.00009
425.76198,201.00009 425.76198,201.00009 425.76198,201.00009
425.76198,201.0 425.76198,201.0 425.76198,201.0
;
425.74998,179.98469 425.74998,179.98469 424.44966,174.58913
421.99708,162.08965 420.34302,178.90602 422.34539,176.62149
423.46682,180.85819 425.74998,179.98469 425.74998,179.98469
425.74998,179.98469 425.74998,179.98469 425.74998,179.98469
;
429.32407,177.81509 429.32407,177.81509 437.84947,175.44212
423.13369,170.78573 424.99998,174.89235 423.99728,178.04465
427.39323,177.72634 429.32407,177.81509 429.32407,177.81509
429.32407,177.81509 429.32407,177.81509 429.32407,177.81509
;
438.36704,176.80287 438.36704,176.80287 451.27366,170.33143
425.38985,172.89476 438.36704,176.80287 438.36704,176.80287
438.36704,176.80287 438.36704,176.80287 438.36704,176.80287
;
447.97936,161.0 447.97936,161.0 443.86997,154.69094
456.42325,161.0893 462.0,152.30998 455.57034,143.24532
440.10721,150.30328 441.0,154.48873 440.9186,157.02012
445.3991,161.12308 447.97936,161.0 447.97936,161.0
447.97936,161.0 447.97936,161.0 447.97936,161.0
;
