139.3233,480.0 139.3233,480.0 92.8822,480.0
46.4411,480.0 0.0,480.0 0.0,320.0
0.0,160.0 0.0,0.0 284.66667,0.0
569.33333,0.0 854.0,0.0 854.0,160.0
854.0,320.0 854.0,480.0 761.66667,480.0
669.33333,480.0 577.0,480.0 577.92263,465.0442
566.85702,453.67758 568.31331,438.65277 566.0106,408.67917
558.67805,379.42584 559.27066,349.21932 554.46697,329.49209
554.59122,306.21538 542.13161,289.02592 535.0934,282.51096
534.53505,271.20968 523.79387,268.81779 513.25602,264.27896
508.87722,257.6406 505.65984,246.52735 496.95934,229.00344
493.13842,209.26289 492.29285,189.67989 488.69189,177.93119
490.20567,174.11532 486.27557,164.14974 478.77378,144.11071
473.49621,121.58836 456.58358,107.0 450.60182,105.87432
443.85046,100.85237 437.00257,95.0 431.42272,101.4225
419.65055,97.202379 411.71511,101.81224 401.42518,105.54567
388.80965,112.38004 385.67612,121.91654 374.52896,138.1739
369.28647,157.9701 364.96958,176.84423 361.01527,197.07
359.59176,218.01864 354.20701,238.11543 348.66531,248.1371
350.70397,263.77369 337.50001,267.44457 344.15929,275.2312
332.17872,270.48091 331.58968,276.66667 331.85672,273.50537
317.8761,283.70604 315.46276,290.04841 300.12717,307.58404
302.62688,332.36025 295.74205,353.4345 289.74916,379.60645
295.98075,406.98377 286.79039,432.64147 283.2601,448.39841
280.49032,463.03152 278.64659,480.0 232.20549,480.0
185.7644,480.0 139.3233,480.0 139.3233,480.0
139.3233,480.0 139.3233,480.0 139.3233,480.0
;
350.41468,480.0 350.41468,480.0 327.94312,480.0
305.47156,480.0 283.0,480.0 284.98098,454.87986
292.31097,430.34696 296.38801,405.58163 295.51493,380.89862
297.5083,356.39476 304.50781,332.63533 305.88438,309.62779
317.45555,286.15804 339.45314,276.85162 357.76285,266.94205
355.71533,243.1063 362.0421,225.75538 365.956,209.60199
365.96126,192.66606 369.98547,176.80902 373.61239,160.59478
378.69264,139.17332 389.0,124.63251 399.83086,107.82034
424.71969,98.730937 443.23993,108.55038 466.47094,112.9902
471.63807,139.74007 479.18154,158.46762 479.20254,166.50295
486.85227,176.18223 482.0,180.99909 486.02445,180.93729
486.93226,192.66298 488.23264,202.04194 488.56879,217.39191
494.66313,231.82804 496.04209,246.72566 499.7166,256.77708
506.03255,268.82473 517.62288,270.14201 528.65863,272.42305
529.26522,280.6285 535.90089,288.90593 548.37699,300.77642
549.06983,320.24387 552.58636,336.29468 557.41635,358.82116
554.70569,382.13516 560.20878,404.40838 562.06022,422.62743
563.9167,441.37636 567.10281,459.10693 569.85369,465.15247
579.23104,481.74858 567.37655,480.0 529.98026,480.0
492.58397,480.0 455.18768,480.0 450.68106,460.7902
458.09534,445.12871 464.47028,426.95499 473.28149,408.87298
480.16842,389.47078 488.24981,371.5117 487.78795,357.50248
499.52535,349.02341 512.36926,347.52452 519.8617,344.80736
529.76026,341.03778 534.0,334.34501 526.29547,329.40842
516.42676,344.094 506.6394,343.60358 493.06073,345.31723
483.4643,357.57031 483.00694,370.49164 478.87153,377.7168
475.84503,393.91026 469.92429,395.43149 457.28196,388.35537
461.02096,407.1583 468.02467,405.81302 462.56286,415.81242
460.99579,430.01084 452.91338,437.19554 453.09069,424.76255
456.48153,414.77673 455.19671,402.5 446.90464,407.77613
443.613,411.46887 435.26047,420.39209 436.68118,414.69609
446.62058,405.85968 449.26334,397.22767 454.71684,380.61314
459.78074,363.74086 459.29962,346.0 466.79236,340.73771
461.22663,324.92646 462.05184,315.47171 457.99076,310.58456
451.19705,296.65007 454.0,296.93723 454.45828,282.46301
446.34283,291.32934 447.02979,280.0407 447.52551,272.31698
453.02584,261.18473 448.69531,263.05715 450.23487,261.38508
451.55193,247.66937 454.647,247.06349 447.10156,254.30118
445.32943,264.3991 444.5024,273.64295 437.55182,283.68029
447.49969,290.25952 442.44842,301.04407 435.69708,312.27263
422.87736,304.43421 415.1541,297.86012 404.15274,289.56169
392.05281,275.51621 392.26145,263.0 383.09079,270.28135
386.59137,286.18145 386.75126,297.05505 388.29878,319.40941
399.8328,339.09307 405.87259,360.26935 392.69493,346.86592
375.00553,337.41392 360.49947,327.34282 352.25921,333.89851
360.07382,349.68442 365.57845,335.09613 380.60405,351.5442
408.92977,358.97181 413.21267,383.9729 416.67048,415.88143
423.56619,447.96105 417.82887,480.0 395.3578,480.0
372.88411,480.0 350.41468,480.0 350.41468,480.0
350.41468,480.0 350.41468,480.0 350.41468,480.0
;
376.78275,430.51839 376.78275,430.51839 389.93013,428.55897
376.55379,408.18912 371.11152,420.66015 367.07562,425.10242
371.71948,432.04167 376.78275,430.51839 376.78275,430.51839
376.78275,430.51839 376.78275,430.51839 376.78275,430.51839
;
481.03006,418.33512 481.03006,418.33512 493.84895,410.87193
470.26746,399.57484 472.46554,414.8914 472.82234,418.15886
478.57332,420.92895 481.03006,418.33512 481.03006,418.33512
481.03006,418.33512 481.03006,418.33512 481.03006,418.33512
;
522.34024,334.0 522.34024,334.0 534.87867,333.60489
523.03893,315.26117 518.22352,326.47995 517.21567,328.92137
519.12836,334.87734 522.34024,334.0 522.34024,334.0
522.34024,334.0 522.34024,334.0 522.34024,334.0
;
455.05902,288.0 455.05902,288.0 457.95774,277.10404
447.74698,274.35278 454.11803,288.0 454.11803,288.0
455.05902,288.0 455.05902,288.0 455.05902,288.0
;
407.25,276.73816 407.25,276.73816 411.35626,268.78163
402.98856,255.53744 405.31122,248.0 417.29557,259.25925
410.18939,244.28542 403.60699,243.41821 401.91263,236.79593
409.63917,247.32498 417.01628,245.09142 426.34412,245.39928
436.69622,243.90495 441.64473,241.17737 450.07442,238.55883
460.49858,224.46604 456.34384,242.41244 460.44888,248.5803
457.56666,225.76815 463.10034,222.87401 465.94825,212.18874
473.26719,212.45298 468.25583,200.79061 471.08237,182.35169
470.21561,163.45238 461.84105,146.5 459.92376,137.40055
458.38635,129.3654 453.65101,124.27926 446.14684,122.93891
436.33923,116.12934 428.49992,119.63627 413.43281,121.48715
408.29402,139.74314 400.99992,149.0 404.17926,157.28117
393.43326,155.54186 393.24071,166.89671 390.27099,175.65289
383.84533,185.44167 384.85112,196.47325 383.55894,211.54706
385.83604,227.86442 398.06895,238.21193 395.07181,245.84208
400.63286,254.86155 396.09648,263.69753 400.18228,259.64144
399.93656,256.83145 404.41983,270.32598 407.22806,271.18925
404.38563,278.62427 407.25,276.73816 407.25,276.73816
407.25,276.73816 407.25,276.73816 407.25,276.73816
;
424.10182,241.49331 424.10182,241.49331 412.95155,245.00785
405.2305,236.55213 398.18099,231.25 390.39635,217.15408
389.47598,199.35467 393.52554,184.0 394.24055,174.52628
415.95261,180.76988 411.0,170.83333 406.52711,163.28436
393.21195,159.083 411.44613,162.0 429.26536,160.88088
401.26996,153.84786 412.5608,147.04764 418.12121,137.40839
406.62299,146.72061 419.43012,132.90678 420.51193,125.19678
441.18932,120.92186 430.65797,126.5 428.6569,125.82017
454.19428,134.0727 448.32715,127.95063 443.10524,120.1545
453.12042,131.74911 456.00003,138.29611 448.67228,139.55328
458.65736,151.30251 460.41447,157.07052 463.93303,170.90726
467.41974,186.62394 460.80655,200.23628 462.06812,212.415
459.3765,224.66853 448.43866,231.7311 442.22258,237.51589
434.0416,242.43357 424.10182,241.49331 424.10182,241.49331
424.10182,241.49331 424.10182,241.49331 424.10182,241.49331
;
419.42063,228.70477 419.42063,228.70477 439.93619,227.52353
403.23876,224.84012 409.0,225.2402 409.54565,229.32662
416.11519,229.0666 419.42063,228.70477 419.42063,228.70477
419.42063,228.70477 419.42063,228.70477 419.42063,228.70477
;
408.47525,223.0 408.47525,223.0 411.28569,217.56849
428.69475,226.21629 434.68941,218.37511 440.06132,212.30556
424.80102,198.75366 417.73377,204.67148 408.69419,199.6478
417.49553,209.48319 424.7177,204.95477 433.4373,212.72818
417.15386,206.15918 414.53465,207.77042 411.54028,201.22905
400.01615,216.73501 406.9505,223.0 406.9505,223.0
408.47525,223.0 408.47525,223.0 408.47525,223.0
;
421.35297,218.46854 421.35297,218.46854 399.0763,217.11208
443.64562,216.3664 422.01842,218.46554 422.01842,218.46554
421.35297,218.46854 421.35297,218.46854 421.35297,218.46854
421.35297,218.46854 421.35297,218.46854 421.35297,218.46854
;
410.5,198.0 410.5,198.0 419.87788,203.22707
417.88363,180.72862 414.18355,188.32712 414.23975,187.67247
399.25759,184.64719 408.38541,197.38544 408.38541,197.38544
408.99997,198.0 408.99997,198.0 408.99997,198.0
410.49997,198.0 410.49997,198.0 410.49997,198.0
410.5,198.0 410.5,198.0 410.5,198.0
;
429.0,198.0 429.0,198.0 441.26165,199.1351
428.85323,176.02164 427.89601,190.26248 408.71469,190.05035
422.17287,195.71083 429.0,198.0 429.0,198.0
429.0,198.0 429.0,198.0 429.0,198.0
;
438.69363,178.98635 438.69363,178.98635 455.37482,177.6649
424.87437,172.03291 444.07435,174.96853 456.9677,178.42385
464.59799,166.95609 448.46486,164.32833 438.17182,160.10986
423.71196,171.1766 436.88726,178.99999 436.88726,178.99999
438.69363,178.98629 438.69363,178.98629 438.69363,178.98629
438.69363,178.98635 438.69363,178.98635 438.69363,178.98635
;
459.25,163.92954 459.25,163.92954 460.01506,157.1548
448.83118,149.92476 441.09844,152.0 430.71815,152.26756
419.56342,160.42244 429.999,159.75 436.23064,164.21403
450.14611,157.66231 458.50025,163.85908 458.50025,163.85908
459.25025,163.92958 459.25025,163.92958 459.25025,163.92958
459.25,163.92954 459.25,163.92954 459.25,163.92954
;
399.60666,272.50726 399.60666,272.50726 404.60421,254.49439
390.12494,276.69783 399.60666,272.50726 399.60666,272.50726
399.60666,272.50726 399.60666,272.50726 399.60666,272.50726
;
439.93191,264.0 439.93191,264.0 451.37755,254.35948
441.50695,249.15702 439.0,264.0 439.0,264.0
439.93191,264.0 439.93191,264.0 439.93191,264.0
;
422.15712,480.0 422.15712,480.0 424.44711,468.44335
427.24429,454.55279 426.0,441.88197 423.6191,443.7945
428.07185,430.47863 423.01369,426.0 420.70036,417.83211
419.25653,404.09104 432.48038,406.30255 434.42995,408.65316
424.78058,412.14191 424.00269,419.15025 427.8583,424.34399
430.45644,424.57169 437.0,428.0 444.87014,431.61038
435.70997,448.61171 440.06896,457.4109 444.40386,454.28003
442.4841,439.455 443.89017,431.75886 444.23158,420.10752
454.90013,404.94166 450.05991,425.40475 448.66116,435.03259
452.15286,445.44209 445.00304,452.78206 443.75548,462.24445
454.05873,439.09243 449.15329,460.5 441.77174,463.5568
449.53791,482.47748 436.93668,480.0 427.91523,481.3146
449.38147,460.73075 438.99978,465.59603 433.8305,473.52533
420.87349,487.29361 431.78765,471.94812 436.94358,459.25226
423.16556,479.72916 422.15712,480.0 422.15712,480.0
422.15712,480.0 422.15712,480.0 422.15712,480.0
;
426.31951,401.80769 426.31951,401.80769 414.34927,406.73235
417.49039,377.54478 418.67272,381.0 420.69085,374.48046
409.29851,367.33464 409.47942,357.67578 406.01273,346.61304
405.01638,340.56276 399.8552,330.63975 396.40006,319.20534
390.52025,307.14446 390.99955,294.5941 401.68158,300.41155
399.23012,306.39495 405.57085,317.01719 410.7678,328.68356
419.92027,337.52707 428.19279,346.99856 424.56747,334.18244
426.99458,347.22398 433.99948,345.23609 423.23915,335.32175
415.05772,323.92228 409.26766,310.55182 404.47061,300.52216
397.30943,293.54197 391.71858,286.40875 393.9239,275.58695
402.64377,292.74338 409.49949,297.71208 417.9236,303.83052
429.58581,313.26947 438.99949,312.00638 446.34025,306.52981
452.24709,300.59957 446.32892,316.62712 449.25665,324.2285
447.11083,339.10825 448.93902,337.41078 445.3794,345.18062
449.84096,357.53652 447.05209,367.21459 438.50553,374.3436
440.91408,374.7919 439.46128,379.14751 448.62358,381.02477
442.19862,380.25731 446.0,388.99993 443.34832,398.7475
438.30515,401.22437 426.31951,401.80769 426.31951,401.80769
426.31951,401.80769 426.31951,401.80769 426.31951,401.80769
;
445.16052,350.0 445.16052,350.0 452.04716,340.92447
435.29786,341.84592 445.16052,350.0 445.16052,350.0
445.16052,350.0 445.16052,350.0 445.16052,350.0
;
414.11129,346.0 414.11129,346.0 416.12141,339.93338
407.90885,324.61174 401.55792,323.10875 407.47333,328.65951
411.67255,339.88779 414.11129,346.0 414.11129,346.0
414.11129,346.0 414.11129,346.0 414.11129,346.0
;
410.25,343.99762 410.25,343.99762 415.1877,337.61246
396.28075,323.41274 406.5,338.3315 407.92046,339.58139
408.16408,344.00406 410.25,343.99762 410.25,343.99762
410.25,343.99762 410.25,343.99762 410.25,343.99762
;
435.84887,319.89043 435.84887,319.89043 452.73985,311.84344
436.59751,318.24845 427.80887,315.94695 411.10442,308.56009
425.481,320.61453 434.33972,319.74819 434.33972,319.74819
434.5,319.78079 434.5,319.78079 434.5,319.78079
435.84887,319.89035 435.84887,319.89035 435.84887,319.89035
435.84887,319.89043 435.84887,319.89043 435.84887,319.89043
;
453.84427,340.0 453.84427,340.0 448.69154,329.9198
458.81483,322.30447 453.84427,340.0 453.84427,340.0
453.84427,340.0 453.84427,340.0 453.84427,340.0
;
