427.0,480.0 427.0,480.0 284.66667,480.0
142.33333,480.0 0.0,480.0 0.0,320.0
0.0,160.0 0.0,0.0 284.66667,0.0
569.33333,0.0 854.0,0.0 854.0,160.0
854.0,320.0 854.0,480.0 711.66667,480.0
569.33333,480.0 427.0,480.0 427.0,480.0
427.0,480.0 427.0,480.0 427.0,480.0
;
240.38646,479.0 240.38646,479.0 244.59495,471.18018
242.88732,456.0224 244.9623,445.5 248.53479,409.55226
258.40955,374.57906 262.14481,338.6868 269.36249,317.25193
272.94904,292.39516 292.4521,278.28597 304.94204,264.37244
309.09632,244.78022 315.55482,227.58157 322.64692,196.25141
326.69195,162.79723 344.06156,135.13705 356.56031,119.60473
379.71691,111.36978 397.59073,122.89456 407.91221,129.25086
403.93072,124.9991 413.57835,134.33807 419.27419,141.71538
420.80804,149.85247 424.54312,158.43254 432.12534,180.931
433.42581,205.59215 429.40607,228.74714 427.85397,238.48362
438.64485,249.8871 430.88515,254.5 431.91129,237.29577
425.48354,259.35883 437.50202,257.60063 444.24846,264.80325
449.4816,261.29287 456.12515,266.03432 463.41221,271.45684
466.51036,278.87583 472.34342,286.26611 482.9578,305.29072
479.20412,327.53477 482.55469,348.27925 483.10174,370.15603
487.94291,391.40161 490.96264,413.00005 493.46812,426.73449
498.87181,439.18906 497.03868,453.46039 495.08054,459.36033
500.88033,486.95957 502.4724,474.60665 497.25149,457.42362
503.46505,438.66722 496.00734,421.94536 491.40989,402.16024
489.13458,381.75207 486.57692,361.71141 485.92114,341.88325
482.47636,322.44953 481.58392,302.62359 478.42774,292.03077
475.57263,280.29362 466.00002,273.60772 465.72273,260.69195
446.36747,262.86195 439.66017,253.93887 439.38927,246.07872
435.45713,249.40355 434.65775,237.10447 443.09517,219.17607
441.64647,199.34559 437.48945,180.64183 437.56445,172.78541
433.77481,149.82518 434.39446,168.83167 431.70471,175.32691
432.20635,162.19637 433.97091,164.54256 431.64047,160.34135
428.73559,154.59147 433.15095,155.18238 431.55685,146.29916
415.53731,130.05464 417.09549,132.53745 417.02919,129.51565
401.55952,120.97535 398.72463,113.12858 385.89295,105.93814
392.08513,117.7176 391.21104,112.07027 401.10143,122.33638
394.42095,108.92838 399.92858,119.92455 391.51458,116.34168
383.64736,111.4964 374.5,111.15367 392.00802,115.39071
366.44346,113.33006 362.1986,116.73935 332.25595,131.44218
324.54626,167.46351 318.45834,197.40855 315.11727,221.84747
305.39649,244.70618 295.0,266.87964 290.95224,272.097
289.96298,279.85404 281.02719,283.49403 274.08142,286.93248
274.80783,298.24587 269.74123,305.74216 261.10903,327.39053
257.10691,350.1898 254.4429,373.19558 246.60786,408.07102
242.16971,443.46491 238.77291,479.0 238.77291,479.0
240.38646,479.0 240.38646,479.0 240.38646,479.0
;
429.70726,162.0 429.70726,162.0 429.06523,154.68942
426.90887,143.87016 425.0,146.11803 416.12166,134.56392
428.3621,146.05193 431.38108,153.26894 425.92291,153.13117
431.93655,160.45025 429.70726,162.0 429.70726,162.0
429.70726,162.0 429.70726,162.0 429.70726,162.0
;
390.5,479.0 390.5,479.0 392.42324,470.32357
393.27888,460.66315 401.10174,453.15174 405.81943,432.44039
388.39767,472.17994 396.43808,450.01035 402.22979,433.62183
390.11671,457.6379 395.41775,436.55329 398.49174,426.63956
392.34743,412.16298 397.0576,404.84002 406.69928,404.34856
396.70281,424.30922 403.50798,428.00008 403.24311,416.49457
401.01501,405.87588 410.63197,399.05256 415.28289,389.31985
407.68696,416.21775 413.14437,421.94157 418.68074,437.67356
408.32769,437.20019 409.87812,450.75777 410.48085,469.17997
412.63204,435.16229 416.76532,457.70353 419.63309,465.2989
410.21403,478.5037 417.45855,476.86758 426.73083,485.62241
421.06356,468.99231 428.90308,470.61759 429.31196,463.37174
419.42347,463.6976 421.09008,450.57368 417.21798,430.58614
425.27053,410.41716 431.80585,391.8615 444.07407,401.37853
441.78914,376.17892 433.54438,385.87718 434.6878,369.94317
443.77475,354.56228 447.34076,338.94109 453.52274,329.41806
468.50076,327.36546 473.00061,316.93731 465.17289,317.93626
457.28146,327.91576 448.82851,331.55149 438.86366,342.23914
439.28519,358.54346 432.5319,371.35362 434.00166,378.12817
415.74277,371.94494 427.01966,381.00008 434.05469,383.19019
423.422,401.12728 422.48705,405.97815 420.90794,413.5559
417.35746,433.36536 417.01215,414.58319 415.32806,406.211
421.46506,389.65344 415.35155,385.69562 410.10565,393.72065
402.11816,407.26908 406.91712,392.50001 415.84199,389.57652
389.27189,407.93947 404.12576,392.47831 417.38237,373.66257
418.7132,349.48425 414.03716,327.50005 416.91912,333.86154
417.94029,326.19468 415.64459,312.78022 414.65396,286.58845
412.86506,325.94012 412.95377,308.13439 409.98137,306.67103
411.97418,278.20122 410.16998,291.37721 410.50295,309.84198
406.49593,296.62082 408.79746,286.00004 402.93843,267.09079
409.70381,296.48824 403.47068,285.77042 403.23799,275.506
403.99639,259.71452 401.35611,279.07851 399.70757,299.0461
396.41767,259.08111 393.58964,276.63298 389.63474,285.50153
399.34603,275.89018 400.00857,292.50004 391.66786,304.07081
379.45653,295.77047 370.76871,289.27576 363.57195,283.17255
349.90481,276.10635 353.23328,265.00004 358.47567,260.84511
355.96959,238.38741 353.96578,257.97671 349.41772,267.71965
345.77872,276.92436 349.89774,288.34246 352.73432,309.80292
364.1714,328.60742 374.96447,346.90398 370.77468,344.78181
358.771,333.82699 349.40743,331.01656 330.29152,322.26127
345.86889,336.91019 356.47262,338.45407 369.59811,346.08719
383.5247,355.23435 385.0563,371.7783 395.64748,404.8192
393.40369,439.61868 389.21176,473.51128 389.65696,474.91452
387.3125,480.20734 390.5,479.00004 390.5,479.00004
390.5,479.0 390.5,479.0 390.5,479.0
;
414.99321,406.0 414.99321,406.0 414.549,427.25655
411.60039,406.63841 413.51894,396.68034 417.01375,386.86283
414.6793,404.83684 414.99321,406.0 414.99321,406.0
414.99321,406.0 414.99321,406.0 414.99321,406.0
;
393.86514,392.0 393.86514,392.0 387.02371,383.48182
409.6793,383.89709 394.73028,392.0 394.73028,392.0
393.86514,392.0 393.86514,392.0 393.86514,392.0
;
392.17994,385.0 392.17994,385.0 389.27334,379.24835
385.47207,365.9163 390.0,363.80242 380.66136,355.36722
374.18602,342.40092 371.9738,330.81335 365.22836,322.06185
365.27067,325.5383 361.57679,315.63117 356.26536,308.26886
352.82299,291.55065 355.25966,290.82242 351.3417,284.13097
367.75432,303.77446 370.46809,309.72749 374.30262,317.5422
354.96312,287.87973 363.27882,305.50607 370.34376,315.90357
377.55688,328.88239 388.10178,335.0 381.54394,325.63998
371.5665,315.36092 385.49078,329.07542 398.62935,336.46006
375.67331,319.27987 375.69017,312.5 369.11638,302.60157
361.30003,289.92425 352.19105,284.75351 355.29804,278.30916
358.12925,281.99869 366.49999,289.56895 374.8095,296.54651
387.19754,301.33248 395.99999,303.96862 397.81975,307.55328
400.90963,292.49638 404.33428,298.25 402.04434,305.65181
396.02215,311.76859 384.94571,307.48025 372.01392,303.22323
394.91999,315.30494 398.84584,307.95276 409.18538,300.89147
400.36481,328.24143 405.88268,322.45957 404.82241,332.86659
411.18258,345.67389 407.26545,354.58787 391.27071,365.86175
407.32775,354.92427 409.977,358.50069 391.47946,367.5815
410.98128,359.39488 408.34444,365.94923 407.94868,370.6021
408.8972,384.44101 396.26845,383.74677 394.8587,383.89783
393.6574,385.2338 392.17994,385.0 392.17994,385.0
392.17994,385.0 392.17994,385.0 392.17994,385.0
;
376.77338,333.55996 376.77338,333.55996 377.58108,327.75078
358.41357,307.87258 368.75,321.82311 372.21904,324.87204
374.28129,331.11669 376.77338,333.55996 376.77338,333.55996
376.77338,333.55996 376.77338,333.55996 376.77338,333.55996
;
410.83948,352.0 410.83948,352.0 405.66059,338.49938
417.98033,338.13205 411.67894,352.0 411.67894,352.0
410.83945,352.0 410.83945,352.0 410.83945,352.0
410.83948,352.0 410.83948,352.0 410.83948,352.0
;
409.02569,328.00734 409.02569,328.00734 406.37125,337.97439
409.65028,297.32802 409.76981,314.37774 409.56916,318.92824
410.54104,323.60987 409.02569,328.00734 409.02569,328.00734
409.02569,328.00734 409.02569,328.00734 409.02569,328.00734
;
350.40713,415.0 350.40713,415.0 364.22891,414.10645
348.8556,394.65053 346.09525,409.2078 345.9665,411.07391
347.16623,416.55472 350.40713,415.0 350.40713,415.0
350.40713,415.0 350.40713,415.0 350.40713,415.0
;
331.43343,334.0 331.43343,334.0 336.96697,329.65804
342.94558,327.22963 331.97805,322.0545 337.71639,326.51888
319.90528,329.34297 331.43343,334.0 331.43343,334.0
331.43343,334.0 331.43343,334.0 331.43343,334.0
;
465.2438,316.82036 465.2438,316.82036 476.00392,307.35471
452.99408,309.58364 464.92745,316.86536 464.92745,316.86536
465.2438,316.82046 465.2438,316.82046 465.2438,316.82046
465.2438,316.82036 465.2438,316.82036 465.2438,316.82036
;
357.59744,274.0 357.59744,274.0 359.86736,265.39997
355.50546,260.09543 355.28886,271.5 356.34557,271.74401
356.29472,274.26084 357.59744,274.0 357.59744,274.0
357.59744,274.0 357.59744,274.0 357.59744,274.0
;
362.34884,269.0 362.34884,269.0 362.28924,257.87654
363.68858,245.43641 359.0,234.75 371.96297,238.95404
356.034,221.41423 359.93684,213.98142 364.00116,203.25248
360.1319,207.81631 363.34975,194.12691 365.75082,180.37627
376.75154,183.13629 380.0,181.22302 371.93949,171.49823
369.00189,171.13805 385.5,171.50051 376.03345,166.38483
379.43806,159.9672 381.89287,154.56672 381.61019,150.5716
387.74054,134.19906 398.13103,136.75335 401.74073,139.67657
397.55069,140.63935 407.64792,145.58161 411.18311,149.99951
416.67876,164.59304 417.96635,170.36667 398.43152,164.86784
427.06013,169.03858 409.90624,163.14949 402.99652,161.39108
386.04917,172.90782 397.0,169.0 402.61654,173.50481
422.47624,165.76559 420.65344,181.95894 422.33757,199.03547
417.90718,217.78563 408.62397,232.04129 405.0445,242.12162
385.51759,238.52297 385.28268,243.26644 398.56689,240.53569
405.92271,242.46586 392.03458,253.02921 389.8845,262.49224
406.24312,232.78654 406.11147,242.00003 405.64033,262.05738
409.03421,251.11379 407.99938,237.53528 420.49563,224.53224
423.43666,204.15002 424.62318,186.84985 421.6913,169.28301
418.56413,150.2281 406.85559,136.18305 397.48896,131.33916
385.31862,132.58013 382.21299,144.20905 375.37535,151.02098
375.63863,165.64503 367.97786,168.14202 359.71387,178.24859
373.8633,173.50783 369.04062,180.00003 357.69263,180.99235
358.23152,197.78382 355.51808,206.60976 352.49102,216.76783
354.15493,227.56809 357.82663,236.61848 362.07574,245.42331
355.67668,256.84519 360.75292,264.48774 361.58432,265.52443
361.24058,268.35999 362.34884,269.0 362.34884,269.0
362.34884,269.0 362.34884,269.0 362.34884,269.0
;
361.63177,232.70156 361.63177,232.70156 354.14367,232.04384
356.24511,206.72122 356.71438,215.38364 356.61638,221.81647
359.51918,227.37383 361.63177,232.70156 361.63177,232.70156
361.63177,232.70156 361.63177,232.70156 361.63177,232.70156
;
366.57083,263.0 366.57083,263.0 367.0025,249.32231
360.52986,249.66073 366.57083,263.0 366.57083,263.0
366.57083,263.0 366.57083,263.0 366.57083,263.0
;
390.69098,229.93661 390.69098,229.93661 407.76633,229.14076
371.35983,224.911 386.49949,229.87321 387.89665,229.89421
389.29382,229.91571 390.69098,229.93661 390.69098,229.93661
390.69098,229.93661 390.69098,229.93661 390.69098,229.93661
;
380.65499,224.0 380.65499,224.0 384.16248,219.26795
409.05713,227.87742 401.71437,215.03856 397.94085,204.03497
392.42788,220.05011 384.39528,213.32994 388.53626,205.64065
367.59051,223.92275 380.65499,224.0 380.65499,224.0
380.65499,224.0 380.65499,224.0 380.65499,224.0
;
382.75,204.98526 382.75,204.98526 386.73897,203.7262
392.89768,194.8058 384.16667,199.0 384.29716,193.73888
378.39628,208.02412 380.92451,196.14105 383.33771,185.94209
369.52162,204.86588 382.75,204.98526 382.75,204.98526
382.75,204.98526 382.75,204.98526 382.75,204.98526
;
394.42668,202.0 394.42668,202.0 405.83087,198.10623
384.20218,195.56457 394.42668,202.0 394.42668,202.0
394.42668,202.0 394.42668,202.0 394.42668,202.0
;
405.72559,186.3845 405.72559,186.3845 409.18189,184.48169
397.37562,181.04927 414.75466,182.44772 425.68398,177.40396
407.62066,170.99266 401.91884,174.76344 394.19954,177.76679
399.56048,187.98953 405.72559,186.3845 405.72559,186.3845
405.72559,186.3845 405.72559,186.3845 405.72559,186.3845
;
