427.0,480.0 427.0,480.0 284.66667,480.0
142.33333,480.0 0.0,480.0 0.0,320.0
0.0,160.0 0.0,0.0 284.66667,0.0
569.33333,0.0 854.0,0.0 854.0,160.0
854.0,320.0 854.0,480.0 711.66667,480.0
569.33333,480.0 427.0,480.0 427.0,480.0
427.0,480.0 427.0,480.0 427.0,480.0
;
259.4291,479.0 259.4291,479.0 264.30115,469.63589
265.50704,454.49974 269.39207,443.00792 275.38681,417.03462
274.78585,389.90702 283.11923,364.30885 288.04355,345.60443
281.34094,325.68741 286.66194,306.73181 292.16991,289.29312
291.77324,270.39792 296.77692,253.06274 302.91317,234.90134
321.29132,227.61647 336.5,218.69579 342.49986,206.8162
343.97604,192.62302 345.52101,179.63052 339.02256,167.1192
347.67829,153.90948 346.03884,140.90597 354.79792,142.15225
342.70916,139.26716 350.84665,128.89365 357.04427,108.80917
357.56958,84.325672 375.71176,70.155129 386.53199,60.685454
403.13037,55.593566 416.43068,63.0 438.31377,61.640413
447.82156,86.344639 453.87323,103.5 461.66119,127.44167
464.75201,152.54187 469.51716,177.0043 472.15496,187.25018
478.19533,203.22141 479.7649,209.6453 482.30608,216.15412
491.02734,222.34416 494.22199,225.11355 491.30512,221.85539
505.20542,226.83735 507.0,235.76804 510.66346,244.24642
519.66782,251.04644 520.33974,261.77711 527.99279,283.44365
529.31587,306.64304 529.36858,329.42439 535.071,358.31691
533.2353,388.39043 543.26669,416.5 543.98951,437.39333
545.22341,458.39701 540.773,479.0 548.99942,474.31603
545.19793,457.02999 546.3224,447.17409 548.09711,426.80111
544.81198,407.0097 539.07581,387.5 536.54602,365.98583
535.13266,344.29414 531.98973,322.99135 532.43325,296.27854
528.10666,268.87967 516.97319,244.48294 509.71989,237.80862
510.88391,226.77225 499.80999,223.80604 491.62772,215.73163
489.67122,219.12802 488.9057,207.78777 476.07491,187.76306
469.85462,164.39634 466.91854,140.75428 461.15063,120.08875
459.87835,98.141878 447.34739,80.108506 441.81156,69.935532
431.15854,55.310519 418.45,58.932679 414.81609,61.250448
407.02059,43.178997 408.0381,56.0 398.84139,50.311841
403.30475,56.429719 391.0,57.677821 379.72124,61.763629
381.13097,60.21458 370.71194,68.355598 362.49126,77.761351
368.48043,72.681666 360.68328,82.928544 351.35708,100.57901
353.06766,121.75437 342.81955,138.98276 343.85379,152.32698
334.63513,164.89881 341.07401,178.21294 344.83323,188.89985
334.81423,198.10922 336.77477,208.97847 337.175,211.03002
323.91449,219.34342 319.51888,223.85163 326.3352,217.29833
334.87007,217.66269 322.03788,224.00129 310.88085,225.35834
302.27149,238.87892 295.02093,248.19236 289.02254,268.84835
288.96297,290.82151 282.7402,311.45847 281.67738,335.32636
283.39169,359.42353 276.1189,382.42043 270.2728,408.11149
270.7944,434.66857 262.08708,459.76158 261.92292,464.96216
255.9694,476.5131 259.4291,479.0 259.4291,479.0
259.4291,479.0 259.4291,479.0 259.4291,479.0
;
376.69113,479.0 376.69113,479.0 373.57765,475.85059
386.40012,474.06732 384.5,474.08676 368.49225,472.06844
388.19851,463.12401 388.72724,467.26403 377.05718,464.06003
378.8952,459.91258 383.21334,448.69402 387.34828,439.37557
381.84924,429.6722 391.50652,423.41289 397.0675,419.51017
408.86248,405.11324 407.78896,402.728 404.83173,405.89552
385.90153,427.40588 394.23112,415.78938 406.68087,402.92857
401.28352,403.30687 392.45286,416.15029 382.03982,422.51772
393.61477,398.53447 392.0067,391.54373 391.03736,376.36882
390.35925,361.18296 390.24827,345.97579 405.60976,338.18118
384.18933,356.72844 394.11053,351.97468 392.79284,341.07078
417.8985,348.22983 398.59998,351.0 396.25317,358.59223
400.85181,367.69687 411.64722,365.05038 413.30137,368.78312
409.79801,396.37063 411.8843,388.65469 415.7239,380.33526
411.33883,361.58255 417.57009,361.36827 423.01243,351.70619
414.84383,372.00437 418.13704,377.55318 419.66072,389.38432
415.8798,400.54492 412.8563,405.04098 412.50544,419.86212
416.15926,423.43138 416.28497,414.54474 420.37703,424.2523
414.24204,437.6854 414.18834,440.76496 421.23686,435.12677
420.33671,459.99416 423.92799,466.68299 418.95855,474.84455
433.07501,486.99593 429.7936,471.34928 424.43121,446.20272
419.56482,420.40078 420.58169,394.71089 424.29368,366.489
445.4772,344.21784 453.66644,317.5516 452.50802,302.22297
467.35527,295.20852 480.6287,295.48011 487.71496,295.94597
512.06358,280.69656 494.8774,285.31571 481.02737,295.18966
456.14389,288.83579 451.1903,309.49995 447.64715,330.83477
433.02654,348.64824 424.79169,368.49166 417.86074,385.72942
422.06848,357.98628 422.65483,351.65803 427.17997,333.08966
417.45262,343.89166 414.02061,355.13717 407.60133,355.07797
415.73325,351.61793 405.59676,357.99945 401.8907,358.22904
417.55568,342.97612 418.59279,335.84786 424.44484,321.82204
428.18515,306.9402 429.22609,291.74718 434.9845,294.38889
433.76745,272.8855 433.97396,266.0814 432.30507,245.08198
431.4172,285.09258 430.04259,259.58203 429.54293,254.24538
431.99556,229.69569 428.22645,237.30014 429.55993,255.14757
423.58011,239.10794 423.72019,230.0 419.29192,243.53905
419.76606,231.25739 419.59944,220.62343 420.95006,214.92646
431.48287,200.1959 424.06796,205.03401 420.01501,223.14174
422.81942,194.67623 419.22429,216.14029 413.18024,227.98581
422.60969,241.11943 416.49273,252.00807 413.81652,257.09846
405.90235,257.89523 398.51796,251.85571 385.71149,242.77598
372.79405,229.66724 373.68608,212.66945 362.24665,230.33544
366.55009,254.00117 371.43632,273.5 372.5401,282.28606
380.73764,299.43568 377.53237,302.88977 365.85593,291.20785
351.63012,282.53869 340.01521,270.87299 332.90894,275.87948
337.86586,289.72667 343.13763,278.0 342.58667,283.34145
357.12134,287.94222 362.91173,295.27652 371.89052,301.4774
381.44777,311.11156 383.26974,320.99929 383.72109,326.43138
386.52878,336.43499 386.37744,347.41106 389.41093,373.49995
390.76122,399.97401 383.1834,425.5 379.78466,443.31716
375.44022,461.06309 373.00069,479.0 373.00069,479.0
374.95999,479.0 374.95999,479.0 374.95999,479.0
376.69182,479.0 376.69182,479.0 376.69182,479.0
376.69113,479.0 376.69113,479.0 376.69113,479.0
;
416.74715,359.58618 416.74715,359.58618 414.90093,351.15538
425.84912,341.11772 417.29403,359.03931 417.29403,359.03931
416.74715,359.58618 416.74715,359.58618 416.74715,359.58618
;
393.17387,343.0 393.17387,343.0 386.01824,337.87526
391.25533,327.22753 388.03275,322.56728 394.56871,327.82195
381.39852,309.59467 383.30594,302.15632 379.17809,291.66978
377.51513,278.65255 373.3358,267.21603 369.86949,258.89692
370.878,246.17617 368.7,240.4 376.36442,242.33237
368.15962,241.44458 378.70603,250.25265 376.98695,253.11761
383.58146,264.99608 388.11511,273.30313 399.064,284.64707
393.67078,276.90062 392.42837,279.9925 398.68769,286.977
409.30485,299.1721 398.1501,284.18503 400.22078,287.71048
413.87078,297.90071 399.026,281.84697 387.69533,269.32508
384.15672,251.65322 373.29965,238.77912 366.04858,229.56178
374.22085,224.14507 374.60777,231.71383 380.60951,237.71052
388.41787,250.01919 398.54447,254.56018 407.41022,261.14661
418.0482,257.05965 415.80246,258.42432 424.54214,246.25615
424.32142,264.88828 419.254,257.88701 422.21248,258.84575
416.31187,268.18334 406.04933,265.0 390.33829,259.36739
401.9293,267.44805 411.72922,267.00003 426.78245,261.8045
422.20744,260.79407 416.00005,271.44586 427.36513,256.405
421.87704,273.81231 422.18951,283.54011 419.33625,291.96124
420.13704,303.3715 418.25772,309.88467 420.02488,317.3134
398.64896,322.37894 416.72119,317.7719 418.98645,320.14307
395.45893,326.9644 413.12848,322.78558 421.90112,319.87274
413.13918,334.69186 411.75845,339.72117 406.35518,342.1016
399.18468,342.56409 393.17387,343.0 393.17387,343.0
393.17387,343.0 393.17387,343.0 393.17387,343.0
;
385.8088,287.32542 385.8088,287.32542 381.44701,273.27321
376.97854,275.87333 385.5,288.5 385.5,288.5
385.8088,287.32542 385.8088,287.32542 385.8088,287.32542
;
423.10419,310.43561 423.10419,310.43561 414.16482,304.92063
427.21928,308.62796 423.01779,298.5 425.4619,302.08131
425.02663,307.01876 423.10419,310.43561 423.10419,310.43561
423.10419,310.43561 423.10419,310.43561 423.10419,310.43561
;
426.09585,281.5 426.09585,281.5 421.06978,293.95272
429.07959,262.62296 426.09585,281.5 426.09585,281.5
426.09585,281.5 426.09585,281.5 426.09585,281.5
;
428.13148,440.0 428.13148,440.0 439.8901,433.82913
418.96146,427.81977 426.33333,440.0 426.33333,440.0
428.13148,440.0 428.13148,440.0 428.13148,440.0
;
391.91421,411.0 391.91421,411.0 396.66239,395.66575
400.02148,378.44059 394.95292,362.71374 395.32435,375.70062
396.63323,390.95489 391.34528,404.1905 391.04328,404.87575
390.30617,415.91274 391.91421,411.0 391.91421,411.0
391.91421,411.0 391.91421,411.0 391.91421,411.0
;
349.68856,366.0 349.68856,366.0 360.64005,364.82519
352.27112,347.19906 345.5567,356.22251 341.43735,359.68194
345.6428,365.48999 349.68856,366.0 349.68856,366.0
349.68856,366.0 349.68856,366.0 349.68856,366.0
;
445.28825,361.0 445.28825,361.0 456.54044,359.97845
446.17473,342.69777 440.0,353.14286 438.89645,357.31667
441.38509,360.14104 445.28825,361.0 445.28825,361.0
445.28825,361.0 445.28825,361.0 445.28825,361.0
;
445.00587,358.0 445.00587,358.0 435.5612,352.3791
451.69551,350.6808 445.00587,358.0 445.00587,358.0
445.00587,358.0 445.00587,358.0 445.00587,358.0
;
432.94956,345.0 432.94956,345.0 445.65494,342.22829
425.48279,329.90531 429.38953,343.57273 429.17908,346.08109
431.6304,344.71699 432.94956,345.0 432.94956,345.0
432.94956,345.0 432.94956,345.0 432.94956,345.0
;
491.7164,282.80993 491.7164,282.80993 504.78585,279.94217
484.46184,268.53582 487.85414,280.72747 488.54874,283.43512
489.32722,283.34762 491.7164,282.80993 491.7164,282.80993
491.7164,282.80993 491.7164,282.80993 491.7164,282.80993
;
445.06031,238.0 445.06031,238.0 446.74998,227.11545
443.74755,210.97103 443.33622,230.5 443.22073,206.07164
445.11315,239.19133 442.69383,239.55539 444.01069,212.20276
443.32037,253.24547 445.06031,238.0 445.06031,238.0
445.06031,238.0 445.06031,238.0 445.06031,238.0
;
385.56267,225.77066 385.56267,225.77066 385.50167,216.92729
383.66098,210.71074 382.54341,200.69197 376.89583,185.46539
391.76372,197.97106 399.59754,192.76533 413.14469,188.46131
429.65598,186.14277 437.2281,172.47982 442.26957,163.70137
438.78664,156.71408 440.45404,145.04781 444.66302,126.84427
433.33766,111.12522 429.98469,94.246018 428.42017,93.015087
427.45024,82.956967 424.0,86.5 414.76494,83.741898
430.62282,92.001679 425.527,101.5 433.48779,113.13447
434.51257,128.12947 435.61662,141.55836 430.75628,156.4085
431.75765,153.02282 435.96818,152.50037 436.91631,167.94363
426.55404,180.59952 413.18326,187.04984 408.4978,184.86121
393.92805,196.73302 384.93248,189.70877 367.83101,180.26453
363.67563,157.38 366.23648,139.5 363.18397,129.54049
384.28298,126.48623 375.05363,131.4548 376.44531,140.45059
388.96753,117.18772 373.04132,120.07072 365.57834,111.63519
394.12887,122.10932 384.64141,111.86293 372.63382,108.14976
386.6398,100.8102 383.92018,95.715713 386.96681,89.640308
401.2782,75.360753 402.55262,80.912045 390.58435,88.663994
412.64939,76.456802 416.09411,85.0 417.79722,82.480896
406.42709,78.134378 421.0,80.157628 412.23859,72.2984
393.76483,74.182707 385.69664,83.369847 380.45633,91.067346
374.90232,100.47242 371.43872,107.80693 382.95193,114.35518
360.82917,110.82111 366.0,123.83336 365.36248,129.40584
356.98185,141.06733 359.97141,151.28121 359.35785,166.24503
366.46786,180.6161 377.5,190.50003 378.71773,200.16729
374.32648,214.2644 381.33236,216.75265 383.0726,218.88873
383.73473,225.57788 385.56267,225.77066 385.56267,225.77066
385.56267,225.77066 385.56267,225.77066 385.56267,225.77066
;
386.41702,87.5 386.41702,87.5 372.62283,101.58476
399.06713,68.976715 386.9815,86.871899 386.9815,86.871899
386.41704,87.5 386.41704,87.5 386.41704,87.5
386.41702,87.5 386.41702,87.5 386.41702,87.5
;
390.5,179.77988 390.5,179.77988 404.33787,176.0889
374.09439,181.19315 380.92642,171.02823 392.73808,175.9384
396.03175,165.71606 399.32209,170.60307 408.18641,175.0773
402.52171,159.69536 393.72499,158.00005 384.29098,156.11522
404.51065,166.49859 386.12325,161.39942 380.70339,156.88028
371.41856,168.71791 381.16268,176.66997 383.28751,179.87698
387.18776,179.13135 390.5,179.77988 390.5,179.77988
390.5,179.77988 390.5,179.77988 390.5,179.77988
;
380.81357,152.0 380.81357,152.0 374.8467,151.43617
384.43121,132.70388 377.32962,144.40418 374.66421,147.24922
378.09021,151.07194 380.81357,152.0 380.81357,152.0
380.81357,152.0 380.81357,152.0 380.81357,152.0
;
396.43555,151.9323 396.43555,151.9323 410.80161,151.9703
395.17019,135.53047 397.70059,141.5 405.34107,147.33687
392.46587,152.29411 396.43555,151.9323 396.43555,151.9323
396.43555,151.9323 396.43555,151.9323 396.43555,151.9323
;
384.80771,151.0 384.80771,151.0 385.95903,142.21229
384.24193,136.49407 379.77831,148.36465 381.49747,149.08231
382.65278,151.62778 384.80771,151.0 384.80771,151.0
384.80771,151.0 384.80771,151.0 384.80771,151.0
;
393.3674,149.77008 393.3674,149.77008 402.10709,143.5429
396.98152,146.97736 389.11803,145.0 386.38085,148.10479
389.78062,151.51107 393.3674,149.77008 393.3674,149.77008
393.3674,149.77008 393.3674,149.77008 393.3674,149.77008
;
406.54545,133.0 406.54545,133.0 403.74978,126.49736
405.00943,128.86997 416.92735,129.34976 432.03232,130.25861
425.13049,118.15465 414.00023,118.99996 404.35403,116.8758
392.73396,128.43496 406.54545,133.0 406.54545,133.0
406.54545,133.0 406.54545,133.0 406.54545,133.0
;
425.125,116.93661 425.125,116.93661 427.16165,108.58862
416.02441,106.39972 408.49255,106.91294 393.21595,110.64464
391.52247,113.85176 404.87279,115.42664 411.77059,115.49094
418.80471,113.45709 425.125,116.93661 425.125,116.93661
425.125,116.93661 425.125,116.93661 425.125,116.93661
;
424.45,113.90032 424.45,113.90032 411.94905,112.17218
404.30193,109.47265 421.38757,111.74929 421.76962,110.77658
427.55803,115.06551 424.45,113.90032 424.45,113.90032
424.45,113.90032 424.45,113.90032 424.45,113.90032
;
