146.87043,480.0 146.87043,480.0 97.91362,480.0
48.95681,480.0 0.0,480.0 0.0,320.0
0.0,160.0 0.0,0.0 284.66667,0.0
569.33333,0.0 854.0,0.0 854.0,160.0
854.0,320.0 854.0,480.0 762.07847,479.83289
669.51054,480.3332 577.992,479.75 576.12086,455.87223
566.04003,433.36546 567.42964,409.04192 565.52291,389.58139
562.68707,370.22849 562.6041,350.56526 558.89207,329.73463
557.20131,306.38105 544.36491,289.06189 539.29078,282.41681
540.14287,275.97914 530.67689,271.37079 520.24005,267.61625
520.47123,259.11391 516.70299,251.37411 511.08936,241.818
507.24137,230.72457 502.48225,221.31626 497.39416,205.75136
497.56825,190.28384 492.82702,174.89316 492.35167,166.60984
486.65732,154.92437 485.05976,144.98985 477.08753,133.51133
473.11299,118.41598 460.0,111.55848 456.72242,103.08091
446.89085,108.88365 441.04913,106.44212 435.4384,95.297308
427.75433,108.06389 418.95205,106.27721 414.23325,107.37638
409.21725,109.18193 403.1,114.0 395.09668,119.36671
391.99939,127.85931 386.58197,136.51763 379.11123,150.18372
379.4036,166.32782 374.45222,180.35184 368.23604,190.32626
370.69625,202.92803 366.06384,213.45917 366.39602,223.57011
372.15203,233.62738 365.62861,243.29215 363.08393,251.97779
364.40559,261.96714 353.90992,265.06203 355.67012,267.03295
354.91568,269.68135 348.79106,270.79986 353.3688,263.64332
334.2252,279.66315 331.0629,284.32271 313.78133,301.96371
319.9432,329.0769 310.93337,350.5 305.25619,374.76253
311.78088,400.08874 302.73215,423.73718 297.96824,442.16133
295.49377,461.07642 293.74083,480.0 244.78406,480.0
195.82707,480.0 146.87043,480.0 146.87043,480.0
146.87043,480.0 146.87043,480.0 146.87043,480.0
;
355.5,480.0 355.5,480.0 336.33333,480.0
317.16667,480.0 298.0,480.0 298.64307,452.62324
306.71884,426.06352 312.00167,399.58773 310.31509,376.17099
314.18651,353.23729 319.19081,330.5 320.83629,312.58693
323.60405,293.10322 339.26928,281.73274 348.60574,271.37509
368.55199,271.22202 368.79894,253.75419 371.42159,241.64283
375.56183,229.58154 371.68152,217.5577 373.31074,208.71929
373.83256,194.49893 378.00071,192.14286 371.54454,185.0361
385.85753,175.27015 382.64752,165.72869 384.998,142.80749
396.29311,118.43547 419.77292,110.88513 431.09814,106.0613
441.7486,112.45096 453.03004,113.09901 474.9305,122.49401
479.83972,148.99641 487.13192,169.5 495.48468,201.59375
496.91767,235.91195 513.45894,265.0 520.52903,272.71355
531.64091,272.36626 536.00071,282.23205 538.89584,291.06736
549.20861,298.06299 549.75662,309.17155 558.27262,333.34252
559.83557,359.04052 560.48131,384.42069 565.56293,408.78051
564.23509,434.01766 570.89625,457.93729 572.95514,468.05507
579.60704,485.45346 562.52276,479.96583 525.84851,479.81055
489.17425,479.65527 452.5,479.5 446.33694,453.65405
454.12705,427.49071 467.97121,405.5 475.07564,390.17746
484.63667,375.56059 487.10328,358.80696 495.42347,343.61114
516.05383,348.69943 528.87251,339.29105 540.32655,327.32942
516.34734,339.83472 510.463,342.17217 502.13618,343.83611
494.38012,344.50519 490.02689,348.0 478.14213,357.17339
481.39225,374.1843 472.33041,385.57566 469.04447,404.38512
465.26186,380.7759 459.04944,392.08339 467.12415,398.66498
464.95004,404.40687 457.61983,415.94544 449.9543,435.56913
450.54709,423.26534 452.83635,409.68918 457.12474,395.23912
450.02237,389.10462 444.49997,404.99301 440.85932,400.57831
425.42526,419.51049 438.08406,404.86631 453.10164,387.9764
457.36193,364.42187 459.91598,342.52701 466.54264,334.43499
461.69514,319.05632 462.50705,307.79259 457.85133,318.57867
461.16211,292.26001 460.05577,286.49901 456.07457,273.21922
455.14098,276.27857 457.76324,287.62302 457.1328,305.65534
454.0477,283.34291 451.61914,277.49901 449.06214,293.82686
447.60211,256.52107 451.12214,276.99901 450.9816,268.79407
454.74997,257.74684 455.49988,248.05819 451.39394,258.54863
450.55384,255.04269 447.90083,265.62897 442.9122,276.75873
448.42666,287.62024 447.33433,299.09303 439.95518,309.47411
429.90366,303.32484 422.22415,296.81395 412.51592,287.11069
402.24483,275.66348 402.90047,260.99901 394.2454,263.80852
395.98741,279.30304 394.36701,287.45165 394.10184,310.62717
404.2316,332.0936 407.94644,354.49901 399.82298,345.35823
390.20111,339.30269 380.36274,329.69856 374.22793,324.99089
364.54428,313.88001 365.59212,325.99901 358.36779,339.40068
375.05426,325.75445 377.72865,334.49012 394.43423,347.1557
416.07669,362.31234 415.21167,386.36417 416.18231,413.69681
423.14435,441.23585 414.9065,468.15186 417.36896,484.59786
402.358,479.41246 391.44793,479.99901 379.46551,479.99968
367.48133,479.99801 355.5,480.0 355.5,480.0
355.5,480.0 355.5,480.0 355.5,480.0
;
378.08356,418.0 378.08356,418.0 389.16817,418.74295
383.12808,399.79895 374.61455,407.38545 369.26556,410.03447
372.41833,419.16615 378.08356,418.0 378.08356,418.0
378.08356,418.0 378.08356,418.0 378.08356,418.0
;
475.36807,413.0 475.36807,413.0 489.9493,412.9281
474.93032,393.56674 469.3363,406.56599 468.38773,409.20552
471.90439,414.53626 475.36807,413.0 475.36807,413.0
475.36807,413.0 475.36807,413.0 475.36807,413.0
;
522.2768,333.80384 522.2768,333.80384 536.24161,331.19249
516.53781,316.14165 518.0,330.41272 518.58894,333.19948
518.89248,335.1026 522.2768,333.80384 522.2768,333.80384
522.2768,333.80384 522.2768,333.80384 522.2768,333.80384
;
472.93883,291.0 472.93883,291.0 475.8405,287.43916
478.79838,267.41872 471.0,267.0 472.45969,273.24187
466.43324,288.76691 472.93883,291.0 472.93883,291.0
472.93883,291.0 472.93883,291.0 472.93883,291.0
;
414.83434,274.0 414.83434,274.0 416.15173,266.87734
413.56425,259.73924 412.39946,250.59471 407.37533,232.37006
422.65167,260.93986 417.43137,248.32113 411.48649,241.43972
436.44408,248.05739 441.44501,240.0 457.91541,238.72234
471.25178,221.16185 469.17979,204.70972 471.24548,187.42822
469.49885,169.75031 460.62979,154.61152 458.98156,144.25092
451.4967,126.30443 452.4417,147.49992 457.7469,160.13719
463.30332,172.89028 464.68657,186.79596 467.3804,192.39017
455.80711,207.00525 465.24204,200.99992 466.69686,218.71046
453.18501,235.1101 437.0,240.03131 426.51334,243.26419
411.66295,244.72158 405.32287,233.31359 397.75298,221.23516
400.63922,225.64128 396.59122,210.95825 391.03608,201.2907
396.39635,190.56231 396.882,181.99995 404.08783,181.36731
408.92267,189.11487 409.03282,175.01872 398.64882,170.73606
398.07604,166.90412 408.99802,168.18771 422.52928,170.0298
402.55725,161.06402 409.26555,156.44955 414.98333,147.29513
402.4873,158.43902 413.30338,144.49995 418.66341,135.40232
427.68152,126.85169 437.65927,132.0 448.96253,131.12027
451.89161,127.7907 436.34566,125.57231 419.89469,123.27715
407.52934,136.72685 403.17934,151.5 399.10193,161.54387
394.99545,163.59184 394.44307,174.17692 391.61293,182.98952
384.80197,194.17638 388.77461,205.29237 391.44365,218.36523
395.64361,231.56044 405.92203,240.71838 404.8898,254.05093
407.63939,258.74348 409.10831,262.2802 414.30829,271.69367
406.80673,270.76538 414.83429,274.0 414.83429,274.0
414.83434,274.0 414.83434,274.0 414.83434,274.0
;
413.6709,139.07812 413.6709,139.07812 401.22214,149.60589
429.32961,119.39855 414.93479,137.61858 414.93479,137.61858
413.6709,139.07812 413.6709,139.07812 413.6709,139.07812
;
440.78632,269.0 440.78632,269.0 442.19718,265.23884
454.76819,239.94854 445.84776,250.57384 443.55158,255.75215
438.87959,264.41036 440.78632,269.0 440.78632,269.0
440.78632,269.0 440.78632,269.0 440.78632,269.0
;
419.921,231.73024 419.921,231.73024 428.18928,231.19852
422.30592,225.93909 417.63638,226.17221 401.77918,222.98886
418.51436,224.07996 424.81298,221.58812 437.685,223.16501
431.10209,213.0375 421.5,209.59396 400.41865,209.4816
426.47958,211.08136 422.82091,214.45603 411.60022,216.70236
409.68203,209.61014 405.80329,219.06569 408.52104,224.84466
411.94266,234.04323 419.921,231.73024 419.921,231.73024
419.921,231.73024 419.921,231.73024 419.921,231.73024
;
424.78726,205.0 424.78726,205.0 435.11349,203.46694
431.47861,189.23076 425.0,192.07037 430.19404,200.36647
424.21696,195.35666 417.34457,198.5 416.89683,205.30358
426.88401,199.65011 424.78726,205.0 424.78726,205.0
424.78726,205.0 424.78726,205.0 424.78726,205.0
;
410.25,203.94755 410.25,203.94755 405.81591,203.62145
412.36881,183.3548 406.5161,193.61571 403.43472,198.3035
404.84007,202.48786 410.25,203.94755 410.25,203.94755
410.25,203.94755 410.25,203.94755 410.25,203.94755
;
413.94222,202.72069 413.94222,202.72069 419.67833,197.65728
405.99441,185.99887 411.06106,201.53284 411.42977,203.04731
412.82565,202.6205 413.94222,202.72069 413.94222,202.72069
413.94222,202.72069 413.94222,202.72069 413.94222,202.72069
;
439.26582,179.77903 439.26582,179.77903 452.99439,184.33157
461.62365,169.80301 443.68441,170.00568 433.91221,164.95721
419.99972,182.54566 436.86649,179.71935 436.86649,179.71935
438.82521,179.76805 438.82521,179.76805 438.82521,179.76805
439.26582,179.77895 439.26582,179.77895 439.26582,179.77895
439.26582,179.77903 439.26582,179.77903 439.26582,179.77903
;
436.14432,167.43514 436.14432,167.43514 443.26537,165.19226
459.99406,171.54079 451.98912,161.37847 444.35855,155.87423
430.61267,157.72568 425.00004,163.47525 428.01821,167.36588
427.31696,168.89236 436.14432,167.43514 436.14432,167.43514
436.14432,167.43514 436.14432,167.43514 436.14432,167.43514
;
424.78138,136.9682 424.78138,136.9682 440.45968,132.03676
426.91519,129.07266 424.78138,136.9682 424.78138,136.9682
424.78138,136.9682 424.78138,136.9682 424.78138,136.9682
;
444.4375,135.65526 444.4375,135.65526 447.68345,128.61997
429.12243,134.35629 443.5,135.93552 443.5,135.93552
444.4375,135.65526 444.4375,135.65526 444.4375,135.65526
;
453.06598,133.0 453.06598,133.0 457.16295,123.97243
442.72929,123.59113 452.0383,131.94151 452.0383,131.94151
452.25,133.0 452.25,133.0 452.25,133.0
453.06598,133.0 453.06598,133.0 453.06598,133.0
;
432.5,480.0 432.5,480.0 414.00157,482.05887
419.41616,478.45756 429.808,468.87887 438.59728,459.72987
442.02638,447.061 430.58873,463.16786 423.44894,479.29088
415.01091,464.8955 419.9996,467.42095 427.12565,456.68034
426.27447,441.33613 426.83013,428.63597 426.05986,407.83464
422.63817,417.1722 425.34252,432.5 425.10657,439.32814
421.47109,462.59063 422.56128,442.77822 424.73763,428.68115
417.83388,414.18169 421.82801,400.5 419.04283,413.40974
431.59023,391.28198 434.54407,399.36504 428.16823,403.14699
426.21256,411.16138 429.00001,416.0 440.56442,414.69393
441.64968,420.75516 439.46087,433.75 436.99643,452.51216
442.52015,442.73831 443.21096,430.5 444.52207,420.54839
443.03904,409.69081 449.97592,401.5 447.37507,419.02996
449.13004,437.06064 445.35693,454.5 438.78538,452.05206
441.84255,479.45524 445.04662,474.04124 442.52856,453.49302
454.14386,487.45045 439.1626,480.0 436.94189,480.0
434.72026,480.0 432.5,480.0 432.5,480.0
432.5,480.0 432.5,480.0 432.5,480.0
;
426.03993,466.0 426.03993,466.0 439.40973,447.70184
413.04952,477.7205 425.96593,466.0847 425.96593,466.0847
426.04045,466.0 426.04045,466.0 426.04045,466.0
426.03993,466.0 426.03993,466.0 426.03993,466.0
;
425.14682,394.55255 425.14682,394.55255 415.09443,396.83083
423.60549,379.85052 418.0,375.06277 426.11916,374.45229
411.37534,360.47499 412.33188,352.5491 408.37881,330.53614
398.0718,309.74192 398.46287,286.96218 402.47094,295.09087
407.88927,298.32344 407.77184,304.42727 414.23807,317.83544
420.92249,333.93584 433.11803,342.0 438.36108,345.06146
433.18913,335.70417 425.86984,327.93289 416.25382,315.07817
413.13909,297.48135 400.95948,285.70718 411.52912,289.1261
402.87897,282.59705 399.0,280.5 401.44162,266.85139
405.51359,286.20599 412.61718,291.88246 420.32405,300.32404
430.21549,307.3743 441.40387,310.28839 446.32037,304.31193
459.44657,299.92877 448.10367,309.80685 454.34789,308.95997
442.37408,316.46603 436.29181,314.12012 423.21873,307.65434
421.69712,311.82645 435.16682,316.14882 448.63876,315.50716
448.87785,312.75651 447.43466,318.01666 457.01842,308.93886
449.43843,329.78376 450.69063,335.39257 448.94362,345.32665
449.01231,358.76963 445.2223,366.25993 428.76767,372.22604
449.40586,369.43627 437.02798,374.23626 443.57681,374.88898
449.45581,371.85202 444.03355,385.28482 442.49414,395.2011
432.70583,392.63749 425.14682,394.55255 425.14682,394.55255
425.14682,394.55255 425.14682,394.55255 425.14682,394.55255
;
415.18596,339.0 415.18596,339.0 412.4537,326.93171
421.55603,340.95024 413.50583,324.36663 404.39609,309.5248
416.30704,332.46269 408.29687,325.3698 409.98165,328.25272
412.72908,336.27195 415.18596,339.0 415.18596,339.0
415.18596,339.0 415.18596,339.0 415.18596,339.0
;
450.66766,364.0 450.66766,364.0 445.34538,354.90833
460.33373,351.24583 450.66766,364.0 450.66766,364.0
450.66766,364.0 450.66766,364.0 450.66766,364.0
;
455.05111,333.5 455.05111,333.5 452.02067,345.88059
458.61488,307.99447 456.2827,326.95021 456.2757,329.20413
455.55057,331.33012 455.05111,333.5 455.05111,333.5
455.05111,333.5 455.05111,333.5 455.05111,333.5
;
