231.25,479.81975 231.25,479.81975 154.16667,479.87983
77.083333,479.93992 0.0,480.0 0.0,320.0
0.0,160.0 0.0,0.0 284.66667,0.0
569.33333,0.0 854.0,0.0 854.0,160.0
854.0,320.0 854.0,480.0 750.16667,479.993
646.33333,479.9867 542.5,479.98 544.58685,463.59427
534.45852,448.26382 540.87759,432.11011 540.37534,409.40026
539.26205,386.75074 533.88672,364.66295 532.05857,341.02028
536.79396,316.34114 529.89375,293.49941 528.65399,282.97269
518.61796,277.39077 516.82466,267.49067 510.34762,256.69708
487.00657,259.32122 488.04474,243.10848 481.78501,228.67063
495.0707,211.14162 492.34572,194.6672 492.05207,181.24181
487.74006,168.37394 488.54076,154.88037 485.01754,143.10893
484.94735,140.45116 478.70676,128.33748 472.75341,117.41372
464.11975,107.51496 454.06016,101.43514 453.83085,91.738925
430.76892,85.876328 439.0,93.0 435.50293,93.986451
424.39188,92.55092 415.60528,94.354833 382.24532,103.75122
369.43696,140.14613 362.54547,170.62289 356.13337,193.50769
352.95549,217.5175 342.00468,238.69709 339.71228,248.0632
329.43865,257.02877 329.92909,265.97961 324.36378,269.2937
316.82213,276.64158 310.42597,281.45791 307.33923,297.89494
297.14505,312.74903 293.45881,329.43453 288.18059,349.33509
288.70083,370.52784 282.0228,390.31115 273.97831,419.3451
270.51375,449.22794 266.74968,479.0 274.94847,475.2276
270.86166,458.29518 273.99713,449.33612 279.16504,412.40651
291.1602,376.79564 294.15378,339.5 302.11942,319.81479
305.16348,296.66938 319.61573,280.57801 330.74884,272.16089
338.85937,261.64169 343.77751,248.49641 363.84931,207.48522
362.91525,158.81121 386.84515,119.5 394.72404,108.03858
407.81207,100.27234 420.58702,97.858688 431.41236,97.312033
445.95584,101.00462 455.49968,108.29341 449.62547,105.39068
466.54638,114.72939 467.6025,122.07719 469.30805,126.94744
474.71124,136.61198 475.17649,145.27666 483.11796,170.36582
483.19509,197.978 478.71371,223.4425 479.83401,233.33377
479.1883,238.34104 483.04945,246.73217 469.74932,246.66787
486.30929,254.76213 491.15097,258.87856 498.78879,261.99921
515.56316,263.16694 513.99968,275.0955 530.89864,291.15776
533.28271,317.80679 528.8378,339.68511 533.82017,355.50121
529.59394,372.61632 535.06101,388.45738 535.23936,408.44909
539.03874,428.74881 534.52942,448.22224 537.38918,458.12753
537.92156,469.83072 540.38854,479.23469 533.90001,480.91694
516.79575,479.38459 506.23251,479.83295 491.6549,479.77655
477.07729,479.72018 462.49968,479.66379 477.74749,479.25412
457.86338,474.38443 462.54868,461.26682 458.98702,440.39029
470.12089,420.24941 475.69341,400.52371 486.79772,407.26353
491.87618,386.85059 479.35146,390.65554 479.68104,375.01152
492.14682,359.93349 495.38376,344.03209 502.7805,333.35056
518.11638,328.8262 525.0,318.0 514.14806,317.41494
508.50629,330.37594 498.5,333.94247 486.4062,344.83707
486.11358,363.1337 477.31844,376.5 477.84267,384.41769
462.37581,376.4821 471.20916,388.0 474.9975,379.33278
475.27971,396.38089 469.9467,403.99496 467.28906,414.22
461.38007,423.89448 460.9694,434.5 457.34902,423.3756
460.09724,409.86169 461.22703,398.0 455.77961,396.48658
444.03141,414.8717 453.12722,401.21395 464.26059,394.65907
462.88219,381.04714 462.56284,370.22948 454.63295,378.26297
466.63771,356.17314 463.25742,349.66279 464.48601,343.19773
460.65649,319.27803 465.32617,328.72826 468.38008,318.73611
466.11567,312.36129 464.99907,305.0814 463.83784,288.68688
457.89105,322.02999 460.0,298.0 449.84606,301.22497
445.35759,296.79751 440.49686,298.10737 425.28377,291.27527
407.08157,283.59485 398.0,269.82462 394.19432,268.89224
402.59603,257.10879 393.0,263.14286 400.47886,254.74505
395.66453,245.92593 391.56454,259.9891 385.04489,269.63804
392.05436,283.78983 392.03071,295.19323 393.82117,314.06592
407.53801,329.41472 413.0005,346.99484 398.89353,337.20312
383.88026,326.67632 368.0,321.0 365.81223,325.66492
363.10435,340.74313 373.26044,331.73956 377.56827,326.76699
390.47971,340.23577 398.65165,341.99291 411.44559,350.08222
423.65751,360.36453 425.16684,376.5 435.22125,409.89933
433.18183,445.09253 426.90937,479.0 434.58047,478.85415
429.89463,466.20388 438.14368,463.20566 446.20577,454.98969
447.08717,438.29531 439.02599,456.0 429.75087,466.02898
434.16969,459.90917 436.26739,451.0 430.80404,452.86638
437.50493,430.92041 435.15795,422.91021 432.21119,406.09898
436.65682,414.51108 443.28381,404.82586 449.25443,396.90016
438.54104,420.59263 442.20635,427.0687 441.29684,449.02109
445.90794,426.41061 445.33972,416.56666 449.94176,407.09887
454.27301,404.88082 456.00007,412.0 454.984,435.04372
457.18325,414.90207 452.87184,414.95361 452.91304,426.18653
456.64307,437.36114 453.80872,448.4588 450.67052,440.46296
445.36986,463.37799 449.07953,466.0 451.02435,454.84976
454.57868,454.13487 455.64243,467.60312 446.08,477.77388
467.50598,481.6344 456.62217,479.64408 381.49811,479.70268
306.37406,479.76119 231.25,479.81975 231.25,479.81975
231.25,479.81975 231.25,479.81975 231.25,479.81975
;
387.5,422.0 387.5,422.0 398.94621,421.61418
390.49689,401.96018 383.5567,411.22251 379.91595,415.1639
382.07592,421.53365 387.5,422.0 387.5,422.0
387.5,422.0 387.5,422.0 387.5,422.0
;
515.62054,319.0 515.62054,319.0 527.5613,313.60851
506.27799,304.50505 512.2,317.8 512.78018,319.55197
514.33016,318.96261 515.62054,319.0 515.62054,319.0
515.62054,319.0 515.62054,319.0 515.62054,319.0
;
455.0,297.5 455.0,297.5 459.42793,287.75344
448.27257,278.63556 452.36787,267.5 451.40074,252.45363
448.26773,279.51954 449.94101,284.75 448.82942,302.10655
454.50043,276.39759 453.71225,296.45076 454.02446,297.03634
453.55203,299.4316 455.0,297.5 455.0,297.5
455.0,297.5 455.0,297.5 455.0,297.5
;
462.22657,297.82262 462.22657,297.82262 469.13497,291.51067
462.36436,275.68127 460.60443,293.82262 460.96797,295.53411
458.01373,299.94349 462.22657,297.82262 462.22657,297.82262
462.22657,297.82262 462.22657,297.82262 462.22657,297.82262
;
439.71494,277.61839 439.71494,277.61839 444.94455,261.48287
431.83015,270.84459 439.71494,277.61839 439.71494,277.61839
439.71494,277.61839 439.71494,277.61839 439.71494,277.61839
;
458.0,276.0 458.0,276.0 463.77091,271.06612
452.34709,250.512 457.00001,264.14283 458.0091,266.61561
455.2798,275.5365 458.0,276.0 458.0,276.0
458.0,276.0 458.0,276.0 458.0,276.0
;
403.03518,261.0 403.03518,261.0 401.60891,241.16593
410.95387,267.61894 408.19469,252.13612 405.70719,238.7228
407.00932,241.7262 402.54532,229.75 414.81146,233.8343
401.39976,222.13854 402.53242,209.66487 401.73322,194.61286
401.70029,197.93324 406.09553,194.30569 399.22749,190.15987
409.56607,178.16496 409.03557,172.36897 421.05146,172.22761
430.90015,166.64116 415.54225,160.89139 409.07384,155.95675
421.86724,156.93192 426.05297,158.77945 439.83272,155.22527
413.19964,149.89981 422.84855,146.25967 425.00199,137.46808
428.01604,126.87157 435.25402,119.86405 439.62259,117.61484
452.96905,119.11093 454.28145,123.00004 441.95181,116.58837
459.20989,133.60666 457.13479,131.0 455.55679,123.86645
463.22107,137.76503 460.92113,137.07287 468.79459,153.5195
462.68995,148.24857 449.49998,149.21047 437.54916,152.03213
435.0045,156.39595 442.37697,156.45996 447.10297,161.57853
466.85044,151.05226 468.92262,164.41309 474.07642,184.33438
464.98653,205.09539 457.15341,222.8546 449.96883,232.09009
438.62373,236.80266 426.99998,236.0 430.58402,243.11062
455.21476,229.17958 441.42586,244.93208 444.77869,246.57273
456.84965,220.10271 453.09917,242.56416 455.91939,260.24918
452.85243,228.53 459.65887,225.68016 475.49098,203.58877
476.94375,173.03942 469.70415,147.84042 465.70507,137.09619
463.74119,120.70879 451.72407,117.25001 442.04334,111.77539
428.99282,116.46861 425.1891,127.59612 423.17292,131.5395
403.24156,166.30647 412.73621,153.46487 402.4507,158.50251
412.84888,165.85576 403.04502,171.42727 394.17753,186.1632
395.52206,203.75584 394.91525,220.311 402.92693,227.57403
399.88139,237.08213 401.74269,247.86927 399.47086,249.46714
398.36834,259.07445 403.03519,261.0 403.03519,261.0
403.03518,261.0 403.03518,261.0 403.03518,261.0
;
402.65476,224.67858 402.65476,224.67858 396.98675,217.66537
397.07353,205.91648 401.90644,221.83565 400.98796,222.61148
404.40587,224.02524 402.65476,224.67858 402.65476,224.67858
402.65476,224.67858 402.65476,224.67858 402.65476,224.67858
;
434.42935,223.68108 434.42935,223.68108 450.77129,220.84165
423.8142,220.55327 423.0,221.09655 426.72777,222.84232
430.18922,224.73685 434.42935,223.68108 434.42935,223.68108
434.42935,223.68108 434.42935,223.68108 434.42935,223.68108
;
437.80902,219.98469 437.80902,219.98469 440.22986,214.95746
456.34809,213.08198 443.39574,203.02657 437.37681,196.68591
426.96393,198.89813 432.07733,202.0 448.95875,201.47916
434.69372,207.25313 426.72188,204.85115 416.80629,201.62747
416.55823,222.42422 427.09629,215.15771 435.71043,215.49549
437.29907,216.20587 437.80902,219.98469 437.80902,219.98469
437.80902,219.98469 437.80902,219.98469 437.80902,219.98469
;
424.03896,195.0 424.03896,195.0 431.46739,198.36212
435.44753,181.20578 428.10444,188.26243 422.46443,186.18103
428.34416,178.13691 418.0,186.0 416.95875,189.91148
419.92441,195.12972 424.03896,195.0 424.03896,195.0
424.03896,195.0 424.03896,195.0 424.03896,195.0
;
441.64301,194.9847 441.64301,194.9847 453.19176,187.05976
441.22111,180.452 440.24984,186.78625 424.86126,189.73799
443.15284,192.62608 441.64301,194.9847 441.64301,194.9847
441.64301,194.9847 441.64301,194.9847 441.64301,194.9847
;
448.87921,174.78249 448.87921,174.78249 444.87733,166.89148
457.48779,174.07854 465.91436,168.86517 470.24897,159.51223
447.19817,156.87552 443.13391,166.2459 442.20546,169.12831
446.07531,175.14199 448.87921,174.78249 448.87921,174.78249
448.87921,174.78249 448.87921,174.78249 448.87921,174.78249
;
434.50679,389.99742 434.50679,389.99742 430.51813,390.77547
426.13685,372.23059 431.79564,369.74709 425.15434,363.0503
419.73552,351.5695 414.95365,342.0 410.41792,333.98909
416.3536,332.49572 407.79586,324.1125 403.88346,319.20628
398.17629,307.67299 396.22599,298.66555 395.0554,292.33735
389.64186,271.39872 396.61531,286.56225 400.73003,299.6975
402.02395,289.46316 400.78444,280.5 398.7931,274.92123
415.82023,292.02626 422.29828,293.61913 429.51634,298.71321
443.45298,299.28821 444.37363,305.0 454.86084,305.71071
427.14355,310.77544 447.40348,313.04462 458.32841,301.30194
447.71934,315.63148 453.8119,318.0 449.29432,324.65244
444.2191,319.37058 448.00607,333.78042 451.33829,336.9546
451.10293,355.56689 445.45707,361.61167 450.06057,362.75699
440.86155,367.60066 443.75293,369.38691 448.37584,365.75132
447.53439,389.14889 449.08747,371.06451 457.57113,358.11716
450.11852,377.69033 448.33587,384.30286 446.72223,384.89552
440.59013,385.4249 434.50679,389.99742 434.50679,389.99742
434.50679,389.99742 434.50679,389.99742 434.50679,389.99742
;
424.12304,325.0 424.12304,325.0 422.15786,312.26971
422.14092,320.6012 413.8067,309.52356 405.63357,301.93224
420.84363,324.90619 424.12304,325.0 424.12304,325.0
424.12304,325.0 424.12304,325.0 424.12304,325.0
;
417.25,310.99898 417.25,310.99898 421.44163,308.4307
406.69484,293.5065 412.91891,304.62185 414.41501,306.21682
415.15034,310.61715 417.25,310.99898 417.25,310.99898
417.25,310.99898 417.25,310.99898 417.25,310.99898
;
454.50616,340.63569 454.50616,340.63569 449.31046,343.64601
459.53607,317.58631 455.09399,339.50862 455.09399,339.50862
454.50618,340.63569 454.50618,340.63569 454.50618,340.63569
454.50616,340.63569 454.50616,340.63569 454.50616,340.63569
;
462.02144,321.0 462.02144,321.0 458.62697,315.93659
465.65457,307.53928 463.04288,321.0 463.04288,321.0
462.02144,321.0 462.02144,321.0 462.02144,321.0
;
398.10699,284.0 398.10699,284.0 392.82088,280.0341
392.13677,262.97178 392.90533,273.67654 397.99258,274.69773
398.31893,278.44328 398.10699,284.0 398.10699,284.0
398.10699,284.0 398.10699,284.0 398.10699,284.0
;
