427.0,480.0 427.0,480.0 284.66667,480.0
142.33333,480.0 0.0,480.0 0.0,320.0
0.0,160.0 0.0,0.0 284.66667,0.0
569.33333,0.0 854.0,0.0 854.0,160.0
854.0,320.0 854.0,480.0 711.66667,480.0
569.33333,480.0 427.0,480.0 427.0,480.0
427.0,480.0 427.0,480.0 427.0,480.0
;
266.32676,479.0 266.32676,479.0 271.24453,467.98782
271.59608,451.38906 274.0956,438.11874 277.10781,407.70954
288.34782,378.76535 292.23352,348.67437 293.57172,321.72072
303.15338,295.34165 315.38225,271.5 325.12918,258.26231
343.20331,251.96254 346.511,234.18729 358.79539,207.33048
365.17269,178.61097 372.18898,150.11974 379.67567,125.37468
388.93778,95.868329 415.68212,86.31446 424.07488,83.468718
438.15217,81.983218 444.25,87.838567 453.18125,89.839755
466.3146,96.739551 470.39859,107.99245 483.1923,136.61058
484.75137,168.36989 483.21969,199.29487 482.71996,210.76288
482.12538,222.24379 486.85887,233.0 486.27033,240.69934
476.84524,230.53552 484.76299,239.48188 493.57667,243.2626
501.32397,249.92612 509.59973,251.0 519.7617,255.75197
519.76183,266.97791 528.20281,274.47458 539.15214,301.61951
533.12873,331.38477 535.45492,359.87679 536.23474,378.42449
539.17415,396.74927 539.31639,415.38156 541.96912,436.45397
540.36472,457.83412 543.31328,479.0 549.91879,473.36502
542.94763,456.33384 543.86107,446.28611 545.06769,425.20114
540.76417,404.64774 540.86742,383.5667 535.71525,352.63631
539.84776,320.66771 536.28395,289.74807 533.24081,279.08559
530.60238,267.43641 521.0,260.62582 522.33677,250.97531
508.93571,247.36383 501.66784,244.9851 488.30465,241.24072
486.8891,223.0903 486.72225,211.08138 491.40341,194.46749
492.55497,176.52654 489.82292,159.91511 490.04992,149.35433
490.63644,138.76029 487.61601,128.49995 486.39359,139.09402
486.13417,114.05601 479.45384,110.15476 471.94974,101.65712
465.81173,92.991289 455.99169,86.959246 455.04657,78.656267
433.02047,70.482985 444.5,79.859429 450.47928,78.111319
450.82056,86.841094 443.28154,81.892582 431.40755,75.040387
416.07575,82.258712 404.50961,87.575375 384.91015,100.93145
376.11849,124.44892 369.2074,146.30187 361.96889,175.24134
356.78708,205.08691 342.08579,231.5 341.3961,242.15013
325.69076,249.93361 336.00183,247.33378 325.72334,257.35241
311.81403,265.7567 305.32318,278.44407 301.39932,303.27436
287.58146,326.21784 288.76556,352.10868 284.84315,378.27533
275.13639,403.90507 272.03751,430.57149 270.01055,446.74948
266.68484,462.83562 264.99994,479.0 264.99994,479.0
266.3267,479.0 266.3267,479.0 266.3267,479.0
266.32676,479.0 266.32676,479.0 266.32676,479.0
;
487.5664,155.9449 487.5664,155.9449 485.89958,157.98096
483.17475,126.28873 486.35813,137.75 487.41476,155.06871
489.44913,130.31406 488.96741,153.00445 488.96741,153.00445
489.00001,154.75511 489.00001,154.75511 489.00001,154.75511
487.56641,155.9449 487.56641,155.9449 487.56641,155.9449
487.5664,155.9449 487.5664,155.9449 487.5664,155.9449
;
482.98608,131.82773 482.98608,131.82773 478.73629,147.93026
486.41321,110.31305 481.0495,127.0 480.23429,122.6393
479.5215,121.45542 475.36085,112.19132 468.99241,97.645262
484.96997,119.3624 486.05951,125.56317 482.72245,143.98767
486.06851,114.05757 482.98608,131.82773 482.98608,131.82773
482.98608,131.82773 482.98608,131.82773 482.98608,131.82773
;
427.48095,479.0 427.48095,479.0 433.53923,472.99537
427.95259,458.54779 435.64419,451.75215 438.14186,445.86785
428.38724,450.62016 436.21429,437.74954 432.47493,435.34956
437.20215,415.86171 435.40913,406.62215 434.06565,388.38824
448.18174,401.49204 441.11285,413.34724 437.8587,427.0361
442.87097,431.15197 443.14088,415.55309 439.95777,403.0073
452.15787,391.18534 452.68165,407.76196 452.89145,418.01246
456.52407,434.87295 448.01986,438.87156 443.80643,449.67846
446.78223,465.8141 449.95981,447.0094 456.5465,439.37461
453.33498,479.94119 451.99815,468.74065 442.93512,479.33166
459.55926,484.01544 455.19033,471.0 458.94129,460.40415
457.92494,491.7491 460.15176,470.83207 472.11749,474.81943
458.3661,465.59142 460.03787,464.58324 459.49271,451.02274
454.41766,437.80231 460.2765,424.60876 463.82244,411.8482
468.84158,397.78542 475.0704,387.0 483.09715,397.29027
492.05431,376.62339 479.20555,379.0 472.99287,382.4039
482.61101,362.36286 484.98759,356.5 492.31571,343.96911
492.80445,325.56681 509.40705,321.28014 516.20898,319.05535
533.37298,301.17389 517.81909,310.57608 506.80947,319.51275
489.59288,323.48359 487.92877,340.15184 482.95821,352.7186
483.40953,350.50412 484.78605,353.99998 475.97913,353.79457
476.43015,382.42896 472.27252,367.14583 458.56146,368.38851
477.61744,374.09606 472.64622,379.43919 467.895,393.27794
461.22993,406.41073 457.19772,420.49998 454.94412,412.52363
462.17763,394.93491 451.55812,396.09415 439.71515,392.78563
459.22314,381.89383 460.28406,373.65899 460.92672,350.8801
467.06845,328.58693 465.99992,305.75509 460.27778,315.72803
465.61293,326.2642 462.24046,316.45819 463.05608,328.78722
462.85236,342.33266 460.96724,322.58854 460.18579,309.68496
459.40435,296.78137 458.62291,283.87779 444.87856,290.96802
448.04245,277.65197 448.49191,268.17283 444.03377,262.36599
451.01601,290.46714 439.5,283.86154 422.75538,276.22647
404.11997,267.44327 394.85253,250.81419 399.58034,239.85006
388.54176,243.69273 389.19417,253.45268 388.75961,282.33734
401.72864,308.53112 415.21946,333.26724 402.56909,324.5639
389.73235,313.67097 374.8534,310.00005 380.00635,320.08027
395.76423,321.67066 404.2002,329.9837 424.06071,339.50011
426.69064,362.69461 429.50645,382.00005 436.51036,413.90589
429.79297,446.89475 425.99996,479.00005 425.99996,479.00005
427.48091,479.00005 427.48091,479.00005 427.48091,479.00005
427.48095,479.0 427.48095,479.0 427.48095,479.0
;
435.5316,383.69424 435.5316,383.69424 432.24254,386.09351
434.26691,373.63107 442.71198,378.99281 447.68111,371.35652
439.1932,386.40595 435.53161,383.69424 435.53161,383.69424
435.5316,383.69424 435.5316,383.69424 435.5316,383.69424
;
433.95732,376.4574 433.95732,376.4574 431.0982,375.8664
425.16186,348.77508 428.96937,355.5 433.28843,352.05496
425.02762,351.81846 427.3611,348.15621 420.42097,341.52143
416.1954,330.42214 413.92534,321.25 412.82592,316.3582
404.34417,307.78114 401.45582,297.47394 395.1009,285.50111
394.0181,270.99361 392.70008,258.26273 393.02507,249.00916
405.02482,271.1506 412.97009,272.5771 421.25884,279.86354
436.47852,284.26307 443.45217,288.07729 450.8236,285.36732
455.08782,293.64314 444.49994,294.0608 455.82513,296.70576
454.30426,283.52023 453.07894,301.49338 453.57784,310.12275
459.91176,294.11207 454.14055,310.49998 457.34776,301.62531
456.09131,323.43976 455.58237,327.97227 457.91804,334.38997
453.94132,349.79014 450.63802,338.99998 457.72011,338.24648
440.9875,351.18344 441.42065,351.68543 448.96007,347.85277
463.85398,342.40807 448.41991,351.15004 431.94219,360.0737
457.49965,347.87986 453.24462,354.56357 451.09432,362.71693
449.1731,374.24249 440.99998,374.75003 438.66582,375.35219
436.16414,375.42503 433.95732,376.4574 433.95732,376.4574
433.95732,376.4574 433.95732,376.4574 433.95732,376.4574
;
448.59362,342.0 448.59362,342.0 448.00623,327.52725
451.24515,340.96105 452.1735,326.78326 453.59424,308.50078
451.47558,330.98892 450.36308,317.30359 450.23435,324.57578
444.66074,335.93657 448.59362,342.0 448.59362,342.0
448.59362,342.0 448.59362,342.0 448.59362,342.0
;
416.76342,317.92105 416.76342,317.92105 415.59473,309.47113
405.48234,302.94096 414.9715,315.23715 412.73939,317.71153
415.08913,316.88674 416.76342,317.92105 416.76342,317.92105
416.76342,317.92105 416.76342,317.92105 416.76342,317.92105
;
428.32732,310.97421 428.32732,310.97421 423.93065,303.43433
416.85825,290.89642 408.80046,283.75866 414.27079,293.24364
421.93925,302.70573 428.32732,310.97421 428.32732,310.97421
428.32732,310.97421 428.32732,310.97421 428.32732,310.97421
;
423.54983,310.0 423.54983,310.0 422.51184,306.31768
404.77817,281.92035 413.37947,296.91241 416.87073,301.00242
419.68344,306.67641 423.54983,310.0 423.54983,310.0
423.54983,310.0 423.54983,310.0 423.54983,310.0
;
402.25,275.91535 402.25,275.91535 401.24658,267.75676
388.32972,260.05614 399.52601,273.53061 400.71894,273.78733
400.73136,276.27381 402.25,275.91535 402.25,275.91535
402.25,275.91535 402.25,275.91535 402.25,275.91535
;
455.11571,367.81277 455.11571,367.81277 452.4728,365.83542
461.80753,349.87408 460.0,341.83607 462.05306,326.31755
462.95429,353.37793 459.15504,358.44011 463.416,370.14301
455.73213,359.92957 455.11571,367.81277 455.11571,367.81277
455.11571,367.81277 455.11571,367.81277 455.11571,367.81277
;
441.00711,445.4956 441.00711,445.4956 449.40202,435.47078
445.26988,430.52677 440.0,443.92032 440.29997,444.5095
439.21524,447.58229 441.00711,445.4956 441.00711,445.4956
441.00711,445.4956 441.00711,445.4956 441.00711,445.4956
;
387.54545,406.0 387.54545,406.0 402.46397,403.66621
386.00198,384.96966 382.41089,398.69551 380.45064,401.84761
384.67303,405.88535 387.54545,406.0 387.54545,406.0
387.54545,406.0 387.54545,406.0 387.54545,406.0
;
386.73748,402.13685 386.73748,402.13685 382.84372,400.61986
391.74563,392.77277 389.99013,401.01843 388.44391,407.19271
387.70282,397.74937 386.73748,402.13685 386.73748,402.13685
386.73748,402.13685 386.73748,402.13685 386.73748,402.13685
;
368.43657,318.0 368.43657,318.0 374.59367,316.09996
376.97454,303.6329 367.54983,305.91945 374.81304,309.1158
356.57921,313.93106 368.43657,318.0 368.43657,318.0
368.43657,318.0 368.43657,318.0 368.43657,318.0
;
517.28431,306.8108 517.28431,306.8108 530.72857,299.2449
503.98833,297.5995 516.01883,306.93311 516.01883,306.93311
517.28431,306.8108 517.28431,306.8108 517.28431,306.8108
;
463.58283,303.08823 463.58283,303.08823 467.00475,298.60441
463.50163,268.10574 463.0,282.54458 462.37688,286.91366
461.40473,310.07995 463.58283,303.08823 463.58283,303.08823
463.58283,303.08823 463.58283,303.08823 463.58283,303.08823
;
452.78201,282.60485 452.78201,282.60485 459.92844,284.69527
449.67102,267.5117 451.57586,259.54131 454.595,238.86388
447.89755,256.74616 450.82307,267.83828 451.45712,270.75341
451.72496,286.4404 452.78201,282.60485 452.78201,282.60485
452.78201,282.60485 452.78201,282.60485 452.78201,282.60485
;
370.55902,270.0 370.55902,270.0 378.85156,261.47882
361.66097,265.42871 370.55902,270.0 370.55902,270.0
370.55902,270.0 370.55902,270.0 370.55902,270.0
;
441.51905,264.0 441.51905,264.0 444.70118,251.65632
437.52081,249.6894 441.51905,264.0 441.51905,264.0
441.51905,264.0 441.51905,264.0 441.51905,264.0
;
408.63045,244.0 408.63045,244.0 405.60429,237.10048
408.44333,225.14225 404.99192,217.65858 398.65546,223.87045
403.20413,235.21004 406.38544,242.24258 407.10956,242.83509
407.60928,244.11845 408.63045,244.0 408.63045,244.0
408.63045,244.0 408.63045,244.0 408.63045,244.0
;
457.49561,223.39351 457.49561,223.39351 456.31085,207.9092
474.59962,199.18177 472.72752,183.04668 475.84047,170.61655
478.66328,156.14652 474.60048,145.04593 471.2823,131.03087
468.16309,114.83209 458.86083,103.91742 447.56977,96.314833
430.70004,97.872475 424.54671,111.29496 421.46544,117.85183
407.97971,127.98083 411.91809,133.18338 429.62034,135.94306
398.91781,131.76624 403.0,145.61096 416.9306,150.06622
399.38068,145.65386 396.64645,157.61541 392.76195,171.53297
397.40437,188.17733 396.91017,200.99999 391.03648,186.45186
393.55623,203.17824 400.57029,207.86695 407.35825,220.64917
408.97436,216.25312 408.09325,209.30571 404.73541,203.15479
398.14045,192.72738 401.80042,185.60524 399.00294,176.03508
401.80242,165.20439 403.62714,155.49999 405.64823,152.04807
414.62939,153.87739 424.40105,151.12466 427.70256,140.36836
402.95283,146.36029 413.03309,138.72767 423.78028,142.18482
439.59326,137.99209 421.22383,132.21234 413.82917,129.72034
427.5041,117.18264 429.5,110.69278 434.73294,101.69391
448.69438,99.716694 453.98278,108.73012 463.61239,110.11467
460.95727,122.87233 466.0,128.26293 473.14187,142.73664
467.37771,137.64334 455.70081,135.86297 436.02034,134.58198
469.3141,135.15839 468.0,136.37614 463.92511,128.0949
437.15906,132.28786 444.42716,137.34434 447.35841,143.79771
467.25163,133.67204 470.27295,146.17513 476.42532,163.13315
469.80324,181.52722 464.25482,197.78353 458.94704,212.44235
441.29266,222.0784 426.0,218.40808 433.58442,224.8236
447.76785,218.78551 456.13745,215.00002 453.95381,223.67238
455.98778,242.22676 457.49561,223.39353 457.49561,223.39353
457.49561,223.39351 457.49561,223.39351 457.49561,223.39351
;
430.0,204.8941 430.0,204.8941 428.39299,207.76453
417.08967,189.85165 427.36486,193.49159 420.23437,199.82392
445.84995,198.43718 435.5,196.19941 440.72694,192.96093
454.28723,200.54873 448.02381,188.0662 436.58029,173.93012
446.44816,194.78837 437.1314,185.0 427.35249,184.991
419.42767,189.00081 430.45541,182.6222 450.29215,183.54749
424.17383,177.63329 419.86732,187.5 412.03208,192.35713
423.17563,205.42356 430.0,204.8941 430.0,204.8941
430.0,204.8941 430.0,204.8941 430.0,204.8941
;
424.97251,174.97776 424.97251,174.97776 420.71713,174.11552
427.86614,154.01852 419.49782,169.13722 417.03956,172.09335
422.69732,175.00777 424.97251,174.97776 424.97251,174.97776
424.97251,174.97776 424.97251,174.97776 424.97251,174.97776
;
443.12979,174.99996 443.12979,174.99996 456.63886,173.25056
438.96224,155.91388 447.25146,170.38691 447.115,171.2558
439.33987,175.75405 443.12979,174.99996 443.12979,174.99996
443.12979,174.99996 443.12979,174.99996 443.12979,174.99996
;
429.95203,173.99996 429.95203,173.99996 438.07182,166.38831
423.71727,167.40228 424.1586,167.81388 420.14146,172.45022
428.02223,172.67663 429.95203,173.99996 429.95203,173.99996
429.95203,173.99996 429.95203,173.99996 429.95203,173.99996
;
439.50633,173.99996 439.50633,173.99996 449.29845,168.14043
444.30469,170.43233 437.11803,168.99996 434.46755,171.20703
438.08632,172.74511 439.50633,173.99996 439.50633,173.99996
439.50633,173.99996 439.50633,173.99996 439.50633,173.99996
;
454.20225,156.92246 454.20225,156.92246 461.91934,157.05347
437.17365,149.50398 459.13096,152.82435 477.53614,155.46349
462.24401,139.24094 451.6746,143.69339 441.1391,146.24609
444.50907,157.79282 454.20225,156.92246 454.20225,156.92246
454.20225,156.92246 454.20225,156.92246 454.20225,156.92246
;
