148.46862,480.0 148.46862,480.0 98.97908,480.0
49.48954,480.0 0.0,480.0 0.0,320.0
0.0,160.0 0.0,0.0 284.66667,0.0
569.33333,0.0 854.0,0.0 854.0,160.0
854.0,320.0 854.0,480.0 753.5,480.00041
653.0,480.00083 552.5,480.001 555.25158,468.82084
547.32259,457.96369 552.76351,447.21003 549.7918,431.45473
548.17657,415.95395 550.36538,399.90505 552.26848,367.1505
540.31312,336.20244 539.30131,303.70293 535.87984,289.5133
538.4252,272.2772 526.60629,261.78748 528.17587,250.66711
514.95452,247.83545 506.91441,245.0 500.81973,241.88284
504.00522,230.80377 498.48804,224.8236 493.84246,217.46867
491.26492,208.59494 487.84058,199.87891 485.80903,178.19405
482.32046,156.51576 475.08047,136.13987 476.93449,129.42372
466.79291,117.03804 462.59551,108.84224 456.22694,99.953333
446.63248,88.202162 434.32938,92.955453 425.86255,86.004047
419.35513,91.860547 410.91462,93.307965 396.59378,100.8844
385.48978,116.77003 379.06156,132.97845 374.7168,142.34921
372.58696,148.71459 368.11885,157.93706 366.18889,169.14059
371.04605,169.27537 367.2617,181.62603 366.88441,197.88157
361.59188,211.25334 357.1561,226.42437 351.37531,238.46619
348.46151,252.54193 335.36333,259.02106 323.90511,271.35412
314.53664,286.31857 312.00006,303.0 320.8833,299.91932
318.2526,284.12328 317.23782,303.95002 315.945,316.94939
305.21363,327.31792 308.55914,341.25526 310.97798,378.97163
295.15651,416.84926 305.00206,454.10531 300.78765,461.9996
298.48701,475.19852 294.97752,480.0 246.14149,480.0
197.30328,480.0 148.46862,480.0 148.46862,480.0
148.46862,480.0 148.46862,480.0 148.46862,480.0
;
355.81873,480.0 355.81873,480.0 336.83981,480.0
317.86089,480.0 298.88197,480.0 302.59791,467.53873
313.17582,455.43675 306.06055,442.18742 304.85722,413.29216
309.96222,385.12834 311.6681,356.42614 309.42356,341.67638
311.42733,327.15697 318.58004,314.04484 323.7615,296.50462
322.19148,275.87279 337.23901,262.97305 346.14741,255.01566
357.81295,249.02062 359.23154,235.85511 372.494,205.65702
370.00806,171.49182 381.28854,140.5 386.08406,119.95355
401.3329,96.398768 424.65039,96.071201 435.66425,98.534255
449.31658,95.064307 455.60592,107.08481 465.68639,115.18406
468.1785,131.19434 472.05902,141.0 474.57582,150.12401
479.01046,165.09429 480.02152,177.0 482.34275,198.61075
486.46674,220.47345 494.79485,240.5 500.31668,248.4382
514.8299,252.21169 511.0,250.72288 521.52195,250.39185
521.26342,262.91977 527.86547,269.06047 536.82537,290.29628
535.81047,316.15847 538.78932,339.36067 550.27832,369.83193
542.2689,402.94024 546.23374,434.19838 550.00261,446.96164
544.37431,460.89269 548.00207,474.15162 548.95208,486.31961
526.48422,477.15525 517.19952,480.0 500.55881,480.0
483.91809,480.0 467.27738,480.0 469.46461,469.62701
462.26556,459.60926 464.00004,449.0 476.43605,449.62047
467.34098,438.87794 463.82503,441.25534 462.12861,418.24887
474.78332,398.2413 479.85136,376.5 485.97958,375.4277
491.59554,367.21218 484.0,361.67515 487.62193,347.59717
494.81212,334.69709 496.1352,319.99866 505.2588,310.61518
524.6699,312.21024 529.0,299.0 518.92378,300.3346
510.89745,309.61101 500.44076,311.14378 485.0783,319.07728
491.10183,338.51722 481.99451,350.93852 476.37168,351.55653
467.45521,361.15624 480.0,360.57691 474.09377,376.58552
470.09819,395.82974 463.5,410.00176 464.49295,378.2747
469.1083,346.75609 470.23416,315.0 463.44942,315.49933
461.6663,324.23708 459.44086,328.77411 460.21905,312.15726
463.35238,293.18516 458.80145,276.86963 451.94702,280.69462
459.04876,270.4044 450.73985,274.09956 449.84155,265.65771
454.16877,255.68724 452.78602,247.0 448.87063,248.81627
449.4437,270.73942 446.79353,260.54419 446.82173,247.43107
447.85152,234.59626 456.00001,223.73956 452.91661,213.83569
462.6552,205.32726 462.97769,197.5138 463.07739,187.80007
467.48953,176.09052 465.0938,165.69574 463.43233,152.50006
458.16961,139.9152 453.26016,127.82166 451.68971,115.80898
448.41882,114.84054 447.30028,126.02603 425.40361,128.72156
447.24788,126.30425 450.00001,133.00005 452.07163,135.32718
451.71174,140.13508 456.54573,150.68863 460.96051,162.37988
459.45222,177.34063 457.53518,189.8981 457.25726,199.0608
453.25337,211.35416 445.94161,215.464 439.34466,219.82517
431.6997,226.80012 422.15339,225.00005 415.27955,219.20221
404.58431,216.79368 406.85854,204.94015 403.78046,199.26986
412.82593,177.98727 404.96929,187.50005 402.82843,174.97414
407.93794,176.70958 416.52747,169.93922 407.82686,162.65998
411.67079,164.19697 419.96817,158.64306 415.58396,152.96649
422.96083,133.50225 423.59772,139.31343 424.18708,134.03278
435.17594,115.52071 430.71498,124.04838 436.24194,123.13155
457.72555,120.41088 439.45107,118.73344 423.26861,115.91439
420.02505,135.99474 414.15349,147.14733 413.46214,156.98237
401.65124,159.28581 403.95789,169.30427 403.6777,170.60375
397.3035,181.04528 397.92386,188.45194 393.32845,194.24109
402.96042,213.32805 397.1635,204.50319 393.33807,214.39264
410.33446,219.96905 412.18114,228.13189 415.95507,242.24145
407.1879,216.98125 406.77595,230.95203 408.04882,243.07488
409.16948,248.79991 407.02086,259.59191 404.75669,251.94936
395.10534,264.89901 400.47701,252.52302 390.90318,254.23022
398.985,272.00899 398.64886,280.44161 402.42426,293.39389
407.63396,305.95907 409.99998,319.11016 403.13988,311.62025
394.7951,306.24979 386.64135,300.93015 380.4576,308.77748
401.38757,313.36992 405.79359,320.23448 423.30478,338.29432
417.16001,365.84827 422.54087,388.4835 424.91079,412.58274
416.35411,438.82783 414.93775,461.00009 414.69524,468.72165
415.83617,485.94125 400.99966,480.00009 385.93939,480.00003
370.87882,480.00021 355.81873,480.0 355.81873,480.0
355.81873,480.0 355.81873,480.0 355.81873,480.0
;
388.67105,380.29599 388.67105,380.29599 398.38015,375.59647
386.33733,361.2617 382.42325,372.44977 380.11246,376.66188
384.4619,381.65833 388.67105,380.29599 388.67105,380.29599
388.67105,380.29599 388.67105,380.29599 388.67105,380.29599
;
371.51905,303.0 371.51905,303.0 383.10133,303.46412
379.50356,289.42665 368.29084,290.00349 373.23674,293.51817
361.00096,302.34127 371.51905,303.0 371.51905,303.0
371.51905,303.0 371.51905,303.0 371.51905,303.0
;
468.90076,300.3157 468.90076,300.3157 477.68942,291.82334
459.46387,292.57104 468.89576,300.3167 468.89576,300.3167
468.90076,300.3157 468.90076,300.3157 468.90076,300.3157
;
520.25,300.92105 520.25,300.92105 534.0662,296.01967
512.60401,285.62637 515.95336,297.91285 516.19765,300.12147
518.54145,300.58197 520.25,300.92105 520.25,300.92105
520.25,300.92105 520.25,300.92105 520.25,300.92105
;
467.19849,292.0 467.19849,292.0 468.11067,278.97764
472.44182,301.12511 472.28696,283.5 472.44031,271.4832
472.65149,259.36311 469.06267,248.0 459.40021,250.544
465.45695,268.43225 464.94433,277.24932 465.98579,281.70382
464.88393,289.03066 467.19849,292.0 467.19849,292.0
467.19849,292.0 467.19849,292.0 467.19849,292.0
;
377.25,261.98469 377.25,261.98469 383.30156,257.81877
367.40095,250.71159 372.00009,258.16357 375.05744,255.58272
370.35012,262.82233 377.25,261.98469 377.25,261.98469
377.25,261.98469 377.25,261.98469 377.25,261.98469
;
424.55,215.93661 424.55,215.93661 441.31691,211.10281
416.12448,216.14402 415.18045,208.22498 415.75916,206.15712
428.88363,211.68681 434.66376,208.06376 447.54892,206.4746
432.54578,195.69585 425.72626,198.1465 414.29478,201.19761
427.03471,183.563 425.95819,192.62813 438.5193,197.10175
441.29516,175.97316 430.5,182.24994 439.39313,185.52742
418.14246,192.54496 421.49321,181.99993 413.36522,197.67016
420.1925,176.35852 411.71561,183.90422 402.40085,195.92281
428.36254,188.25654 417.16074,199.17479 412.86579,201.60076
414.88467,189.01132 410.00006,206.21212 413.83726,211.14802
417.2266,217.26703 424.55,215.93661 424.55,215.93661
424.55,215.93661 424.55,215.93661 424.55,215.93661
;
416.64301,176.96673 416.64301,176.96673 426.51646,175.49094
421.69546,153.75161 417.74441,169.23221 418.99367,170.79621
414.66116,177.39351 416.64301,176.96673 416.64301,176.96673
416.64301,176.96673 416.64301,176.96673 416.64301,176.96673
;
439.88486,174.97614 439.88486,174.97614 446.15391,176.93061
461.25935,167.75651 453.54253,163.58463 447.26335,164.47094
425.83875,163.03717 434.63486,172.92742 436.29949,174.3783
437.4865,175.62705 439.88486,174.97614 439.88486,174.97614
439.88486,174.97614 439.88486,174.97614 439.88486,174.97614
;
435.76669,160.53603 435.76669,160.53603 443.51717,160.41584
465.87546,160.92783 450.26357,152.15543 444.63953,149.19623
417.17609,155.20722 435.76669,160.53603 435.76669,160.53603
435.76669,160.53603 435.76669,160.53603 435.76669,160.53603
;
438.46568,480.0 438.46568,480.0 422.52827,481.80765
422.23593,480.17757 418.04341,468.19035 419.82037,463.03578
419.12029,438.65964 424.0,449.03665 427.05155,466.07031
438.50324,458.81137 430.62069,445.5 422.73271,436.46709
421.40337,427.02985 424.99289,415.51274 427.73242,395.26722
424.61832,374.8194 422.44984,354.85218 438.54767,341.49546
434.45674,316.44131 422.62842,301.5 434.86016,310.53609
415.15699,290.50363 429.68227,303.0 441.19672,310.31289
421.32456,294.07224 422.0,289.30602 413.52431,281.27871
418.47021,276.8331 414.06955,272.0 410.96224,282.53526
408.05145,256.77993 418.65173,270.5 428.11202,275.19379
437.15637,284.93709 443.7389,287.19952 440.27809,288.28338
451.12646,291.45092 446.17211,305.40428 444.37426,316.98629
449.08843,328.29851 446.17277,340.02997 451.78239,345.66709
443.11433,354.62234 440.00563,359.28295 433.29133,364.40444
426.2632,373.42727 427.0,377.55552 432.29116,381.99893
445.46262,386.29902 449.20544,378.65517 453.2951,376.62403
460.24428,352.8919 458.10192,368.19217 464.20247,368.28847
462.43309,379.2984 460.48619,389.91797 459.9946,413.01049
460.1522,436.32253 459.39884,459.38833 461.86816,468.31945
459.40284,480.77409 450.93485,480.0 446.77846,480.0
442.62207,480.0 438.46568,480.0 438.46568,480.0
438.46568,480.0 438.46568,480.0 438.46568,480.0
;
456.036,449.0 456.036,449.0 454.95145,440.35339
453.14018,426.3999 455.15544,415.5 460.95562,402.28036
456.95221,386.97586 460.22709,373.0 453.69921,377.10194
456.76747,390.43663 455.12965,398.14919 455.76334,411.42514
446.56314,423.99044 452.15273,437.5 453.6374,440.76849
452.56607,447.73518 456.036,449.0 456.036,449.0
456.036,449.0 456.036,449.0 456.036,449.0
;
447.33532,359.75 447.33532,359.75 445.71312,359.19278
457.34669,343.21824 455.74659,335.06873 461.97942,322.71805
461.92191,344.17319 456.84069,351.2289 450.92009,351.50545
452.44734,358.33602 447.33532,359.75 447.33532,359.75
447.33532,359.75 447.33532,359.75 447.33532,359.75
;
422.69968,342.81932 422.69968,342.81932 418.47367,336.69768
425.31507,331.92461 416.13317,325.49172 410.12605,308.48533
415.4582,314.98632 422.31506,326.48857 424.71333,330.56316
426.93463,340.49258 422.69968,342.81932 422.69968,342.81932
422.69968,342.81932 422.69968,342.81932 422.69968,342.81932
;
450.5,326.0 450.5,326.0 444.30516,324.95666
452.96972,309.54088 452.00001,324.75511 452.00001,324.75511
450.5,326.0 450.5,326.0 450.5,326.0
;
428.75451,325.47809 428.75451,325.47809 420.68314,322.55716
418.1052,309.69704 411.31386,303.5 408.10139,297.49137
400.41203,279.15346 406.82416,279.67145 406.14473,287.77666
406.73866,290.67202 412.0,290.06277 407.32941,297.6064
414.43993,303.26471 420.71774,307.10546 424.17822,312.77085
427.028,319.33771 428.75451,325.47809 428.75451,325.47809
428.75451,325.47809 428.75451,325.47809 428.75451,325.47809
;
441.13499,280.93661 441.13499,280.93661 429.58474,276.94442
421.21829,266.90997 411.37749,259.91164 414.24559,250.18909
410.89454,240.99858 409.01696,231.49998 411.5077,243.62944
422.30621,246.02983 413.03111,235.16819 420.36962,239.9781
410.26614,227.71899 422.13603,232.00611 420.22573,224.40608
439.58548,228.66288 445.51467,221.90886 453.98316,212.24237
458.30138,213.99383 451.61229,226.62393 446.94714,235.4045
447.16961,240.29209 444.2894,250.75552 442.42978,261.44146
442.20735,267.54968 444.99931,276.07035 443.64771,277.14886
442.93941,280.96386 441.13499,280.93661 441.13499,280.93661
441.13499,280.93661 441.13499,280.93661 441.13499,280.93661
;
436.82288,240.0 436.82288,240.0 444.11699,232.61741
444.25413,217.83944 437.83223,234.5 436.26346,236.24822
432.82879,238.75925 436.82288,240.0 436.82288,240.0
436.82288,240.0 436.82288,240.0 436.82288,240.0
;
