427.0,480.0 427.0,480.0 284.66667,480.0
142.33333,480.0 0.0,480.0 0.0,320.0
0.0,160.0 0.0,0.0 284.66667,0.0
569.33333,0.0 854.0,0.0 854.0,160.0
854.0,320.0 854.0,480.0 711.66667,480.0
569.33333,480.0 427.0,480.0 427.0,480.0
427.0,480.0 427.0,480.0 427.0,480.0
;
355.75,478.93661 355.75,478.93661 360.82821,478.76633
355.93146,476.3648 355.13375,466.49998 353.40455,471.28289
352.46682,465.11333 352.60253,476.99998 347.21702,472.28523
341.27834,465.94794 341.02817,457.55792 336.95259,441.69709
352.46176,447.48062 362.22173,444.62298 374.57008,438.29343
369.2353,457.06893 370.79778,463.50002 370.0906,468.86225
364.21,450.17268 365.00513,449.59074 359.9419,453.25256
360.8328,468.95463 364.21858,476.75002 372.05261,486.15624
361.06604,456.99362 364.64786,460.40766 364.88608,473.1596
378.10647,471.48227 373.96976,458.60177 374.75701,447.44629
371.60311,434.78202 358.56571,442.90817 348.87306,443.98264
336.48187,444.72503 339.24711,431.01276 325.77902,419.01595
326.76281,398.42913 335.8988,384.19839 339.31215,372.50218
333.10422,359.05344 338.30905,347.54098 336.59464,323.73996
345.15886,301.20858 346.73634,277.64345 351.18154,255.86083
354.23333,227.97455 378.37714,219.23072 390.52695,214.40977
387.69522,197.56048 391.13855,186.75955 395.82352,162.88758
396.29377,134.98168 414.49998,116.82142 429.75811,104.91574
455.24995,110.92129 461.10537,130.10266 474.864,155.60504
463.77146,187.12995 476.78805,212.5 485.79037,217.56129
499.84334,223.57677 505.3629,228.23924 509.5099,232.99798
509.42364,247.58051 514.32548,256.64666 522.49537,274.45535
527.54683,293.88714 528.00009,313.50833 522.13049,326.85024
511.03708,335.29545 500.7117,344.97719 501.80242,372.52924
507.8586,402.36847 493.20743,427.5 491.34996,440.73598
483.3941,452.19085 481.43863,465.5 477.18729,460.71194
477.54536,444.79607 479.51906,436.07031 474.18676,427.11553
484.8134,416.12916 477.13939,414.75456 472.48304,397.11629
477.4283,378.8463 473.71148,361.0 477.80136,353.92796
472.32844,338.58051 478.29699,329.0 484.56848,317.28509
481.04918,300.33088 476.60186,321.42254 472.79527,339.06076
471.09612,341.66273 472.51757,321.99993 470.71523,312.88782
477.19293,294.71716 471.59746,291.38615 465.18681,281.49018
475.65638,285.17897 472.98377,275.89123 469.81112,279.24254
471.92141,274.43132 465.90107,266.08226 470.92777,261.75842
457.70497,261.70312 457.81926,255.61176 457.35409,243.68832
453.538,255.67446 454.13658,253.79763 449.71549,251.08789
451.99455,233.93472 451.91412,227.96009 444.01089,233.92217
446.45063,221.12075 448.07422,213.49993 452.55223,195.9049
444.66234,213.97627 445.12237,219.99993 441.6417,224.71318
445.39368,243.06459 432.1188,234.4227 425.68826,231.41291
410.99534,219.22622 424.72809,226.22366 421.4925,216.70185
424.90272,214.22561 431.11257,210.99993 428.16009,209.04016
422.59763,197.02776 420.00104,202.68848 431.15185,211.87898
418.59889,207.92853 421.00104,209.99989 415.27637,211.34958
422.41491,227.9383 416.00104,217.99989 411.75671,225.18163
413.58318,236.39565 417.26271,245.97347 419.68909,256.51426
424.04124,266.38588 428.31974,276.27279 427.13781,272.77537
408.42636,258.0526 414.72859,267.47237 426.19688,273.18349
432.10836,286.42389 430.50104,298.89802 440.32334,299.28247
434.2184,318.31955 436.46518,328.45916 437.61589,354.0227
435.00565,379.23654 430.32267,404.33396 428.78061,415.95486
427.51293,427.60383 426.71652,439.301 443.45273,436.99227
459.34772,430.41707 473.50104,421.28091 476.55315,435.05918
475.95662,450.51771 474.80009,464.32729 468.28248,480.14712
472.31798,475.87749 477.12398,476.6282 487.13703,476.25242
483.40752,460.58647 487.83175,453.49989 493.27768,438.32626
499.14788,423.41694 503.47973,407.99989 507.4101,387.49229
504.71645,366.2597 503.88781,345.49989 517.86546,334.18579
536.50587,318.90607 529.5961,298.62278 528.88161,275.11499
513.30765,255.5169 510.99779,232.70041 507.03036,214.87425
476.67012,219.71437 475.41655,199.51724 468.50199,174.16671
480.69573,144.20846 461.54126,122.61529 457.19902,114.4235
459.49424,117.47591 447.50021,109.33214 428.96791,102.83092
406.12799,111.55686 400.34669,131.15409 389.23537,155.95929
389.96381,183.62901 382.9979,209.49989 369.92555,220.89979
351.71091,229.83766 350.35637,249.39217 341.98664,274.3686
342.97991,301.24168 335.739,326.45789 333.88324,345.33585
336.66624,365.32402 332.67131,383.49989 329.12663,391.58858
333.04028,349.89678 329.59352,371.7827 331.77966,389.55513
321.54936,407.66692 330.23444,424.49989 341.63063,434.11919
337.76411,450.60664 339.77538,463.35188 343.37144,469.21991
347.43908,480.23144 355.75,478.93661 355.75,478.93661
355.75,478.93661 355.75,478.93661 355.75,478.93661
;
432.80902,435.98469 432.80902,435.98469 427.10912,430.4588
433.15095,418.61757 432.29036,410.50002 435.99931,405.18565
436.73228,381.0807 437.0,385.0 434.92344,381.48431
441.32797,362.98869 439.33086,353.74424 439.36966,340.58363
439.40846,327.42302 439.44722,314.26241 444.48148,322.67472
458.238,300.20354 454.51313,311.31434 450.90801,324.26107
462.92592,309.07846 461.83677,302.54985 475.13267,290.4259
458.94514,316.08991 462.18045,319.25417 470.32503,315.10961
465.5385,333.16111 465.58719,341.5 465.07487,357.65593
467.5,373.57754 469.91453,389.5 454.04934,398.54114
477.8594,389.5218 467.25,397.72119 465.59456,396.7993
469.11805,415.72019 465.75,413.58786 474.64522,411.68653
463.30674,428.78544 458.59722,425.8427 456.52193,427.32935
450.77607,427.21474 443.83169,430.08141 439.5077,428.42184
444.34778,434.80209 435.07555,434.35483 430.47325,433.31468
431.72979,433.34481 432.80902,435.98469 432.80902,435.98469
432.80902,435.98469 432.80902,435.98469 432.80902,435.98469
;
447.70034,403.54841 447.70034,403.54841 455.65914,402.35787
450.04039,402.36151 461.52244,396.14043 462.43911,392.07324
438.16163,408.55284 447.70034,403.54841 447.70034,403.54841
447.70034,403.54841 447.70034,403.54841 447.70034,403.54841
;
443.71264,342.6207 443.71264,342.6207 454.20053,323.48947
442.22154,334.45208 443.71264,342.6207 443.71264,342.6207
443.71264,342.6207 443.71264,342.6207 443.71264,342.6207
;
472.49857,359.5 472.49857,359.5 470.68646,358.30625
473.99235,328.5361 473.33711,347.32943 472.94359,351.34561
473.38991,355.58634 472.49857,359.5 472.49857,359.5
472.49857,359.5 472.49857,359.5 472.49857,359.5
;
444.194,308.8209 444.194,308.8209 436.06916,317.02634
441.49791,294.47946 438.39711,288.5 432.13749,275.55958
423.11032,261.33981 421.9693,247.69737 426.97133,255.11933
431.53275,263.58526 437.63739,273.12051 447.61729,285.61189
439.98034,262.82663 435.18679,258.50192 429.30194,251.47415
428.48499,234.79724 420.75,234.15747 417.62427,226.63039
428.30918,234.31918 434.47441,239.57519 446.57305,237.50957
444.48534,247.92721 446.2356,257.45824 441.70125,271.64884
457.76526,272.08687 451.5,271.5 449.80097,283.78547
457.41333,268.9309 453.37935,287.86247 447.30942,307.41002
452.43489,266.97708 447.08731,282.25096 446.87174,308.62729
448.5337,272.58976 448.81487,285.37529 446.09722,305.30139
459.15822,283.43955 450.71569,300.26522 445.25126,295.99713
452.15039,301.24285 444.194,308.8209 444.194,308.8209
444.194,308.8209 444.194,308.8209 444.194,308.8209
;
441.77352,276.55982 441.77352,276.55982 434.89084,267.75201
429.73393,251.41113 420.0,246.0 434.43602,252.40633
414.06706,240.70956 421.10388,236.02291 424.35397,238.67794
429.05371,254.46822 434.5814,262.49752 437.11911,266.95358
441.03684,271.72653 441.77352,276.55982 441.77352,276.55982
441.77352,276.55982 441.77352,276.55982 441.77352,276.55982
;
449.08463,268.26762 449.08463,268.26762 439.89565,259.76486
456.38555,258.01179 449.27371,268.21812 449.27371,268.21812
449.08463,268.26762 449.08463,268.26762 449.08463,268.26762
;
374.0,402.5 374.0,402.5 374.4033,406.52363
380.75654,391.19853 374.61792,396.65736 373.07736,397.42648
372.27716,411.25729 374.0,402.5 374.0,402.5
374.0,402.5 374.0,402.5 374.0,402.5
;
410.48832,311.78832 410.48832,311.78832 423.59952,297.66357
394.59107,307.47967 410.48832,311.78832 410.48832,311.78832
410.48832,311.78832 410.48832,311.78832 410.48832,311.78832
;
492.04636,269.73897 492.04636,269.73897 502.62261,261.04382
479.47039,271.06568 492.04636,269.73897 492.04636,269.73897
492.04636,269.73897 492.04636,269.73897 492.04636,269.73897
;
505.86598,263.0 505.86598,263.0 519.91026,256.90478
503.14885,254.36634 505.86598,263.0 505.86598,263.0
505.86598,263.0 505.86598,263.0 505.86598,263.0
;
506.0,258.0 506.0,258.0 517.68985,250.16109
494.51628,250.38221 506.0,258.0 506.0,258.0
506.0,258.0 506.0,258.0 506.0,258.0
;
436.55103,223.0 436.55103,223.0 442.65911,210.93151
446.70825,196.72411 458.21222,187.5 462.7254,177.14235
463.23534,168.10925 464.82577,163.62463 465.41006,149.9809
462.33128,140.96139 461.91503,145.75546 458.20279,136.17156
457.61394,119.67238 443.43483,121.93267 432.24866,126.99623
427.41031,141.28563 419.5568,148.92617 415.07013,157.34099
406.8804,165.70695 409.0,176.78492 408.64161,189.5037
423.37986,196.81419 431.38756,202.27911 420.25182,190.78481
439.13246,201.01692 446.80714,196.32919 441.15631,203.01865
438.01011,211.89138 436.0,221.90631 436.0,221.90631
436.0,223.00001 436.0,223.00001 436.0,223.00001
436.55103,223.00001 436.55103,223.00001 436.55103,223.00001
436.55103,223.0 436.55103,223.0 436.55103,223.0
;
437.0,194.96401 437.0,194.96401 429.01577,193.71153
422.03602,190.84604 416.25,185.01558 406.78352,179.8145
423.99883,156.97414 413.71062,166.50003 421.23783,153.72836
422.08699,156.2398 426.06019,158.70022 439.16009,153.17085
412.4139,146.53987 431.01996,148.00006 433.28307,145.88256
430.87585,134.08866 441.38538,128.80518 452.44505,126.60967
453.00342,133.90619 457.85294,143.48181 453.90716,138.91887
432.98529,145.60247 442.00135,146.89307 450.4316,147.41612
465.8391,148.01006 459.7221,162.89863 461.11281,177.79771
453.96038,194.81631 437.0,194.96401 437.0,194.96401
437.0,194.96401 437.0,194.96401 437.0,194.96401
;
436.5,188.0 436.5,188.0 458.84562,185.8464
417.25315,185.34952 436.5,188.0 436.5,188.0
436.5,188.0 436.5,188.0 436.5,188.0
;
429.81597,183.47903 429.81597,183.47903 432.61635,182.78959
441.23168,178.88547 437.5,182.71273 452.60812,188.13051
446.2561,171.86521 434.78511,174.46073 428.32797,173.93781
421.0387,185.78788 429.81597,183.47903 429.81597,183.47903
429.81597,183.47903 429.81597,183.47903 429.81597,183.47903
;
429.59106,171.0 429.59106,171.0 426.94499,165.54829
434.11969,168.43836 438.62354,169.86741 451.20923,175.90544
439.91174,153.06364 443.38944,168.42756 445.89468,167.28766
428.71753,167.30693 431.11803,163.0 426.57896,160.61738
425.13501,171.67282 429.59106,171.0 429.59106,171.0
429.59106,171.0 429.59106,171.0 429.59106,171.0
;
448.714,159.0 448.714,159.0 451.60384,157.96686
465.99389,151.83436 451.54071,150.02068 442.20522,147.08694
439.41587,157.9647 448.714,159.0 448.714,159.0
448.714,159.0 448.714,159.0 448.714,159.0
;
