427.0,480.0 427.0,480.0 284.66667,480.0
142.33333,480.0 0.0,480.0 0.0,320.0
0.0,160.0 0.0,0.0 284.66667,0.0
569.33333,0.0 854.0,0.0 854.0,160.0
854.0,320.0 854.0,480.0 711.66667,480.0
569.33333,480.0 427.0,480.0 427.0,480.0
427.0,480.0 427.0,480.0 427.0,480.0
;
359.2,479.0 359.2,479.0 368.67874,478.64788
370.38993,479.77769 362.50372,467.79861 363.99282,469.88436
372.05032,460.31355 368.17981,447.17678 368.49987,433.40585
354.20716,440.54664 345.49556,440.08169 333.77574,441.34717
337.62657,424.55288 329.35461,418.5 321.9347,405.39372
332.7679,391.3733 336.85761,379.91661 332.96187,369.15092
341.05932,359.3734 338.58509,348.08169 337.70927,327.33222
344.74107,307.57601 342.99991,286.86852 350.25889,267.14949
345.89467,240.88027 364.76013,226.61896 374.34126,221.90284
382.82609,215.8025 383.08752,203.88183 392.06243,174.26231
386.32556,137.1151 411.46636,114.68121 423.59729,106.99853
440.9543,109.80087 450.34303,120.01059 469.14553,144.22836
461.51769,176.83255 470.05961,204.24572 476.0366,217.35557
491.79069,221.73454 503.73737,228.05145 507.00058,228.66504
508.3308,241.10928 509.39242,248.66923 513.99107,267.67549
516.32664,286.90424 518.37326,306.24951 526.44326,331.91912
521.66121,359.16602 524.46615,385.32649 533.59312,399.14928
524.75843,415.00805 518.5326,427.75 510.56274,432.72225
499.31417,431.9479 504.25996,448.45815 506.24851,457.70547
501.92807,473.48189 507.52009,479.0 507.2164,468.77611
506.56417,460.24751 514.93154,455.26072 528.12006,452.1323
515.11422,432.60492 523.0281,424.41935 531.30441,412.2067
534.93947,395.65632 526.77811,382.5 526.05735,355.01831
528.39112,327.15674 520.19047,300.5 519.60714,275.74508
512.64367,251.80703 508.50071,227.5 496.39098,219.97055
479.80199,216.05005 473.00819,202.5 472.44381,192.37333
466.55491,182.0838 470.09614,171.17734 467.25675,163.88413
466.53854,151.48087 464.89618,141.81947 459.39434,126.58281
451.63658,105.31488 431.54097,107.67735 410.50896,103.68993
395.38985,123.18069 391.33608,141.76009 384.69097,158.23339
383.99188,175.66743 380.887,192.06226 381.81513,204.10817
377.64533,218.28423 365.26594,222.49387 344.65445,235.22582
347.01847,262.7539 341.36362,283.20037 338.0831,295.43973
342.10993,309.21317 337.08573,321.45551 334.70796,337.67272
338.12035,354.66522 332.87704,369.9919 337.4593,381.92386
326.84453,389.31702 325.44003,400.51548 319.31541,413.75112
331.23077,424.74605 335.26967,435.73 337.58645,448.9684
333.80634,466.26978 345.84085,475.25729 350.85276,475.88346
354.17613,479.95856 359.2,479.0 359.2,479.0
359.2,479.0 359.2,479.0 359.2,479.0
;
358.69098,477.85795 358.69098,477.85795 346.14367,478.62545
351.70643,463.49905 348.33136,470.40638 345.20975,453.89101
349.63695,484.81509 341.75955,465.51389 339.45313,458.18716
333.94488,438.87293 347.11599,442.96295 357.45536,440.59951
369.67338,439.11269 364.7487,453.85138 366.94113,469.76147
363.4304,461.61583 360.0737,449.92991 352.38764,442.93031
353.78417,465.29891 355.01108,470.28741 353.44884,473.60666
365.66453,476.40169 358.69098,477.85795 358.69098,477.85795
358.69098,477.85795 358.69098,477.85795 358.69098,477.85795
;
509.46104,457.0 509.46104,457.0 507.76917,449.86714
506.54042,452.50665 507.02346,436.41316 514.76939,423.40826
522.98989,450.24225 517.06005,449.59229 514.21375,450.03858
516.80827,445.45915 510.62547,456.24501 510.62547,456.24501
509.92209,457.0 509.92209,457.0 509.92209,457.0
509.46104,457.0 509.46104,457.0 509.46104,457.0
;
422.0,479.0 422.0,479.0 429.14319,485.75829
426.20207,457.771 421.0,472.16349 421.69057,473.79467
419.61009,479.21493 422.0,479.0 422.0,479.0
422.0,479.0 422.0,479.0 422.0,479.0
;
472.1603,479.0 472.1603,479.0 476.24077,473.01008
468.92787,458.65849 470.02874,449.5 471.25184,440.25427
461.9203,428.42358 473.18341,427.07456 465.07965,424.4931
465.14806,422.57366 464.26627,408.91822 462.68399,394.37796
460.54818,379.89891 459.5004,365.304 465.59485,364.35141
454.94237,347.79775 462.10516,338.52273 463.22487,330.6199
475.27884,315.49993 468.18955,312.0 465.60817,318.90062
457.90048,344.37371 460.45929,323.7165 460.28247,312.81921
463.90764,302.42779 463.5004,291.5 456.47467,302.39335
458.45356,291.14076 460.92472,282.54677 467.32205,285.97801
460.93542,273.47033 460.0004,267.61213 455.98275,249.20114
452.89269,284.06077 454.04761,262.21684 446.11919,266.80854
452.62216,235.62692 448.06217,247.91079 448.98729,259.36627
444.15987,258.19446 443.53073,244.68934 442.21571,235.68072
447.47045,236.17632 447.25033,241.5 453.52293,225.37778
441.09857,233.16975 443.64905,226.8236 441.45373,226.7542
435.96064,235.85895 440.46289,219.79609 445.22123,212.10706
442.80401,197.35591 440.48099,213.28133 432.84759,220.27245
441.25418,235.01 430.7985,238.0 425.26076,233.09864
411.66091,229.61585 411.13601,221.63287 413.86978,216.57267
420.16541,218.2395 418.25707,211.5 419.78937,209.01849
409.35755,195.55027 411.08666,197.4587 413.48766,205.96482
414.29322,214.29546 408.28337,221.5 403.11903,237.59361
413.85533,254.57413 415.64374,270.34626 415.31464,283.44154
406.73805,256.90704 400.99998,265.75971 411.98969,271.76293
418.38205,282.80611 420.84616,294.84505 415.60589,300.90009
430.01086,303.06067 424.18473,317.14393 429.85891,354.12008
419.206,390.57111 417.62931,427.44396 411.89875,438.50776
423.57324,448.62697 423.99998,441.0 437.65871,440.20837
451.40952,436.23106 463.75516,430.22273 466.60796,446.38813
468.08083,462.7459 470.32058,479.0 470.32058,479.0
472.1603,479.0 472.1603,479.0 472.1603,479.0
;
430.80902,437.83996 430.80902,437.83996 411.46377,435.57577
433.81136,436.22222 420.26435,431.5 424.45512,425.40802
421.12911,410.73998 431.36086,414.11043 437.01464,411.74681
462.4593,398.58436 444.2303,406.37212 431.82425,413.32547
424.07784,414.26392 441.54655,406.66269 448.35847,400.86803
468.77759,396.96582 452.56983,406.02493 439.58773,418.85363
461.83646,398.26268 458.11271,415.23728 454.05566,426.83104
453.15485,422.51235 456.0,424.51735 458.44893,425.02325
457.19384,432.29904 449.5,432.36156 441.37804,430.38257
448.10174,435.34646 437.5,432.29146 446.74894,437.07547
430.58745,434.50512 430.80902,437.83992 430.80902,437.83992
430.80902,437.83996 430.80902,437.83996 430.80902,437.83996
;
428.74712,411.17589 428.74712,411.17589 418.58882,419.18089
428.24916,398.91179 425.1945,392.54113 425.2334,379.60389
427.71025,366.48276 429.14495,353.75295 430.58741,345.73243
427.59153,333.74759 428.69541,323.5 429.29403,306.03246
430.19346,288.3015 421.22048,272.48033 417.59171,263.94225
413.23888,250.94291 412.94097,244.0 419.87286,252.19401
405.93414,227.00452 417.59208,242.20606 427.24806,258.62631
415.20971,248.55239 418.3569,252.02158 423.27795,260.20509
426.7995,274.65238 434.14444,278.18896 425.24538,263.16297
429.93743,271.73296 437.00007,278.71198 428.48471,265.49211
424.11466,248.95704 416.3319,235.95787 407.90684,229.4339
415.68486,230.89018 422.41954,235.90317 426.83245,248.6334
437.12122,234.95769 437.32642,241.32758 439.22086,251.98096
441.06965,258.24474 444.0,264.99997 443.73376,270.74891
436.92812,276.06629 442.43441,273.00003 446.32679,280.70145
443.48371,294.31296 438.35891,303.02556 437.26357,303.12176
422.65027,322.75525 437.04741,315.41172 449.45862,296.67471
439.35844,325.1183 448.02592,315.40152 449.2447,303.08818
459.62545,293.92231 452.93641,311.43147 451.93318,318.00656
450.02406,327.80628 443.96187,337.29568 448.17975,335.70825
457.87162,311.18817 453.97226,330.63434 457.93275,313.05076
457.91452,337.27197 455.85335,333.0 452.4762,337.58941
452.91198,351.49774 452.93438,360.03938 452.97328,372.72983
454.99586,385.7424 458.85883,397.7836 448.17811,400.86463
438.7341,406.47557 428.74712,411.17589 428.74712,411.17589
428.74712,411.17589 428.74712,411.17589 428.74712,411.17589
;
433.0758,348.26993 433.0758,348.26993 447.13474,328.60781
431.96794,341.39357 433.0758,348.26993 433.0758,348.26993
433.0758,348.26993 433.0758,348.26993 433.0758,348.26993
;
456.48752,365.0 456.48752,365.0 453.48283,350.33757
458.44937,347.57351 456.74874,365.0 456.74874,365.0
456.48831,365.0 456.48831,365.0 456.48831,365.0
456.48752,365.0 456.48752,365.0 456.48752,365.0
;
397.8947,312.0 397.8947,312.0 408.41441,309.63135
397.31374,300.38928 394.26155,308.71593 395.49485,309.77266
395.27284,313.31171 397.8947,312.0 397.8947,312.0
397.8947,312.0 397.8947,312.0 397.8947,312.0
;
504.1674,266.20211 504.1674,266.20211 520.40745,256.1021
488.12909,267.95951 503.77111,266.35778 503.77111,266.35778
504.1674,266.20211 504.1674,266.20211 504.1674,266.20211
;
503.12756,261.98469 503.12756,261.98469 515.5281,250.97979
489.75241,255.60504 503.12756,261.98469 503.12756,261.98469
503.12756,261.98469 503.12756,261.98469 503.12756,261.98469
;
432.38492,222.91667 432.38492,222.91667 436.59699,211.16767
443.58667,200.16553 448.10238,189.40735 456.58394,179.54726
454.73979,164.04919 454.50286,151.77059 449.74898,141.5023
452.59399,122.61978 438.26833,121.0 426.23665,118.4582
419.23831,131.78361 413.56663,140.34922 407.93799,148.69941
402.85089,153.52262 399.491,163.71053 396.15565,177.86799
403.37304,192.91974 417.50037,197.61579 424.11452,211.81113
423.06048,195.56957 422.64969,197.0 429.49603,198.65428
450.83061,186.00936 440.42469,200.62083 437.7485,207.61022
429.94053,216.58491 432.38492,222.91667 432.38492,222.91667
432.38492,222.91667 432.38492,222.91667 432.38492,222.91667
;
426.53248,193.61995 426.53248,193.61995 412.48917,195.08078
398.24572,179.46822 404.90492,165.96912 404.15675,156.28569
424.32151,158.168 416.10444,149.31706 408.554,145.61454
431.51995,147.33798 417.96482,141.36025 423.76377,132.56666
435.79038,119.54859 444.26495,132.37613 449.02274,141.23945
449.25602,150.60772 446.0,144.51635 451.92035,140.4113
424.93869,139.53066 427.7938,145.55156 435.19105,146.3458
455.49638,144.37048 450.37477,159.69636 449.28258,172.19972
449.03404,190.0615 433.43665,192.59579 431.38354,193.99406
428.83115,193.27641 426.53248,193.61995 426.53248,193.61995
426.53248,193.61995 426.53248,193.61995 426.53248,193.61995
;
422.91661,186.98469 422.91661,186.98469 436.32347,185.94533
407.87864,182.67533 421.56621,181.10716 426.90539,174.77387
429.71905,189.16644 435.0,178.26588 419.80303,168.47687
431.44354,177.73847 419.56762,176.50011 423.4488,171.73912
414.50559,169.77003 412.65996,180.3671 416.12111,182.33022
418.48338,187.75022 422.91661,186.98469 422.91661,186.98469
422.91661,186.98469 422.91661,186.98469 422.91661,186.98469
;
417.85699,169.92105 417.85699,169.92105 418.57694,165.5601
423.0506,168.30494 430.0,166.96185 425.84449,164.50888
435.21087,175.45397 430.49154,160.95168 432.15534,167.77885
416.51958,165.07291 417.06278,163.99995 420.00982,153.72567
409.85246,170.47717 417.85699,169.92105 417.85699,169.92105
417.85699,169.92105 417.85699,169.92105 417.85699,169.92105
;
437.47224,157.98469 437.47224,157.98469 435.25475,156.5174
457.0248,153.88057 442.56427,148.92925 433.2997,144.32063
424.93194,156.53738 437.47224,157.98469 437.47224,157.98469
437.47224,157.98469 437.47224,157.98469 437.47224,157.98469
;
