427.0,480.0 427.0,480.0 284.66667,480.0
142.33333,480.0 0.0,480.0 0.0,320.0
0.0,160.0 0.0,0.0 284.66667,0.0
569.33333,0.0 854.0,0.0 854.0,160.0
854.0,320.0 854.0,480.0 711.66667,480.0
569.33333,480.0 427.0,480.0 427.0,480.0
427.0,480.0 427.0,480.0 427.0,480.0
;
330.8509,479.0 330.8509,479.0 331.68158,469.39441
339.42316,468.22986 349.5,469.1346 361.21184,459.62567
360.50366,474.3217 365.49144,478.84189 367.57564,463.57665
357.20225,460.75046 344.73596,466.44611 328.99243,472.50619
331.35629,456.87746 325.19602,447.97897 318.39233,425.01056
328.26168,401.43895 325.9992,378.04047 333.07972,367.85737
322.26727,356.26109 328.44782,345.5 332.68608,332.28631
323.9846,320.05002 327.53764,306.59907 326.66588,290.41811
337.24193,277.76977 339.15152,262.22668 342.84215,243.91532
355.5138,229.42698 372.38874,221.81848 382.84198,215.95624
379.58082,200.79905 380.75013,190.59693 376.94574,166.96777
384.48266,142.54453 395.50138,121.86997 404.42209,104.96019
426.11842,98.84127 442.61788,108.49326 463.93587,124.55886
465.365,155.23239 465.65719,180.04477 466.10485,192.7749
463.82769,211.02614 477.20756,217.25946 486.9496,221.45006
497.90896,227.22816 505.99953,232.52787 514.73184,232.64797
511.0518,246.26329 514.91597,252.71231 518.229,271.9796
521.0987,291.34116 524.09332,310.40805 529.27125,329.33719
528.34262,349.80897 527.10201,369.2594 521.91641,382.52388
529.74115,394.05499 533.33597,406.37859 534.41811,421.58998
540.50907,445.47305 521.657,451.60813 521.01517,459.80754
512.80664,466.351 503.27537,460.97063 491.27318,453.39514
491.50228,474.33928 492.4452,479.0 495.9282,469.90879
496.93382,460.6918 500.14655,462.99876 509.83336,465.38176
523.40894,461.53103 518.61036,476.65121 522.16675,483.44018
520.3625,460.40192 522.25789,454.5 541.33513,449.12208
538.12246,426.16689 536.54636,410.82521 535.91505,396.26502
523.77912,383.93472 530.10028,369.08425 530.13558,346.84732
532.64165,323.9222 525.00028,302.54587 524.55967,286.71515
520.04739,271.40112 518.01747,255.66021 514.80608,245.47679
518.36406,229.33787 504.13841,227.50034 492.78455,218.58933
472.96337,218.09403 469.96401,201.55156 465.90253,172.77705
473.88984,140.44638 454.74651,115.66309 450.02158,102.46715
434.70299,101.07137 422.91662,100.13998 399.56978,101.86594
388.35864,124.51525 382.33614,144.27401 369.65315,163.37544
378.47376,186.76784 376.31101,207.43224 374.82252,214.79482
370.36835,221.45701 360.77178,224.50309 339.75258,235.82251
337.56764,262.53493 329.85511,282.51663 323.47387,298.87561
322.12229,318.15656 327.32935,335.12878 324.07956,346.57538
323.16434,358.81985 325.6491,370.05736 320.65809,383.20112
325.7188,397.15092 320.99111,410.5 320.08223,427.0784
318.05955,444.6508 327.31006,459.23188 328.89652,465.97797
331.17473,473.69914 330.8509,479.0 330.8509,479.0
330.8509,479.0 330.8509,479.0 330.8509,479.0
;
462.78138,478.999 462.78138,478.999 468.46118,471.11891
460.88227,457.07623 462.69368,446.66422 462.8218,427.67212
461.55182,408.26902 460.52649,389.67317 467.3157,382.88609
459.30253,377.44198 462.86529,366.47887 466.48271,352.57846
471.43199,337.67326 478.70252,325.38836 480.97283,318.70767
477.4221,308.23479 485.27607,299.55165 484.73082,289.31996
487.85927,277.17783 500.4032,277.60489 510.95282,278.26454
523.54678,262.12693 506.66615,272.21798 498.36013,270.7621
484.16583,283.14562 487.49998,281.1039 485.08059,275.1097
483.02869,298.49175 479.17629,304.47492 481.24769,323.27171
467.90689,304.29719 475.0,316.0 473.12452,329.54994
466.7177,342.41083 462.5,355.5 460.18256,339.97087
467.8632,324.99736 466.768,309.5 467.09518,311.09117
456.95122,316.41016 454.12256,318.18897 458.21921,306.6486
462.73264,314.99697 459.75432,305.58629 464.7366,290.43499
446.9395,299.55942 445.91837,308.56836 442.58456,318.53597
435.76045,323.9477 425.38858,322.508 429.24618,314.42568
441.64177,307.67231 440.97454,295.53515 440.22794,286.30167
435.92678,277.181 433.99993,267.99956 439.33957,277.11619
442.26683,269.51731 440.00803,260.291 436.50632,272.05082
432.97027,250.29126 436.00006,249.5 437.91027,254.15068
443.57098,234.73063 434.92461,245.35785 432.83898,250.95635
441.66083,218.66762 434.76672,234.50454 429.85117,247.52198
437.08866,223.595 438.53678,218.60761 439.12776,206.8146
431.59089,234.62698 431.0427,239.86492 432.54706,250.20372
420.33402,233.77396 413.06963,233.57404 410.21795,227.50852
420.77367,216.26177 413.83388,207.63209 406.28591,194.38293
418.23087,196.61305 428.35648,198.2206 437.1383,194.87378
448.57237,191.71991 438.50392,204.0 427.76032,206.22714
431.56932,217.36709 429.89055,227.0 432.07761,238.9658
432.73755,213.77554 437.13269,209.61862 442.85694,201.70571
445.42826,191.85165 452.63302,184.78557 461.45258,162.01992
454.77597,137.45495 444.76544,116.22626 434.65415,114.28774
424.90862,114.71027 419.81049,125.46988 412.40727,133.78802
409.70271,139.28299 402.81496,147.07045 403.2286,150.92805
389.09717,161.48574 394.7814,172.91107 393.27875,186.71565
409.10696,191.46011 410.22754,203.58343 417.93551,209.46151
410.12531,236.63878 408.00134,223.60409 404.95884,223.47603
405.21749,241.80368 408.60856,248.99996 409.90371,259.53532
412.65165,265.44385 415.31383,276.17882 421.59332,291.93117
405.65259,272.27966 408.76235,279.13665 400.4259,268.70067
408.70095,284.32117 416.00134,287.25483 417.90303,295.23825
422.17853,306.16851 418.00134,313.90058 425.93183,319.42479
419.87058,333.45587 422.04642,342.37753 425.11991,376.44491
413.05086,409.23162 409.19349,442.45593 411.44531,450.92913
399.37465,468.04219 412.86945,468.7355 423.55823,469.32798
427.03185,470.35801 426.05432,471.99996 425.40716,471.50281
443.20262,468.08606 450.82589,464.96859 466.8338,454.87733
458.30965,473.64992 462.78138,478.999 462.78138,478.999
462.78138,478.999 462.78138,478.999 462.78138,478.999
;
428.0,467.34872 428.0,467.34872 420.48075,466.29579
428.8971,464.40734 415.49901,466.00161 406.24839,469.42505
409.86957,444.75268 417.35274,457.04726 418.4308,454.73237
403.15361,433.86209 418.46982,439.49963 426.08449,441.89945
449.33208,444.94329 429.60236,445.49957 432.43126,448.97372
449.65826,440.48357 429.82464,438.32827 416.42724,438.73334
407.64651,421.40782 425.35234,432.31249 442.5501,440.68812
410.65377,422.60636 432.19858,432.53295 432.03221,428.89402
410.39012,426.24145 416.73015,415.28479 423.09748,387.29303
427.69896,358.57165 423.73122,329.89435 431.73053,329.25152
434.54164,336.25244 441.95992,328.87787 436.5768,324.894
446.13108,316.48016 443.2741,327.41684 448.86746,331.0128
458.19124,321.8739 459.96906,321.45899 464.66636,322.24092
460.34819,339.67147 458.91844,338.40381 456.58862,365.05987
452.25922,392.45755 456.07903,419.18587 461.91145,430.08886
456.55119,439.12956 445.49999,441.31858 458.03335,436.00317
454.77663,445.16598 454.0,444.0 455.63629,445.25786
456.42201,460.93442 447.72676,460.70497 444.92219,463.09332
451.53587,462.67493 437.25,466.05066 434.29473,466.6915
430.99436,466.41527 428.0,467.34872 428.0,467.34872
428.0,467.34872 428.0,467.34872 428.0,467.34872
;
417.58179,464.60699 417.58179,464.60699 439.86944,464.00617
404.43999,460.50209 416.0,463.1392 416.24521,464.03885
415.15409,466.8828 417.58179,464.60699 417.58179,464.60699
417.58179,464.60699 417.58179,464.60699 417.58179,464.60699
;
447.96862,318.0 447.96862,318.0 445.32727,311.11096
454.78736,301.71097 452.17941,313.0 461.92736,302.40538
447.72286,322.35617 448.33414,316.25 448.33414,316.25
448.93729,318.0 448.93729,318.0 448.93729,318.0
447.96868,318.0 447.96868,318.0 447.96868,318.0
447.96862,318.0 447.96862,318.0 447.96862,318.0
;
425.39016,315.40378 425.39016,315.40378 423.64826,306.83536
422.38998,301.09283 425.20603,296.12224 424.59814,289.88232
427.42274,286.22089 429.75003,291.0153 435.58412,296.94118
431.19374,300.76669 433.0,306.0 438.44657,295.01451
428.52925,317.65237 425.75,312.08761 427.28039,312.36937
427.87044,315.98207 425.39016,315.40378 425.39016,315.40378
425.39016,315.40378 425.39016,315.40378 425.39016,315.40378
;
429.71353,287.92105 429.71353,287.92105 419.7247,285.42559
420.51176,271.41363 414.79246,263.86602 417.72631,259.93909
407.13834,241.80081 413.06619,247.9431 416.3581,240.16272
420.62706,260.31748 424.34423,266.28155 432.33598,281.14418
423.06633,255.37092 419.76706,250.98097 420.0996,243.20621
402.20346,232.92684 417.04015,238.68354 426.57101,245.88822
426.36055,247.3244 429.522,251.96303 429.515,263.83798
430.07792,276.55775 429.71353,287.92105 429.71353,287.92105
429.71353,287.92105 429.71353,287.92105 429.71353,287.92105
;
432.82748,287.0 432.82748,287.0 428.54861,278.69545
436.08874,268.74834 433.773,287.0 433.773,287.0
432.82748,287.0 432.82748,287.0 432.82748,287.0
;
424.429,195.94547 424.429,195.94547 414.22675,193.0781
404.38054,188.93087 399.5,179.5 399.22731,168.91391
398.06298,150.6625 413.49997,152.18845 402.84424,162.73432
426.15977,145.49018 409.83795,143.60013 428.2846,145.30083
410.91656,137.64123 422.70415,130.28259 427.27053,121.30154
440.23607,118.85853 444.22958,125.81118 446.0252,133.15381
455.95895,149.75877 445.51081,137.73036 438.42309,131.82075
419.34735,142.12783 431.94593,142.7892 441.57624,139.72672
456.11196,143.85751 452.24449,156.61912 453.64501,172.03739
449.29282,191.2447 431.63283,194.32235 429.23387,194.81457
426.96274,196.45134 424.429,195.94547 424.429,195.94547
424.429,195.94547 424.429,195.94547 424.429,195.94547
;
414.20848,183.0 414.20848,183.0 421.56585,175.21545
431.40637,184.13913 437.0,179.6 433.08625,170.21236
415.14644,169.14241 412.0,179.5111 411.1334,180.87625
412.69127,183.37987 414.20848,183.00004 414.20848,183.00004
414.20848,183.0 414.20848,183.0 414.20848,183.0
;
416.78518,167.92105 416.78518,167.92105 415.25676,165.86647
423.72989,164.49551 428.4826,166.18992 436.78395,162.43607
413.36993,160.95791 414.9723,160.63884 411.85055,162.31412
413.34304,168.65502 416.78518,167.92105 416.78518,167.92105
416.78518,167.92105 416.78518,167.92105 416.78518,167.92105
;
430.30613,167.99995 430.30613,167.99995 436.0453,159.94881
429.83971,156.42748 428.85714,168.0 428.85714,168.0
430.30613,168.0 430.30613,168.0 430.30613,168.0
430.30613,167.99995 430.30613,167.99995 430.30613,167.99995
;
438.23896,154.99995 438.23896,154.99995 434.30317,150.27579
443.50976,155.26969 449.47886,148.80545 446.61056,141.85786
425.63665,144.00711 433.03896,152.81139 434.26222,155.06492
435.91879,155.28383 438.23896,154.99995 438.23896,154.99995
438.23896,154.99995 438.23896,154.99995 438.23896,154.99995
;
497.875,478.99995 497.875,478.99995 498.44557,467.18995
504.18119,487.47006 501.00575,469.85135 498.45298,470.99373
495.16939,478.48165 497.875,478.99995 497.875,478.99995
497.875,478.99995 497.875,478.99995 497.875,478.99995
;
466.17593,456.82926 466.17593,456.82926 479.51166,447.2302
455.4236,451.09132 466.17593,456.82926 466.17593,456.82926
466.17593,456.82926 466.17593,456.82926 466.17593,456.82926
;
394.15108,327.0 394.15108,327.0 402.50313,322.23742
394.99331,313.95278 389.0,320.4 387.84354,324.15989
391.26619,325.96394 394.15108,327.0 394.15108,327.0
394.15108,327.0 394.15108,327.0 394.15108,327.0
;
433.39179,319.47888 433.39179,319.47888 441.83672,318.20194
439.40224,316.49 436.62041,313.0 434.68199,310.80881
429.60289,325.72023 433.39179,319.47888 433.39179,319.47888
433.39179,319.47888 433.39179,319.47888 433.39179,319.47888
;
509.53504,268.0 509.53504,268.0 519.57781,262.65064
498.2752,259.93828 508.89653,268.0 508.89653,268.0
509.53504,268.0 509.53504,268.0 509.53504,268.0
;
