427.0,480.0 427.0,480.0 284.66667,480.0
142.33333,480.0 0.0,480.0 0.0,320.0
0.0,160.0 0.0,0.0 284.66667,0.0
569.33333,0.0 854.0,0.0 854.0,160.0
854.0,320.0 854.0,480.0 711.66667,480.0
569.33333,480.0 427.0,480.0 427.0,480.0
427.0,480.0 427.0,480.0 427.0,480.0
;
344.73695,479.0 344.73695,479.0 345.40363,474.18873
338.29091,454.14966 348.40665,452.19411 359.59084,451.35112
371.75061,446.41145 370.00407,462.44958 366.88612,474.65574
377.60248,487.44489 373.42358,468.61487 372.11458,457.29587
373.23555,441.66802 357.63568,448.41797 344.87465,453.35243
341.75885,444.36116 339.79175,435.75317 330.48799,418.76785
341.33255,399.02863 344.11767,381.73862 339.91077,370.75801
349.03104,360.87642 345.59407,350.47349 341.0196,338.23333
354.61232,328.02427 347.6022,316.20448 346.71568,302.02253
345.91518,286.58636 354.8492,274.49991 357.1071,252.2346
366.49876,228.25044 389.0098,219.87792 399.94368,215.45059
395.92171,200.06214 397.53104,189.78494 396.98212,176.68783
397.40471,164.5564 402.00544,152.49991 405.98354,130.56611
419.67866,103.58 445.50657,104.76688 455.07059,108.75192
467.02798,108.76974 471.61134,120.24813 485.38247,144.14412
479.85255,172.37446 482.18616,198.33515 484.93923,209.86543
490.00571,219.28694 502.50008,221.93762 509.67012,227.95355
519.02283,230.37423 526.00008,236.30987 528.40768,257.57365
535.7199,278.70237 536.77932,300.49989 542.77216,321.45423
543.73343,343.69547 538.95987,364.99149 541.59945,375.27174
535.10304,385.83658 541.00659,395.99989 546.80381,413.73432
543.075,434.06672 536.1149,450.75429 523.87382,451.20466
529.04617,468.72319 514.40888,463.29888 501.7825,455.80759
494.76982,459.14565 494.81394,474.55793 495.82628,487.67563
499.71398,467.64278 499.97158,462.54714 505.42773,461.05967
516.56487,469.02103 524.99964,466.00056 522.63863,479.53226
526.60219,482.53911 527.96992,466.86929 525.35457,454.41707
540.46524,455.79335 541.87333,445.58164 545.11468,427.94102
550.42214,409.8095 542.94931,392.41332 538.86732,381.8264
543.98845,370.83986 542.451,360.16524 547.39491,338.36953
543.79783,316.05978 539.01049,294.80132 537.80822,274.62768
530.23824,255.07667 529.0,235.14286 521.88704,229.46874
513.41157,224.50902 505.87803,220.86447 495.93595,215.90343
488.16737,210.69109 486.0,198.90588 492.84509,201.16472
480.7465,189.67031 484.85432,181.09215 486.92089,156.78478
483.88533,129.16829 468.12675,109.89881 461.02212,100.99606
450.28105,104.26122 440.80493,101.46538 420.79161,102.90121
408.97696,121.00142 402.36681,138.03347 401.31211,138.71544
395.06485,155.37849 394.3339,163.30166 390.734,178.96263
398.68446,195.69673 390.58401,210.91246 387.48536,221.71828
372.34698,221.44703 367.1256,231.7493 353.16907,246.71945
356.6009,269.56996 345.63357,286.13238 344.83666,299.72325
342.20688,313.463 347.20066,326.58352 341.68925,335.87578
340.43597,346.54403 344.11862,356.78033 337.58075,369.73431
343.99299,385.1447 337.07984,398.37869 334.05083,412.23467
329.25268,428.39342 339.46501,440.48845 340.99361,450.39372
342.22686,459.38385 340.71426,469.90776 342.34282,472.00447
341.36515,479.49255 344.73695,479.0 344.73695,479.0
344.73695,479.0 344.73695,479.0 344.73695,479.0
;
362.59566,478.83333 362.59566,478.83333 374.00249,479.60677
358.18194,452.63245 360.12358,464.4171 361.066,468.69001
352.23418,480.91794 362.59566,478.83333 362.59566,478.83333
362.59566,478.83333 362.59566,478.83333 362.59566,478.83333
;
462.9925,479.0 462.9925,479.0 468.48633,472.94943
465.20488,459.41871 463.85847,450.5 480.30808,453.11344
459.36052,447.67376 464.0,438.15349 464.15196,419.7532
464.0648,401.35934 462.69265,383.0 470.46227,380.82663
460.10411,362.77065 468.19974,353.78915 474.76117,344.38557
474.5013,328.02514 486.5,324.29574 484.42607,316.819
484.89875,309.81094 490.78979,301.79055 494.63915,293.39908
490.70579,278.1837 505.13159,278.77417 511.53115,280.40761
535.1175,271.13645 522.45,270.90921 514.64988,275.67065
500.6475,274.53401 496.5,278.5 491.24644,283.30882
489.46297,288.29793 489.14261,297.43117 483.00756,304.76489
484.91948,318.44694 479.81732,309.18045 471.94231,314.93528
487.61152,315.23834 476.73282,326.21473 472.94548,330.78722
467.09801,356.00589 465.85098,344.83233 468.32246,331.56538
471.91064,318.47736 473.06889,305.0 469.58711,305.79746
450.72503,325.23981 459.26675,314.7094 465.0748,306.77657
465.93676,305.87213 467.2082,295.8082 456.65515,290.86234
452.53257,306.97838 446.2291,313.1664 446.06698,302.679
432.49236,319.71515 441.64176,314.23635 451.74099,315.64205
437.90966,316.70669 432.57751,319.589 424.44881,315.73745
437.84355,313.72466 441.38131,307.56673 452.89721,294.86749
446.40303,278.35573 445.1522,263.5 449.28201,279.63303
449.40962,279.43926 447.50343,262.72751 442.90811,246.96826
451.07145,251.41797 452.00005,239.33333 441.73995,250.96894
449.95587,233.08238 450.79818,224.41222 445.69332,231.58728
442.92764,242.04748 447.45907,225.58857 453.48148,214.57432
454.19258,207.77178 446.36953,220.70281 452.16941,210.26058
448.32946,209.40027 447.97713,206.17431 449.02687,200.14067
442.65927,212.80257 443.11307,218.42929 444.76287,224.06741
437.01501,242.04831 444.01967,228.5 444.6211,244.83492
439.99987,239.14575 433.27924,235.10425 424.36138,228.654
424.2549,228.58271 429.14765,222.29074 434.16964,214.30754
419.93312,194.46743 433.9273,196.92417 446.60498,194.74936
466.65562,194.21726 467.94204,177.5 470.06316,161.3264
468.81632,145.5399 463.5175,130.09473 464.35656,113.70358
439.99586,111.26681 433.30423,124.38738 427.9535,132.15757
418.48799,139.25804 416.25115,147.53329 410.54235,152.13546
405.54329,165.04077 410.16673,175.43859 410.28305,188.89785
425.81892,193.74817 426.60725,207.22117 431.82527,219.24726
418.87401,225.8224 419.83412,236.1958 420.57289,252.68507
427.39884,269.70418 426.01672,285.72364 428.17157,284.76464
418.45925,274.82978 415.36288,272.0 409.38056,269.39219
426.97636,284.70907 426.18068,293.05996 427.66599,304.90701
422.83017,306.86797 427.80667,317.58178 427.65557,346.58686
425.61793,375.51208 416.62386,403.28436 412.37126,420.479
410.11166,438.10852 407.82236,455.66029 417.93878,454.40634
430.96686,470.07793 428.09735,462.0604 426.65539,467.20303
436.13905,458.91213 447.3245,460.14489 461.4562,452.66997
464.56502,461.75053 461.44445,474.51353 462.05126,475.8774
459.55555,480.37129 462.9925,479.0 462.9925,479.0
462.9925,479.0 462.9925,479.0 462.9925,479.0
;
434.75,458.37156 434.75,458.37156 425.03293,458.68403
424.51321,454.44247 420.2,456.2 413.13956,461.23084
410.82984,435.6337 419.78892,447.15055 419.2281,444.40957
408.47713,424.18918 421.36148,430.57063 428.06198,432.88246
448.37102,440.59836 438.68515,432.99957 432.44584,432.1037
410.42013,421.67167 420.30404,420.01191 436.19397,429.69241
427.24156,424.1896 430.53362,423.02799 431.1451,422.26651
410.77406,412.5558 420.98259,401.71161 423.84429,389.31447
428.49172,375.69565 427.78573,363.74963 433.81597,360.75766
431.42033,343.29138 431.63858,334.4783 427.16603,314.93359
444.23944,337.03329 446.96631,322.5 446.60501,330.81039
459.38201,321.63892 464.39754,316.85781 469.71293,319.5179
466.38351,327.16671 463.78194,337.38635 459.29312,361.42649
456.14166,385.66709 458.04879,410.25375 459.5561,418.08845
464.55581,434.3973 451.55882,432.58473 433.43991,437.2078
471.63344,430.89413 452.83873,434.57529 449.07082,436.99745
463.50077,434.21006 453.44455,437.71478 454.69539,437.55434
460.23981,441.20652 454.7924,447.01689 460.50306,457.00704
444.81066,452.09482 449.05816,457.07405 444.30572,457.80651
439.5656,458.34867 434.75,458.37156 434.75,458.37156
434.75,458.37156 434.75,458.37156 434.75,458.37156
;
431.72373,311.0 431.72373,311.0 428.11716,305.87076
436.64506,288.69762 431.03055,294.5 428.97961,283.28508
444.40202,292.44639 441.7585,286.5 446.9511,299.34153
434.58237,285.3947 439.27833,300.16769 449.95748,297.87787
427.86237,309.7544 433.97614,309.67599 433.24699,310.11848
432.88691,311.55642 431.72373,311.0 431.72373,311.0
431.72373,311.0 431.72373,311.0 431.72373,311.0
;
441.97983,284.51247 441.97983,284.51247 439.44796,274.8616
444.59222,265.46689 443.0,283.88197 443.0,283.88197
441.97983,284.51247 441.97983,284.51247 441.97983,284.51247
;
438.5,283.95996 438.5,283.95996 428.62408,281.49205
429.17321,267.50818 427.0,259.07348 428.27461,253.45504
420.10321,235.2457 427.47996,245.00004 431.2788,246.80452
438.80608,275.55002 437.69712,263.6062 433.92248,256.53289
432.40268,242.97134 428.0,239.43252 416.99322,232.02514
434.54813,234.11076 437.84358,243.44412 440.73062,245.50932
441.70701,260.8135 440.15261,269.87093 439.11873,273.85769
441.05501,281.73636 438.5,283.95996 438.5,283.95996
438.5,283.95996 438.5,283.95996 438.5,283.95996
;
436.34955,194.34016 436.34955,194.34016 421.96716,194.01173
408.50206,179.20996 413.44912,164.24467 416.03566,148.37493
420.84459,156.88249 427.27776,152.98854 430.89999,145.01244
412.99535,142.40964 431.4793,144.04443 426.57847,137.7814
434.49775,128.38713 444.57903,123.5314 453.72769,119.40414
459.29891,126.49879 460.0,134.82988 467.45402,150.91482
460.0941,137.20853 450.59426,137.19087 433.4987,136.55555
441.88192,146.43218 454.05647,143.01155 468.08781,142.6752
464.23162,159.13648 463.27142,168.31307 462.31942,180.26829
456.25024,190.94663 443.66362,193.03027 441.33637,193.82997
438.65011,193.31042 436.34955,194.34016 436.34955,194.34016
436.34955,194.34016 436.34955,194.34016 436.34955,194.34016
;
426.82319,181.44152 426.82319,181.44152 432.51792,174.0773
445.16122,183.93471 444.13895,181.3055 451.99187,171.55425
426.57836,171.02602 426.77312,172.42392 428.71718,162.58348
417.97809,187.33058 426.82322,181.44152 426.82322,181.44152
426.82319,181.44152 426.82319,181.44152 426.82319,181.44152
;
427.07037,168.0 427.07037,168.0 421.08479,157.38628
436.10766,171.37679 429.74992,162.81632 427.45827,150.90247
421.15148,165.30432 427.07037,168.0 427.07037,168.0
427.07037,168.0 427.07037,168.0 427.07037,168.0
;
438.87461,168.0 438.87461,168.0 449.42292,162.28191
439.10507,159.63014 434.78528,161.81472 432.26823,174.93191
446.38361,154.25053 439.60836,166.54442 438.98286,167.21381
435.99921,168.52441 438.87461,168.0 438.87461,168.0
438.87461,168.0 438.87461,168.0 438.87461,168.0
;
449.40499,154.89764 449.40499,154.89764 452.0157,153.46796
441.0196,150.84263 459.00993,152.39007 467.10188,143.37921
435.91508,141.58753 443.3147,152.79525 444.68693,155.83591
446.73638,154.85962 449.40499,154.89764 449.40499,154.89764
449.40499,154.89764 449.40499,154.89764 449.40499,154.89764
;
502.93261,479.0 502.93261,479.0 513.20552,470.63857
496.01587,467.78497 501.82453,479.0 501.82453,479.0
502.93262,479.0 502.93262,479.0 502.93262,479.0
502.93261,479.0 502.93261,479.0 502.93261,479.0
;
401.41644,320.0 401.41644,320.0 412.40933,316.23354
398.88507,306.5607 397.0,314.16357 396.29124,316.63832
398.87976,320.11818 401.41644,320.0 401.41644,320.0
401.41644,320.0 401.41644,320.0 401.41644,320.0
;
519.96258,269.79591 519.96258,269.79591 534.64181,260.19835
503.00278,263.73171 519.96258,269.79591 519.96258,269.79591
519.96258,269.79591 519.96258,269.79591 519.96258,269.79591
;
452.75856,207.0 452.75856,207.0 462.94215,194.41138
455.0587,190.95384 452.0,207.0 452.0,207.0
452.75856,207.0 452.75856,207.0 452.75856,207.0
;
438.0,199.97103 438.0,199.97103 457.94406,198.10257
423.65546,196.21067 437.45966,199.97128 437.45966,199.97128
438.00036,199.97171 438.00036,199.97171 438.00036,199.97171
438.0,199.97103 438.0,199.97103 438.0,199.97103
;
