427.0,480.0 427.0,480.0 284.66667,480.0
142.33333,480.0 0.0,480.0 0.0,320.0
0.0,160.0 0.0,0.0 284.66667,0.0
569.33333,0.0 854.0,0.0 854.0,160.0
854.0,320.0 854.0,480.0 711.66667,480.0
569.33333,480.0 427.0,480.0 427.0,480.0
427.0,480.0 427.0,480.0 427.0,480.0
;
366.05448,479.0 366.05448,479.0 370.06827,472.47049
362.47178,461.45392 360.30323,454.00382 357.95146,441.57226
361.14699,426.94987 356.1929,415.7929 347.98918,417.43727
330.18554,423.03038 331.04153,409.273 326.96061,402.66094
321.31379,396.44414 324.20487,388.56696 325.76173,373.24748
333.80806,359.199 330.93888,343.5 337.11079,333.83443
330.1482,322.4181 334.47107,311.81489 335.90045,300.90978
330.44614,290.27621 332.83649,279.0 330.05942,259.89627
340.41487,243.68963 349.90282,228.23034 356.9558,217.08788
368.21408,209.93427 380.25963,204.98596 391.47361,189.29405
376.68168,169.95675 385.2786,153.09401 390.99349,133.93576
396.45441,107.6652 419.94995,104.18637 437.70194,102.48453
452.11386,116.81944 454.80519,133.85705 461.04318,153.95693
455.68087,176.27585 459.6002,196.64661 465.23832,210.66905
485.01528,209.68657 493.798,221.10601 499.04881,218.61373
498.85947,238.34734 499.85832,245.44481 501.32002,257.20447
479.27608,251.41154 478.0,262.34863 489.59492,252.67705
470.68242,266.15861 474.23043,274.90147 471.47617,281.63468
460.94132,297.01962 470.87323,286.5 470.25943,292.98002
466.04344,300.19516 464.01403,310.09005 459.48166,330.05363
455.72448,322.43233 459.80573,306.25013 465.59129,293.97325
458.2637,286.71892 453.20213,293.16292 460.81471,285.03637
456.52961,268.44052 447.23202,282.871 448.72448,291.74733
429.12116,306.87277 435.0221,293.48638 435.84472,295.48634
437.93828,299.28397 440.00005,290.23326 431.38198,287.94017
425.37956,305.25811 432.44731,292.0 437.14228,287.86449
444.19228,275.71613 439.73743,266.59546 437.24086,259.66367
441.90492,256.25197 437.18987,244.90158 435.29991,235.5256
436.58838,221.10772 435.55253,221.0 439.70836,205.73447
435.39951,205.24135 432.98158,220.34358 434.14689,236.86068
420.8679,221.36851 413.37681,218.74551 419.34638,210.07312
418.38892,197.71052 412.0,189.6 415.26521,197.03356
417.65914,215.7577 410.04122,215.081 408.50173,194.97687
407.08727,215.74026 407.76875,224.52098 412.80622,234.214
406.76491,242.04929 412.64988,243.8811 412.98767,241.59203
420.58242,262.24077 417.00001,261.0 416.81613,262.26574
405.73278,253.9937 410.40452,257.84549 410.7263,258.46585
422.78114,270.13269 421.37992,278.41729 421.85452,290.27475
425.54433,300.99302 424.63402,313.42996 427.3822,350.91133
411.86644,387.14645 410.58118,423.9145 422.3356,423.6673
425.83709,430.32877 426.04678,427.0 425.21559,426.9602
441.50299,422.13863 448.67852,419.5197 462.50078,410.0394
454.85909,433.88665 454.95378,441.49584 456.61763,451.44008
454.29311,461.43289 455.05847,470.3323 456.24565,484.04127
470.10114,464.14298 461.75687,464.18599 456.5776,459.88049
458.53081,444.16326 459.21558,435.61264 460.49986,424.55757
458.61475,413.77849 462.88197,408.0 452.34396,406.91292
460.46915,387.99027 457.63367,380.03243 459.50026,370.51678
453.06713,356.89949 460.5,350.13464 454.65363,335.58313
465.42462,319.10175 469.47388,304.48803 475.00829,295.54293
469.91395,284.98104 477.10916,276.09063 476.17026,263.24319
485.99701,257.73756 496.99218,254.9995 504.38415,250.51182
500.26799,269.74038 504.0,275.3795 504.0452,291.34868
509.07656,306.76656 508.51127,322.97945 509.23086,335.48498
501.06764,349.67117 509.33918,361.29679 512.69287,372.9669
519.08586,387.47946 513.47317,399.07642 501.96499,404.00163
504.56522,418.0042 491.25883,415.85309 476.81287,411.01559
482.07789,430.96566 478.7582,439.45487 481.0561,447.51908
488.86932,434.45543 485.94821,445.65619 494.42219,446.83161
490.51481,419.84847 487.92961,426.25 486.35717,420.03902
483.38427,440.97778 481.66857,438.15521 485.85192,431.89959
478.75651,412.86785 491.40945,418.46772 506.00869,415.05368
501.04507,431.7936 496.82697,440.25078 492.97659,454.07132
476.79638,438.0507 478.91887,452.49999 479.80153,463.62455
458.58164,469.22894 466.49988,478.99999 466.62686,470.08695
481.87398,463.69313 481.82402,452.68709 487.25861,448.66275
502.10342,447.43145 502.08175,434.57349 506.06147,426.31798
500.10602,414.01303 507.6368,408.55498 518.37863,403.75843
519.31191,391.613 517.37512,381.13014 517.93344,366.65871
505.45504,355.28119 509.83152,340.74048 510.47401,320.72431
511.23818,300.42021 506.99995,280.91986 504.56784,261.36027
502.60941,241.49785 500.06515,221.74845 491.8992,210.10889
473.50778,208.95634 464.44464,198.89761 458.98416,181.61234
464.40904,162.80558 460.90805,145.43854 464.68441,137.67429
450.01971,122.26939 454.91805,121.06741 461.30888,139.009
462.41626,128.2091 453.41745,117.91718 441.19264,94.559939
402.76466,95.983488 393.05775,120.53348 387.2669,134.16882
382.16655,148.71869 378.30339,162.75938 377.95981,177.01823
388.63481,194.89353 373.49995,204.87293 363.94013,209.32327
353.98671,213.66961 351.40835,221.54646 337.51028,239.26688
326.77626,260.81631 330.07143,283.96523 328.78269,295.60584
334.07336,306.70722 330.82757,318.22763 325.49081,308.80821
329.15291,295.45992 327.34465,284.5 326.46577,299.66527
327.11062,314.31315 330.32648,329.00238 330.75582,351.04547
327.2874,327.07617 327.49108,341.05759 326.47714,355.43014
327.32864,353.90436 328.37833,358.85877 324.99011,363.06984
324.79866,374.95841 322.12931,383.55822 319.19676,393.10008
320.88784,404.08348 329.22728,410.3482 328.86851,422.71131
328.6026,436.46679 340.73472,443.61602 350.31016,457.32732
356.73829,440.82173 350.72533,431.8379 339.66348,421.39855
355.99718,456.49928 343.96004,444.44655 336.92855,439.6632
327.24929,426.30272 333.95929,420.37005 344.93535,420.74973
357.26183,415.67683 355.19193,431.40292 356.50508,443.99197
352.89324,444.84026 358.00008,454.07737 359.47851,462.066
364.75191,469.94792 365.22708,479.00004 365.22708,479.00004
366.05456,479.00004 366.05456,479.00004 366.05456,479.00004
366.05448,479.0 366.05448,479.0 366.05448,479.0
;
425.89944,422.64596 425.89944,422.64596 414.98134,428.92917
409.1748,410.24749 417.45794,412.8675 424.81018,417.53419
411.37106,403.19245 416.23371,397.75211 431.38035,398.12509
434.60557,403.01746 435.33333,402.86836 443.23927,400.79356
431.39368,398.15459 436.5,397.0458 428.68353,398.14023
407.97125,386.30851 426.13274,391.46939 434.77435,395.14241
435.75704,391.84451 432.37729,389.69285 417.81562,388.36295
418.4362,377.94979 422.78103,366.74926 425.88743,346.09105
429.59066,325.16578 426.77847,304.25494 433.3208,309.3948
441.45889,302.00312 450.50335,302.2658 455.21926,303.12861
458.99115,294.32785 456.60489,307.38568 453.81609,314.05753
453.08567,323.22869 452.3794,336.26695 453.92526,346.59254
446.28194,358.84779 450.8033,366.25 447.98295,375.48949
457.8138,386.94201 451.79677,394.52599 433.10207,399.24218
461.81185,393.24655 446.5,401.12731 460.10859,400.4967
440.19148,420.67977 446.4561,417.14638 439.82101,419.24304
433.15711,422.75513 425.89939,422.64596 425.89939,422.64596
425.89944,422.64596 425.89944,422.64596 425.89944,422.64596
;
448.80902,293.99368 448.80902,293.99368 445.57253,283.79964
455.55821,286.13367 452.96083,287.90586 451.50712,289.4106
450.81694,293.58907 448.80902,293.99368 448.80902,293.99368
448.80902,293.99368 448.80902,293.99368 448.80902,293.99368
;
429.12128,288.0 429.12128,288.0 425.39908,281.50933
433.95061,273.11089 435.50001,278.0 439.94433,279.50308
433.92236,287.7921 429.12128,288.0 429.12128,288.0
429.12128,288.0 429.12128,288.0 429.12128,288.0
;
431.08625,275.26719 431.08625,275.26719 424.53165,273.16617
432.7806,266.57505 432.92973,274.13337 433.48543,275.31564
431.92458,275.04344 431.08625,275.26719 431.08625,275.26719
431.08625,275.26719 431.08625,275.26719 431.08625,275.26719
;
435.07946,275.0 435.07946,275.0 425.59901,265.2487
438.62428,264.69488 435.07946,275.0 435.07946,275.0
435.07946,275.0 435.07946,275.0 435.07946,275.0
;
432.74477,265.0 432.74477,265.0 430.98734,260.70004
436.39612,248.90188 433.23136,263.5 433.23136,263.5
432.74477,265.0 432.74477,265.0 432.74477,265.0
;
430.57832,266.0 430.57832,266.0 424.06312,260.20795
421.38938,251.14513 416.63365,242.28842 409.45258,231.35267
412.83923,223.90006 417.69927,233.21255 418.58339,241.54686
419.67647,251.62523 427.00977,257.25307 423.59468,250.84434
414.42738,229.70619 423.11795,246.91323 432.06789,264.94871
424.10652,240.76719 420.24826,234.5 417.05203,225.62376
407.39191,219.43931 417.68277,223.88101 426.12671,231.18727
433.09331,233.30901 429.83976,238.74617 429.87176,247.55465
431.71697,258.33366 430.57832,266.0 430.57832,266.0
430.57832,266.0 430.57832,266.0 430.57832,266.0
;
436.62205,254.71128 436.62205,254.71128 432.70594,243.90623
434.3841,232.7513 436.4993,251.7912 435.46147,252.45505
438.08016,254.16801 436.62205,254.71128 436.62205,254.71128
436.62205,254.71128 436.62205,254.71128 436.62205,254.71128
;
416.38646,479.0 416.38646,479.0 418.20534,471.0496
424.04128,483.74952 420.1698,464.35271 417.145,453.52245
413.20901,480.6877 416.38646,479.0 416.38646,479.0
416.38646,479.0 416.38646,479.0 416.38646,479.0
;
398.71862,476.98469 398.71862,476.98469 410.41835,471.17907
391.29213,463.54642 397.93723,476.99999 397.93723,476.99999
398.71862,476.98469 398.71862,476.98469 398.71862,476.98469
398.71862,476.98469 398.71862,476.98469 398.71862,476.98469
;
399.18811,301.0 399.18811,301.0 411.37855,294.68626
389.54756,288.8893 397.33333,301.0 397.33333,301.0
399.18811,301.0 399.18811,301.0 399.18811,301.0
;
496.24553,249.82014 496.24553,249.82014 505.80073,243.05514
485.29359,243.41842 495.9309,249.86484 495.9309,249.86484
496.24553,249.82014 496.24553,249.82014 496.24553,249.82014
;
431.03074,214.70254 431.03074,214.70254 434.19143,201.24894
442.12657,189.18833 450.65808,178.69107 455.50508,166.04287
456.16084,151.94969 454.96937,138.5 452.86299,142.82396
451.41858,128.37566 446.43632,121.37472 441.59838,110.87402
428.69031,116.95512 425.5,125.84405 421.08873,133.20183
414.01566,140.08454 411.27253,146.85415 397.47991,154.90632
396.57774,176.28678 409.90932,185.50612 421.27733,199.40552
409.51772,179.02637 424.5,189.29112 437.29837,188.47425
442.3508,190.59146 431.57878,197.76583 427.98505,200.13564
428.58816,227.72793 431.03074,214.70254 431.03074,214.70254
431.03074,214.70254 431.03074,214.70254 431.03074,214.70254
;
431.1849,187.91316 431.1849,187.91316 421.48901,183.60958
412.60689,183.10019 407.25884,174.28759 404.36223,167.69003
406.58771,151.10797 416.08551,152.00004 434.49345,152.83289
409.45933,136.87614 424.34892,141.72504 428.15607,140.64345
423.53486,126.575 434.99995,123.50004 440.56032,115.77462
453.69556,137.35157 444.17847,135.18846 427.44579,134.49046
435.97164,144.54403 448.10643,141.00004 457.15642,148.82332
439.31808,137.49538 435.99995,145.24493 437.90056,161.53157
451.98512,139.99193 452.10252,150.50004 453.20117,165.96893
449.67776,185.66031 431.1849,187.91316 431.1849,187.91316
431.1849,187.91316 431.1849,187.91316 431.1849,187.91316
;
431.42299,180.76052 431.42299,180.76052 445.1974,177.33771
414.24107,179.07639 431.42299,180.76052 431.42299,180.76052
431.42299,180.76052 431.42299,180.76052 431.42299,180.76052
;
424.63884,177.6945 424.63884,177.6945 422.95806,165.4247
440.19437,181.66584 441.19806,171.73305 438.44023,161.08311
420.78568,176.27373 430.47219,167.6376 429.50832,164.89026
411.85201,174.22412 424.63884,177.6945 424.63884,177.6945
424.63884,177.6945 424.63884,177.6945 424.63884,177.6945
;
424.74489,164.0 424.74489,164.0 422.99728,161.29896
430.80743,160.22448 435.3532,162.58137 440.97032,152.91806
438.8336,163.58648 430.75,158.88158 425.1289,157.45565
414.95464,151.86984 424.74489,164.0 424.74489,164.0
424.74489,164.0 424.74489,164.0 424.74489,164.0
;
408.58615,144.66667 408.58615,144.66667 421.13841,136.96322
403.87828,138.15167 408.58615,144.66667 408.58615,144.66667
408.58615,144.66667 408.58615,144.66667 408.58615,144.66667
;
