427.0,480.0 427.0,480.0 284.66667,480.0
142.33333,480.0 0.0,480.0 0.0,320.0
0.0,160.0 0.0,0.0 284.66667,0.0
569.33333,0.0 854.0,0.0 854.0,160.0
854.0,320.0 854.0,480.0 711.66667,480.0
569.33333,480.0 427.0,480.0 427.0,480.0
427.0,480.0 427.0,480.0 427.0,480.0
;
339.30902,478.99755 339.30902,478.99755 341.46389,472.64459
340.38174,458.89889 333.15908,453.94968 315.4752,444.67518
303.98604,425.66119 304.32083,405.6373 300.99465,390.6813
308.26001,375.83187 307.10311,360.55876 311.18115,349.7297
295.89568,348.15165 296.72556,335.62353 297.0156,321.60974
286.1488,321.24265 280.22296,310.38401 272.17436,296.95435
266.22958,279.92215 276.76292,265.97452 284.1508,250.77491
287.70906,233.05836 301.59323,221.4715 310.99154,208.81431
318.00215,193.28903 333.9561,187.37131 344.39794,184.8323
349.11602,177.09038 348.79935,166.5 344.12303,140.87307
353.77032,115.83263 362.00456,92.030096 371.18032,69.197771
407.41303,67.508219 418.28061,89.420675 434.13583,116.30667
426.02862,149.00682 433.49532,177.6332 439.52006,185.16144
460.39401,194.89705 458.59599,191.39846 467.3645,191.91611
465.17646,198.7363 469.31366,198.08592 473.36635,209.90815
468.93382,223.46928 474.84532,235.34945 485.43967,262.54432
491.82679,292.23593 486.75695,321.19806 478.96227,332.00408
487.66271,340.97041 488.84715,351.81323 484.52139,360.50012
491.40014,371.21782 487.08944,377.95217 479.47334,382.15892
482.822,397.39658 470.49056,389.99757 457.15519,382.06593
457.33706,396.78843 458.07253,406.3924 456.21582,417.31424
452.96278,430.70969 451.86409,440.0 451.67619,432.49781
449.39678,420.24005 451.90319,410.92057 449.68173,398.23827
454.15748,392.33036 448.52671,384.18557 444.40962,371.41851
451.45951,358.73631 447.08132,346.18632 445.81992,323.38214
452.85403,301.59819 453.27479,278.95734 446.28622,285.61597
449.88534,300.80662 445.87613,310.71345 445.88773,316.1025
443.9036,343.4559 443.82515,326.68059 443.31344,316.81491
438.71436,322.46027 440.81327,308.33567 437.99687,307.09297
438.94136,302.06502 442.44638,288.81637 444.63512,280.68098
445.69952,267.02402 440.24039,265.17851 438.91564,257.87792
435.98985,270.16996 434.80254,255.21987 426.25978,259.10425
427.7749,274.02998 418.92583,272.5 421.19675,263.00363
417.36757,263.58595 415.02819,272.4503 413.64773,267.93992
421.77616,254.57453 418.50091,245.50003 412.43949,238.78994
407.37521,220.37357 414.25245,237.04329 420.06153,241.29126
414.39767,231.96232 412.37625,225.32429 407.77822,211.03535
414.26472,221.55743 416.06606,229.98102 421.75516,239.98708
410.51589,214.8418 413.3989,209.64883 414.20501,198.79549
405.41788,221.1876 409.08791,206.44618 408.51007,199.20101
407.11714,189.12956 410.01815,179.50003 414.1779,162.10329
405.4654,187.44637 404.74541,193.15363 406.06004,206.53234
401.43085,210.36744 391.91997,199.11321 379.86909,196.23991
388.94032,183.98228 385.52597,175.66287 378.33254,158.43639
381.50565,171.62784 383.95278,181.93979 386.01545,194.2161
379.80787,194.30958 375.88409,186.00003 371.54785,197.81465
379.28282,213.41645 382.87317,225.94309 384.07266,233.53749
376.60027,219.95968 380.24485,233.37413 381.25303,243.41587
380.09119,238.08521 384.00074,245.37421 377.07269,236.64606
376.42574,238.83332 373.67644,234.25003 363.20428,233.28709
386.57173,244.58202 385.74786,252.95168 389.36634,263.85046
385.54857,270.64237 390.28809,279.85346 392.77137,312.44253
388.29465,344.78865 380.72658,376.44295 382.55174,384.86373
370.92841,404.25677 382.08603,405.48974 401.78008,407.17052
421.99764,403.57152 438.55785,392.4898 449.62064,379.54054
446.08908,401.3584 449.3448,408.88489 445.0826,420.12662
450.50848,431.80797 443.59026,442.3709 439.36684,454.63568
437.60715,466.79434 433.78679,479.00004 441.41858,475.91367
439.14094,463.28977 442.63842,455.62215 445.99793,438.15844
445.50437,450.75274 453.00077,446.69006 451.55171,460.78084
457.8388,437.18452 455.78071,429.63952 458.39727,417.68888
460.82531,440.61427 469.50077,431.87737 482.021,423.41392
482.67084,406.41831 481.89191,393.61586 481.99321,383.19754
496.45635,379.09274 490.95368,368.29692 489.05095,357.68689
495.06878,344.21428 486.00003,335.34255 488.78763,324.75726
492.1839,314.29023 490.46644,302.86634 493.55512,276.53194
482.90893,252.04916 475.74886,227.36194 470.67497,215.91177
478.10493,202.96217 469.77053,192.8026 459.59738,185.69267
445.45175,184.18935 436.21462,175.50003 434.3007,157.5895
432.31529,139.50699 433.9247,121.50003 430.9563,134.81819
431.62396,107.23453 428.24705,101.77046 421.87092,91.297894
417.7658,81.260368 428.0768,97.539932 433.11764,101.43376
420.63849,81.095228 414.13387,78.624109 399.40183,64.787899
373.14717,68.243454 361.61206,85.450247 351.49567,101.37607
351.83984,121.67207 342.93188,138.50003 343.54668,152.97375
351.31195,172.10369 337.34652,182.33498 318.24789,187.09924
309.25723,206.11464 298.54408,220.69137 283.14533,233.02104
281.0359,253.8043 271.39101,269.19492 262.16883,288.14796
274.47916,308.13905 286.04456,322.97308 296.27504,324.82256
292.38197,340.59937 298.27264,347.87551 308.35079,354.42988
303.81182,364.24215 303.45342,376.30725 299.49463,393.88504
300.97525,412.10436 305.71739,429.50003 313.02358,440.52691
321.06633,452.0344 333.76589,457.19036 338.61385,464.44914
335.05379,473.70264 339.30922,478.99803 339.30922,478.99803
339.30902,478.99755 339.30902,478.99755 339.30902,478.99755
;
466.45944,430.0 466.45944,430.0 472.61389,425.78976
473.26225,413.62124 471.09801,404.69842 466.94373,394.15637
464.14592,425.60124 459.91911,413.15116 464.47087,406.41008
457.79299,385.93333 471.5,392.97513 484.97883,393.86499
479.05357,412.0801 475.91755,420.63411 474.94297,425.24119
470.29578,428.2594 466.45944,430.0 466.45944,430.0
466.45944,430.0 466.45944,430.0 466.45944,430.0
;
467.19243,424.93127 467.19243,424.93127 455.46215,428.43189
467.50328,418.3409 467.90401,413.55932 469.21192,413.16906
469.96712,423.45197 467.19243,424.93127 467.19243,424.93127
467.19243,424.93127 467.19243,424.93127 467.19243,424.93127
;
402.72568,403.0 402.72568,403.0 392.51499,401.45679
380.66022,404.45923 385.06329,388.9941 381.63871,378.59658
386.54005,375.86535 384.74377,371.77638 388.68422,363.73588
388.69712,353.93027 391.86744,346.84509 390.54926,328.5292
396.0902,310.36567 392.74396,292.02265 394.60585,284.87178
401.49649,266.38174 404.46003,276.42349 394.0172,283.8634
413.60554,288.58653 418.93124,283.07932 424.76147,282.27901
437.52711,272.6152 433.95977,287.79035 433.76047,298.92974
433.79035,310.23306 430.0677,320.40363 429.79444,318.39207
442.21436,321.84172 435.06561,332.22806 418.19167,349.02208
435.61249,327.59248 436.88156,342.49998 443.28563,351.75917
435.52562,364.06719 441.10491,364.88428 443.22837,372.82652
440.23865,387.38085 439.69106,383.309 448.91991,380.37244
434.6176,392.25602 433.75793,392.46071 425.75957,395.15523
426.98761,394.46951 420.31606,397.98263 413.22609,398.89674
402.07302,404.47178 403.15881,402.99998 403.15881,402.99998
402.72576,402.99998 402.72576,402.99998 402.72576,402.99998
402.72568,403.0 402.72568,403.0 402.72568,403.0
;
440.13167,343.0 440.13167,343.0 433.87119,330.73906
444.49922,330.14602 440.13167,343.0 440.13167,343.0
440.13167,343.0 440.13167,343.0 440.13167,343.0
;
446.13802,337.5 446.13802,337.5 441.87071,343.3869
446.50533,331.13719 446.29913,323.33268 446.00209,312.78212
447.97585,335.72447 446.13802,337.5 446.13802,337.5
446.13802,337.5 446.13802,337.5 446.13802,337.5
;
437.04145,291.89041 437.04145,291.89041 435.51926,289.04911
433.99312,271.90415 438.75724,273.94974 440.44132,279.82585
438.92976,286.32253 437.04145,291.89041 437.04145,291.89041
437.04145,291.89041 437.04145,291.89041 437.04145,291.89041
;
394.65547,282.0 394.65547,282.0 390.32901,275.60692
396.41028,262.56488 394.87692,260.16675 396.7175,267.57859
395.57289,275.16374 394.65547,282.0 394.65547,282.0
394.65547,282.0 394.65547,282.0 394.65547,282.0
;
402.71862,271.9682 402.71862,271.9682 393.37454,270.09939
400.02526,252.76159 393.44155,245.28917 388.67878,234.82781
396.47718,241.00747 388.07302,230.1432 385.65023,224.55917
382.33808,213.36225 383.14027,211.806 387.97269,219.02785
381.13269,199.53294 381.77472,200.97633 388.15383,191.7475
402.136,217.30755 400.86537,210.42587 406.69087,208.32218
399.20517,222.48194 405.5352,231.5 415.37379,246.13072
396.88314,226.40128 402.53994,235.4235 411.04622,248.27634
402.11149,238.82934 413.30899,241.69098 412.51402,249.44259
417.25956,265.59166 406.49997,271.93639 406.49997,271.93639
404.54074,271.95289 404.54074,271.95289 404.54074,271.95289
402.71859,271.96819 402.71859,271.96819 402.71859,271.96819
402.71862,271.9682 402.71862,271.9682 402.71862,271.9682
;
393.41882,217.0 393.41882,217.0 391.42757,205.95902
384.55973,200.81368 391.53191,214.75 392.81384,214.24291
392.23644,217.31542 393.41882,217.0 393.41882,217.0
393.41882,217.0 393.41882,217.0 393.41882,217.0
;
385.98095,479.0 385.98095,479.0 392.2475,464.87837
386.2405,471.69167 392.5,479.0 390.75982,469.73437
396.80274,456.80653 391.5494,450.0 388.06659,457.45202
385.70111,469.50839 385.0001,479.0 385.0001,479.0
385.98105,479.0 385.98105,479.0 385.98105,479.0
385.98095,479.0 385.98095,479.0 385.98095,479.0
;
364.10339,464.0 364.10339,464.0 377.24963,451.30355
348.9462,455.55313 364.10339,464.0 364.10339,464.0
364.10339,464.0 364.10339,464.0 364.10339,464.0
;
309.89581,400.0 309.89581,400.0 321.09256,390.77202
315.67452,392.26613 322.40634,384.5 323.1692,377.85847
314.39684,388.18935 317.18237,387.66383 316.74027,393.06382
299.22423,394.37608 309.89581,400.0 309.89581,400.0
309.89581,400.0 309.89581,400.0 309.89581,400.0
;
366.65799,281.86888 366.65799,281.86888 371.32819,267.35846
357.54178,280.66822 366.65799,281.86888 366.65799,281.86888
366.65799,281.86888 366.65799,281.86888 366.65799,281.86888
;
451.61179,277.40148 451.61179,277.40148 450.96663,260.00011
444.40702,273.91174 451.1579,278.5 451.1579,278.5
451.6118,277.40148 451.6118,277.40148 451.6118,277.40148
451.61179,277.40148 451.61179,277.40148 451.61179,277.40148
;
453.64911,263.49105 453.64911,263.49105 455.48286,251.65763
463.33416,243.48848 468.06974,233.60869 462.44289,236.37384
453.01013,247.22236 452.68237,257.25562 450.74203,258.48159
451.42636,272.07369 453.64911,263.49105 453.64911,263.49105
453.64911,263.49105 453.64911,263.49105 453.64911,263.49105
;
424.43873,263.0 424.43873,263.0 431.7104,254.48036
421.41941,243.94854 423.0,261.0244 423.88676,261.27575
421.69568,264.60494 424.43873,263.0 424.43873,263.0
424.43873,263.0 424.43873,263.0 424.43873,263.0
;
467.39301,230.0 467.39301,230.0 476.46065,224.43872
460.41233,223.08624 467.39301,230.0 467.39301,230.0
467.39301,230.0 467.39301,230.0 467.39301,230.0
;
379.23975,223.53608 379.23975,223.53608 379.43973,206.42312
369.28484,211.14666 378.37831,225.07539 378.37831,225.07539
379.23975,223.53608 379.23975,223.53608 379.23975,223.53608
;
403.0796,190.5 403.0796,190.5 406.29859,178.52826
409.71168,164.26986 421.05808,156.80655 429.15576,142.5465
427.04525,124.67358 424.93364,109.2988 420.98657,108.14719
418.50187,92.991867 410.72265,85.835388 397.12824,79.787075
393.68043,99.033636 387.0,107.07032 383.61328,115.36531
380.36713,121.0025 373.00991,128.98441 364.72993,142.83017
375.5313,159.05262 386.17254,168.5 379.09448,160.25385
390.47303,160.22407 380.0531,152.0 372.46223,144.08757
376.77089,130.00768 383.26577,122.0 400.08951,117.45476
374.32407,129.52538 391.18358,123.36905 397.79335,115.33749
377.57336,112.44129 397.00001,113.0 389.09674,109.42327
397.14177,96.499767 399.70162,93.75557 405.88898,87.645694
415.6623,95.491256 418.00001,104.92032 415.3118,103.19515
397.11164,108.16066 404.50001,110.98865 415.82126,108.32769
426.55547,112.97534 423.44162,126.33699 424.90978,140.10117
422.81794,156.87437 407.78739,162.16127 399.23778,164.27753
378.8624,152.19447 395.68744,163.08482 402.89612,163.8709
414.67713,165.81269 406.91615,167.5 401.89672,175.71856
401.18303,184.47063 401.21163,194.5 401.83431,193.1667
402.4569,191.83327 403.0796,190.5 403.0796,190.5
403.0796,190.5 403.0796,190.5 403.0796,190.5
;
402.0,153.87789 402.0,153.87789 419.06957,150.6405
395.7187,155.53952 397.07989,147.95063 404.33429,144.32228
413.58866,152.07865 414.59868,144.31091 412.9985,134.61424
388.79529,143.96744 399.42876,141.22485 419.34069,139.11183
391.18043,147.28069 394.76257,140.23961 393.02657,133.60181
387.34598,156.54739 401.45789,153.85734 401.45789,153.85734
402.0,153.8779 402.0,153.8779 402.0,153.8779
402.0,153.87789 402.0,153.87789 402.0,153.87789
;
394.18146,136.0 394.18146,136.0 392.6583,129.84183
399.55232,135.06626 405.8816,134.73397 408.43508,128.82858
391.48642,133.42124 394.26667,127.85729 391.08346,128.10193
389.12576,137.50528 394.18147,136.0 394.18147,136.0
394.18146,136.0 394.18146,136.0 394.18146,136.0
;
412.42431,122.98469 412.42431,122.98469 418.18404,120.05812
408.1546,121.06124 421.0,117.0407 421.77898,109.02262
399.54794,113.2239 408.17431,120.68556 409.60738,121.55209
410.06908,124.26224 412.42431,122.98469 412.42431,122.98469
412.42431,122.98469 412.42431,122.98469 412.42431,122.98469
;
376.18748,117.25868 376.18748,117.25868 387.16699,110.28024
376.24408,110.95304 376.18748,117.25868 376.18748,117.25868
376.18748,117.25868 376.18748,117.25868 376.18748,117.25868
;
386.88015,100.54708 386.88015,100.54708 396.18665,94.679057
388.98368,86.80162 386.88015,100.54708 386.88015,100.54708
386.88015,100.54708 386.88015,100.54708 386.88015,100.54708
;
