427.0,480.0 427.0,480.0 284.66667,480.0
142.33333,480.0 0.0,480.0 0.0,320.0
0.0,160.0 0.0,0.0 284.66667,0.0
569.33333,0.0 854.0,0.0 854.0,160.0
854.0,320.0 854.0,480.0 711.66667,480.0
569.33333,480.0 427.0,480.0 427.0,480.0
427.0,480.0 427.0,480.0 427.0,480.0
;
9.688708,479.0 9.688708,479.0 10.49625,471.33932
-4.0301294,460.7258 16.227171,465.059 28.341698,463.71089
-9.8067596,457.9707 3.406862,469.87376 6.7855707,471.8044
6.0614937,478.71557 9.688708,479.0 9.688708,479.0
9.688708,479.0 9.688708,479.0 9.688708,479.0
;
24.625,479.0 24.625,479.0 26.953048,470.64388
23.370197,455.38584 23.074126,475.25 23.76989,476.32469
21.411564,480.3937 24.625,479.0 24.625,479.0
24.625,479.0 24.625,479.0 24.625,479.0
;
33.0,479.0 33.0,479.0 33.897784,475.784
40.672402,479.0535 35.5,466.09579 29.204264,456.76921
32.763756,443.40952 30.36486,432.5 26.811438,446.05786
33.041418,461.02635 31.792069,475.25 32.708414,475.95703
30.564373,479.89883 33.0,479.0 33.0,479.0
33.0,479.0 33.0,479.0 33.0,479.0
;
54.767957,476.5 54.767957,476.5 54.940387,464.91804
52.479407,446.87325 53.023447,468.48727 53.141107,469.98312
54.633865,484.79306 54.767957,476.5 54.767957,476.5
54.767957,476.5 54.767957,476.5 54.767957,476.5
;
387.66758,479.0 387.66758,479.0 389.7716,473.67942
388.66287,459.53458 379.5,456.69243 362.59408,441.49919
360.12881,416.0443 361.0394,394.5 364.67173,382.68953
362.70008,370.26721 365.95818,358.5 358.86215,353.53814
360.47996,342.43379 359.36327,334.12434 358.09725,325.10011
346.62897,320.77686 345.07694,309.54205 341.45154,299.97223
335.94767,291.09665 343.52208,281.03289 346.77553,267.19694
349.09996,251.92727 360.99975,242.58848 365.06041,230.45796
373.62251,217.87693 383.73193,209.47346 392.32941,204.44938
407.09721,203.44909 403.61344,189.75538 403.22079,164.20356
407.343,139.48488 419.14183,116.80117 426.62536,105.43826
439.58637,100.34513 452.75368,103.8824 472.5206,106.98216
477.48808,131.08948 482.10636,147.5 484.34471,166.44122
479.68832,187.75962 492.34666,203.87025 499.78031,205.96708
509.06831,213.14837 513.88221,214.57264 525.4705,215.57809
522.4268,228.60694 525.14112,237.51634 536.40337,269.03175
543.16533,302.20359 541.32471,335.77058 544.14487,346.32923
530.43766,354.17252 538.11849,364.58783 545.9635,375.89602
528.49988,386.56518 537.88916,397.24554 539.62576,404.55048
530.86242,418.43657 523.90942,418.37646 514.5067,418.79901
500.74957,405.48118 503.00438,423.79216 503.01038,433.10905
494.53492,449.14849 508.27214,448.07315 509.6331,457.48357
502.47967,471.5492 499.99822,458.89416 499.2273,448.3104
496.53851,437.91672 497.15052,427.50708 489.51665,415.92764
504.30152,414.60922 493.19051,409.58733 488.47112,394.8638
491.31363,379.18966 486.98788,364.54947 488.02099,350.88105
483.16762,337.29253 489.11974,323.9676 488.99633,314.00923
498.08928,305.48787 492.8987,297.69098 488.97658,300.32618
493.22949,295.57612 496.13177,286.65738 495.08332,287.68722
482.39653,294.94905 489.99993,301.73658 489.92233,306.82998
481.66061,343.16228 483.27602,331.57321 480.72068,316.27868
485.09103,300.65249 483.99994,285.17697 474.04054,290.34461
468.12294,298.41612 476.80691,283.10084 475.64999,270.33515
466.58281,289.46202 463.96976,293.90062 464.25921,288.5861
452.78508,295.45003 453.04931,295.32712 456.18289,285.40251
450.66398,294.30921 457.26089,284.18699 461.95628,277.8317
464.00505,262.51322 460.71661,258.75623 460.45806,249.13672
460.47581,235.79315 460.00046,233.11803 457.14225,223.21827
468.36401,234.29719 458.69003,223.40925 457.29893,234.7512
456.60481,217.28929 458.86614,211.0 452.82454,226.19107
455.54617,212.59774 456.48723,205.36653 455.11492,198.67952
461.89292,184.52114 468.36992,177.38273 476.45221,160.61143
470.84375,139.77347 462.99958,123.96659 462.50309,111.8238
450.37077,108.58034 441.14993,113.75 433.79138,122.76426
426.89444,134.03929 423.36411,144.28596 418.18027,149.55164
414.29482,160.36927 419.96102,168.93473 421.3256,179.79578
433.65553,185.09327 431.637,196.53961 436.73181,204.77874
434.6158,215.68947 430.99954,210.44501 421.11229,197.13944
426.42633,223.14302 426.067,229.48612 431.05,245.99037
433.66784,263.28772 434.66077,280.21364 424.63744,286.41311
437.07684,288.40632 433.20794,298.03987 435.45033,303.84867
431.79235,319.02252 432.27446,328.73753 428.85942,356.77611
417.03557,384.71076 415.82672,412.22672 428.68998,415.16114
443.07753,418.8161 456.5,415.23836 460.44422,415.27416
474.65978,411.36272 481.61068,407.04693 494.33438,396.28829
488.65467,421.73213 494.27559,428.5 493.11452,445.56929
499.47077,462.22235 494.76662,479.24446 503.24597,472.08491
497.01881,471.23727 505.49178,469.2748 509.91803,458.69203
510.59438,449.07471 521.27025,444.4841 532.02325,438.85915
528.44,426.18553 532.59506,418.13312 534.10202,410.24456
548.10292,402.78191 539.10961,393.2547 534.74563,383.73876
548.52237,374.82534 541.16808,364.71967 533.99784,353.62041
547.96081,344.23232 544.0,332.45374 546.54655,297.14579
536.89378,262.67536 525.80254,229.5 530.33093,218.89981
521.50594,213.64842 513.0,210.5 504.51831,206.48449
502.56683,204.94152 493.42337,199.86966 482.1562,180.24848
489.41524,156.42712 482.53023,135.34097 476.83732,119.63548
467.65593,96.393563 447.0,99.656214 423.6639,96.456376
410.61418,120.97499 406.68174,140.5 397.32021,156.05314
400.13877,174.32818 400.4239,191.34952 402.36975,203.6876
386.86763,200.78075 381.10315,208.18126 370.24749,215.16535
365.40651,228.20067 359.0,238.30232 352.29178,247.45602
344.88304,257.43308 343.18187,269.64077 343.14777,279.54028
334.16076,289.36492 337.32208,298.37657 343.78564,308.2739
344.27929,323.93179 354.88505,330.0 357.99053,335.68536
356.83147,347.84147 359.0,356.0 365.92458,362.01961
358.89359,373.17439 360.63177,381.74845 354.77946,406.06764
358.04657,434.3561 373.06584,454.56112 381.24756,460.46697
388.00701,467.15589 386.13805,478.20927 386.13805,478.20927
386.13374,479.0 386.13374,479.0 386.13374,479.0
387.66755,479.0 387.66755,479.0 387.66755,479.0
387.66758,479.0 387.66758,479.0 387.66758,479.0
;
513.68783,447.93956 513.68783,447.93956 500.47751,441.17551
518.71307,445.21815 514.6498,432.40347 511.9384,416.81506
506.4403,453.27955 503.5463,438.57057 506.2333,429.69091
503.3202,409.81292 517.39652,420.20115 528.41578,418.95857
530.9928,428.43593 525.19308,436.47557 521.23302,439.77774
518.2988,446.30117 513.68783,447.93956 513.68783,447.93956
513.68783,447.93956 513.68783,447.93956 513.68783,447.93956
;
445.23694,413.50847 445.23694,413.50847 429.73643,413.98959
437.43443,410.32856 425.46162,411.44348 415.54604,406.71881
429.26098,410.59534 420.46284,403.08116 422.13157,379.76166
422.22559,409.86525 425.23753,403.44382 425.28153,393.15959
419.27221,388.876 425.5,383.03063 446.11008,379.269
419.07169,386.48931 428.0,376.75459 425.45689,371.75046
434.01274,360.64898 432.55225,353.00956 429.9453,340.11975
440.39876,327.79174 436.45984,314.92361 439.51471,308.1467
435.9956,294.18938 443.12781,292.0 444.36138,294.37373
444.53342,305.83396 457.81663,301.28244 465.61981,306.33001
484.05536,284.89301 477.90131,295.23978 468.68069,304.80029
476.36791,318.31073 475.09209,328.76037 465.32397,339.96447
475.3006,332.81897 477.0708,339.5 481.09152,326.86258
481.43434,354.81109 471.10728,352.07806 465.84921,353.86665
443.11588,369.29844 452.19308,365.08572 459.48327,361.32351
472.30072,347.79061 478.53503,354.7183 486.27838,365.72412
471.72737,372.9933 481.47965,372.67561 482.19933,383.80848
488.17825,383.37974 479.99993,393.31319 485.91281,388.24908
490.74068,404.2061 480.43031,404.57606 471.89821,408.92374
467.62753,410.04466 460.10337,409.79379 460.20097,414.29904
448.75214,412.8504 445.23694,413.50847 445.23694,413.50847
445.23694,413.50847 445.23694,413.50847 445.23694,413.50847
;
484.04542,359.5 484.04542,359.5 481.04939,374.91
483.24207,337.78126 484.04542,359.5 484.04542,359.5
484.04542,359.5 484.04542,359.5 484.04542,359.5
;
478.5177,321.93383 478.5177,321.93383 474.06762,324.73275
474.82334,305.18665 476.84112,299.29647 485.22014,285.5935
478.71929,313.1699 479.78392,319.5 479.78392,319.5
478.87964,321.23814 478.87964,321.23814 478.87964,321.23814
478.5177,321.93383 478.5177,321.93383 478.5177,321.93383
;
450.3609,287.53538 450.3609,287.53538 436.33664,298.86835
441.13296,275.28015 438.35931,266.81146 435.01756,255.56856
440.39068,251.35358 434.63022,250.57552 434.99421,244.78781
427.27799,226.48015 433.18678,231.58946 431.37021,227.06369
433.99592,225.57016 440.48603,238.04743 448.89031,245.16218
431.72528,222.57243 434.82931,218.65814 440.48619,225.30332
451.58624,230.65208 452.59685,236.25 450.94804,247.18654
450.17207,254.97371 456.93639,258.5 452.00156,266.06557
459.91655,259.55014 457.2188,272.28219 456.88461,277.82584
454.40237,283.69519 450.3609,287.53538 450.3609,287.53538
450.3609,287.53538 450.3609,287.53538 450.3609,287.53538
;
459.6646,253.66873 459.6646,253.66873 455.56682,250.28512
455.55077,224.10726 456.65225,231.40158 456.82086,238.90887
458.7533,246.6872 459.6646,253.66873 459.6646,253.66873
459.6646,253.66873 459.6646,253.66873 459.6646,253.66873
;
450.87756,229.0 450.87756,229.0 448.01456,225.66214
433.84871,218.39194 436.70261,209.00721 438.41519,199.52773
428.58786,185.11857 444.5346,188.97034 459.41499,185.47366
460.14283,185.81191 452.58856,199.41392 446.83438,208.90099
458.87169,222.58266 450.87756,229.0 450.87756,229.0
450.87756,229.0 450.87756,229.0 450.87756,229.0
;
431.26771,219.0 431.26771,219.0 427.09776,217.20187
427.06792,204.59328 431.21581,216.25 429.74251,215.9257
432.98142,219.52448 431.26771,219.0 431.26771,219.0
431.26771,219.0 431.26771,219.0 431.26771,219.0
;
446.1411,186.60886 446.1411,186.60886 436.18434,187.12246
426.86005,179.02058 423.92248,170.14146 421.43351,163.22163
420.53758,147.67752 430.38226,148.00006 422.11567,158.70482
444.37833,139.18923 426.75891,142.00005 441.07914,138.36695
428.57347,135.44493 438.49124,126.41867 442.72349,115.32794
457.40034,113.93335 459.72958,126.25005 468.99272,142.60947
454.57458,123.23009 444.50015,132.25409 439.42327,142.57669
463.80774,128.19568 465.50015,140.51741 469.17012,151.28472
468.07206,164.52946 464.75381,175.50005 460.08948,180.68717
453.4022,186.72718 446.1411,186.60886 446.1411,186.60886
446.1411,186.60886 446.1411,186.60886 446.1411,186.60886
;
442.20225,179.98469 442.20225,179.98469 456.9557,178.936
422.8571,176.633 446.59681,172.38922 461.42182,178.22106
443.5622,157.42641 443.55887,164.4682 438.77339,169.81815
440.62804,163.58173 435.06295,165.10184 430.52683,164.27453
434.56197,182.93756 442.20225,179.98469 442.20225,179.98469
442.20225,179.98469 442.20225,179.98469 442.20225,179.98469
;
437.62244,160.0 437.62244,160.0 441.3903,157.83416
453.0911,153.74723 437.70664,156.11832 431.21924,155.81299
434.47709,159.35251 437.62244,160.0 437.62244,160.0
437.62244,160.0 437.62244,160.0 437.62244,160.0
;
451.40499,146.98469 451.40499,146.98469 456.98209,142.9878
444.37875,144.56412 462.24519,142.15478 464.90787,135.5075
445.56852,135.38562 445.8197,143.14333 447.65863,144.4014
448.53188,148.1288 451.40499,146.98469 451.40499,146.98469
451.40499,146.98469 451.40499,146.98469 451.40499,146.98469
;
434.82839,478.79645 434.82839,478.79645 438.17257,471.25883
438.52203,458.2767 440.69101,448.60524 442.66527,436.47117
444.55064,459.33266 445.53172,463.39232 446.92343,478.49946
453.20045,483.37705 448.85588,465.70119 447.12336,455.03927
444.82959,445.08082 443.88051,434.19452 435.76772,438.57255
439.36496,454.25508 435.70429,463.19104 436.15036,467.39961
431.44284,478.09448 434.82839,478.79645 434.82839,478.79645
434.82839,478.79645 434.82839,478.79645 434.82839,478.79645
;
401.84237,469.0 401.84237,469.0 406.45347,459.1571
397.03807,463.69104 400.75511,469.0 400.75511,469.0
401.84237,469.0 401.84237,469.0 401.84237,469.0
;
24.597801,445.0 24.597801,445.0 26.754341,435.9288
19.838549,421.22649 28.285558,415.40302 31.838812,411.38667
21.477637,425.46411 35.797679,411.61934 45.973938,402.67052
47.8905,395.56782 48.754369,412.31209 48.540045,400.92673
54.434508,388.66698 48.808849,376.80803 43.403431,367.24831
38.230658,361.4233 52.175556,357.53319 69.419576,350.83323
37.847855,350.3368 55.209211,353.06005 57.646834,352.94842
36.484966,364.62917 37.795613,360.38789 44.710734,373.75748
31.287881,362.76258 21.586437,371.50392 14.991317,372.28164
-8.9628176,384.59447 6.107591,381.45773 17.77312,376.75681
29.531406,368.48917 42.5,370.5 50.573979,383.21252
48.384989,400.42586 34.594739,408.15672 23.930661,421.36532
21.105454,415.50638 21.77555,401.14534 21.211525,390.58931
25.324107,369.29323 10.590382,383.34697 -6.7053354,391.1693
6.75454,388.72668 15.935651,381.89543 18.340188,394.39361
18.781881,407.24773 20.0,419.90599 6.5826844,427.27094
1.3156718,410.846 3.0654784,400.29317 1.0164637,381.82055
1.5553479,410.33798 1.635154,416.51354 7.9352892,424.06326
3.6737253,420.06229 15.45925,423.47048 26.035172,421.15905
19.909337,421.82284 23.849241,436.49998 24.634875,438.54757
22.772063,444.10031 24.597801,445.0 24.597801,445.0
24.597801,445.0 24.597801,445.0 24.597801,445.0
;
364.35398,401.0 364.35398,401.0 384.76281,389.17616
356.493,390.67517 364.35398,401.0 364.35398,401.0
364.35398,401.0 364.35398,401.0 364.35398,401.0
;
52.38265,393.0 52.38265,393.0 59.643458,382.29428
57.448933,377.79118 52.0,391.69298 52.274781,391.98142
51.48388,393.33555 52.38265,393.0 52.38265,393.0
52.38265,393.0 52.38265,393.0 52.38265,393.0
;
64.5,369.70603 64.5,369.70603 72.276239,360.62576
63.308523,347.18793 66.053088,362.63666 62.726611,367.98992
58.111255,382.54445 64.5,369.70603 64.5,369.70603
64.5,369.70603 64.5,369.70603 64.5,369.70603
;
29.127555,359.884 29.127555,359.884 41.277184,353.40695
18.185994,355.39464 12.70388,351.28601 0.63540105,346.05886
-3.9739105,354.29555 8.6872918,356.20208 15.509776,357.28588
22.236886,359.42878 29.127555,359.884 29.127555,359.884
29.127555,359.884 29.127555,359.884 29.127555,359.884
;
45.684769,356.73386 45.684769,356.73386 48.438702,351.51889
43.254299,336.65084 43.862918,327.54611 40.760457,312.97919
45.913282,297.54576 44.146651,283.61032 36.358935,283.36534
35.20444,256.79095 39.573619,266.75 47.039825,272.97346
55.833657,269.21215 51.971922,284.43701 55.276064,303.06954
53.862926,275.79924 55.376247,270.0 57.948652,267.75389
34.188444,271.68989 43.368054,262.07255 48.010979,258.1452
67.09527,252.5202 53.228579,253.8929 50.119235,242.90122
56.051711,230.82079 49.910237,220.5 52.824113,232.77484
49.583004,245.32698 49.956647,257.7478 40.131273,262.51974
30.719629,260.06159 34.0,272.50532 33.568884,282.50367
23.062412,276.77116 16.881966,277.0 18.581029,274.54471
-10.126886,275.74952 11.647244,271.15699 20.69099,270.71778
38.746948,270.83974 32.275103,266.33957 28.310297,271.35008
13.894905,264.17148 6.2123858,270.29096 -5.5191456,275.27379
7.0507817,287.04709 0.72317922,297.28912 4.5360473,295.75178
-3.9528307,315.39532 11.331746,310.35718 23.082598,314.91103
20.843763,311.29876 27.039761,312.87342 37.05339,315.2259
35.230928,313.58758 32.191194,326.25 33.116467,338.87096
38.894288,304.35857 36.713682,324.78077 37.219831,331.76865
32.764637,359.14466 35.950213,351.5485 35.959113,340.23373
39.430622,329.27361 38.997785,319.5 41.931653,327.78189
43.395501,342.86758 39.137021,336.18746 38.377357,334.83619
34.206667,364.59817 38.242859,353.14067 49.668629,349.87117
39.056416,360.10267 45.684769,356.73386 45.684769,356.73386
45.684769,356.73386 45.684769,356.73386 45.684769,356.73386
;
26.468197,306.44113 26.468197,306.44113 22.276438,308.81774
36.492253,293.4997 29.889443,306.61623 25.738333,309.70172
29.990447,300.72103 26.468197,306.44113 26.468197,306.44113
26.468197,306.44113 26.468197,306.44113 26.468197,306.44113
;
18.133961,296.81749 18.133961,296.81749 8.6130002,292.68178
23.525795,289.41005 19.0,290.88197 18.605107,292.81878
19.831598,295.26737 18.133961,296.81749 18.133961,296.81749
18.133961,296.81749 18.133961,296.81749 18.133961,296.81749
;
31.278824,294.789 31.278824,294.789 25.180331,294.95029
41.292961,283.81355 35.924965,290.98467 40.058146,289.46882
31.949783,296.71266 31.278824,294.789 31.278824,294.789
31.278824,294.789 31.278824,294.789 31.278824,294.789
;
62.553284,353.78005 62.553284,353.78005 64.098839,334.38032
65.329077,313.30267 62.757637,293.92603 51.685509,285.12144
68.657193,305.00025 62.082769,313.3385 62.436074,326.31705
60.84734,343.09021 62.553284,353.78005 62.553284,353.78005
62.553284,353.78005 62.553284,353.78005 62.553284,353.78005
;
30.730948,352.88037 30.730948,352.88037 39.445009,343.71445
30.132295,351.85739 19.846847,347.43505 12.011075,344.35081
-9.6086488,343.77556 8.6996282,349.00104 16.047997,350.19078
23.324651,352.20458 30.730948,352.88037 30.730948,352.88037
30.730948,352.88037 30.730948,352.88037 30.730948,352.88037
;
16.218615,336.98469 16.218615,336.98469 24.520445,333.69022
17.111502,322.08288 19.213978,328.0 4.1062569,324.05074
9.1542641,328.67654 16.218615,336.98469 16.218615,336.98469
16.218615,336.98469 16.218615,336.98469 16.218615,336.98469
;
4.0351838,322.0 4.0351838,322.0 3.1331815,314.65051
20.68015,326.74945 12.031087,318.30225 11.499827,315.4853
2.1166623,321.44145 2.0,314.5 -0.49369298,312.67002
1.4427154,322.77798 4.0351838,322.0 4.0351838,322.0
4.0351838,322.0 4.0351838,322.0 4.0351838,322.0
;
495.53499,285.59774 495.53499,285.59774 501.34018,279.58446
498.3741,265.24192 511.73754,264.56689 526.94597,253.22255
505.48177,263.39878 515.23433,259.99564 509.50613,263.7187
496.36198,264.24473 496.30391,275.5198 497.36542,278.0496
492.13096,286.76686 495.53499,285.59774 495.53499,285.59774
495.53499,285.59774 495.53499,285.59774 495.53499,285.59774
;
466.28309,283.0 466.28309,283.0 476.5262,269.49729
460.74195,269.4261 466.28309,283.0 466.28309,283.0
466.28309,283.0 466.28309,283.0 466.28309,283.0
;
431.54343,273.0 431.54343,273.0 432.56082,265.69995
431.7308,268.06512 427.16655,258.5486 416.6969,245.27809
416.87837,255.58416 427.27377,263.24947 430.00274,265.51654
429.64953,270.40978 431.54343,273.0 431.54343,273.0
431.54343,273.0 431.54343,273.0 431.54343,273.0
;
3.2637974,267.4681 3.2637974,267.4681 12.237936,261.7709
17.285659,261.63355 28.873306,260.39746 35.340247,260.25451
46.461819,253.91933 35.213281,252.1891 20.831344,260.47595
21.34213,244.68733 21.541368,234.50774 18.435413,231.41273
18.422445,256.55956 25.409221,255.75309 41.666091,256.34472
7.9169897,260.52614 12.458009,258.16082 24.540749,257.12787
13.788121,238.02471 15.701725,229.5 3.4938524,224.68817
2.0667063,229.25167 2.0312332,234.96877 1.1190559,248.83156
16.893759,219.77206 13.0,238.0 -4.1543895,241.61203
3.5205867,247.13684 14.0,243.3592 16.711038,248.85116
-2.463897,244.75455 0.5,252.15789 5.7275894,250.22422
-2.8671613,268.10399 3.2637974,267.4681 3.2637974,267.4681
3.2637974,267.4681 3.2637974,267.4681 3.2637974,267.4681
;
9.2270829,256.0 9.2270829,256.0 4.2066854,255.2616
11.579817,243.89683 15.0,253.74532 15.419337,256.07369
10.716028,256.00967 9.2270829,256.0 9.2270829,256.0
9.2270829,256.0 9.2270829,256.0 9.2270829,256.0
;
516.89301,256.0 516.89301,256.0 527.83976,249.41262
507.7316,249.63918 516.89301,256.0 516.89301,256.0
516.89301,256.0 516.89301,256.0 516.89301,256.0
;
28.75,251.59629 28.75,251.59629 44.134213,251.92528
36.902709,238.77604 27.531385,238.0 18.280747,228.20427
42.866808,221.47692 38.083594,237.51722 41.507566,241.25049
40.171586,219.37707 40.022027,213.15638 28.964271,200.11004
29.367454,224.15625 17.5,219.96937 12.66245,219.21198
32.837498,205.70002 16.595686,204.0 11.067419,206.38412
9.1246961,210.52878 1.0,214.03138 -0.26419428,224.31007
5.6203027,223.52679 18.457813,221.66319 24.310078,221.10497
46.509569,219.33096 32.987324,225.22 18.608839,222.39202
23.130338,236.16927 23.082619,243.69074 23.075819,239.19011
29.140792,248.75406 36.977596,242.99942 37.24596,256.0866
25.745232,243.00442 25.0,250.84995 23.850618,253.92926
27.741703,251.06237 28.75,251.59629 28.75,251.59629
28.75,251.59629 28.75,251.59629 28.75,251.59629
;
14.0,215.96245 14.0,215.96245 2.8401301,212.4923
28.377249,208.3134 14.0,215.96245 14.0,215.96245
14.0,215.96245 14.0,215.96245 14.0,215.96245
;
