427.0,480.0 427.0,480.0 284.66667,480.0
142.33333,480.0 0.0,480.0 0.0,320.0
0.0,160.0 0.0,0.0 284.66667,0.0
569.33333,0.0 854.0,0.0 854.0,160.0
854.0,320.0 854.0,480.0 711.66667,480.0
569.33333,480.0 427.0,480.0 427.0,480.0
427.0,480.0 427.0,480.0 427.0,480.0
;
362.37523,479.0 362.37523,479.0 367.11711,473.25162
363.09343,460.25304 355.46181,455.838 337.25773,436.40801
333.25671,405.54276 343.78409,381.18365 343.37868,367.55629
354.69206,352.14353 343.71029,340.85688 331.29769,322.68888
321.65473,300.26481 329.85642,278.27315 341.13237,253.8949
340.72882,220.24214 367.50008,206.42527 385.21039,201.33494
377.02521,181.23286 378.8065,167.81535 379.66027,150.30436
385.54916,132.78939 392.24263,116.69737 399.46578,99.493033
421.09254,93.122243 436.79934,102.94755 460.36056,125.2804
457.3342,159.8672 459.65252,189.5 464.63506,200.36863
477.54549,204.39495 487.19837,208.37745 492.64367,209.40106
501.90048,218.12261 499.43403,228.04537 502.57958,263.97915
512.40331,300.08617 508.89631,336.21615 504.08821,350.22325
507.98513,364.30365 508.00045,378.57622 504.02386,389.06478
492.31896,392.47408 496.49311,405.65606 496.90798,423.74264
494.19366,441.632 491.87368,459.5 485.91602,455.08855
485.02019,450.20999 482.90249,439.62194 479.92578,430.10122
482.23885,415.17326 474.62486,409.67893 482.68711,407.21291
477.08501,405.88277 473.05352,397.71989 469.05861,384.21432
469.69138,370.03441 466.00046,356.42315 470.30627,348.05233
461.82411,338.98442 466.51177,328.82333 469.14013,317.89954
473.01615,305.3657 474.47996,295.39602 469.84816,285.75711
481.07712,276.71396 480.10154,266.50007 482.86709,257.0907
504.02288,258.01984 497.79651,246.27473 487.55385,244.45428
504.87579,252.17882 488.21345,255.40065 476.33514,265.8365
486.07604,255.78828 477.96797,263.92269 476.30444,274.27762
470.74346,284.77369 467.00004,291.90062 474.78418,298.04193
464.85533,312.6617 464.66481,321.80516 459.88033,333.98898
463.31613,304.91136 463.50971,298.26076 470.71116,282.58082
452.59741,290.0358 457.59237,285.17658 461.08687,270.52616
450.72115,282.74123 449.82562,290.47689 445.35305,280.35074
437.16025,301.6793 437.9124,295.44581 440.20196,292.24228
441.37432,282.0343 445.22351,273.49997 444.43611,267.93168
446.76569,244.79299 443.2271,252.29928 446.2246,244.7053
434.4952,233.86282 440.83929,228.01783 445.05284,228.32479
441.11409,216.03656 436.74903,220.14989 438.03056,211.90931
431.89489,218.35398 438.0912,200.30497 440.5943,185.41322
431.84284,211.07353 432.89705,217.0 434.463,233.80389
420.20988,223.23253 414.65921,216.0 415.96255,209.65172
412.11129,196.98898 412.22096,189.2338 406.41365,174.77142
426.37597,189.36863 434.50004,183.23828 442.29254,182.14961
425.43039,193.75641 429.45011,201.73074 425.44677,208.23623
431.65352,222.44269 431.87974,214.09936 431.46569,202.46073
436.95979,189.33107 443.11902,178.43869 454.82853,169.17179
450.76613,152.48318 450.63741,139.64821 447.44883,128.51646
441.78223,118.40936 436.84663,108.0 423.78864,104.1464
417.22096,115.44182 412.14751,125.35637 406.0268,133.52974
407.44389,140.18892 401.71378,144.17342 391.02068,155.16633
397.30936,172.99915 407.03562,182.2399 407.77698,189.10744
410.08447,193.56016 411.77234,205.99997 411.79734,217.29663
407.07426,204.68822 404.54735,208.18518 401.31708,196.75836
402.86276,221.85557 404.01284,226.49988 409.0372,244.71937
413.33863,263.20283 418.0001,281.11791 415.53826,277.67926
409.86271,255.74722 410.41637,265.28354 415.39208,272.63917
414.23985,282.49823 413.85684,289.14209 417.68866,313.58253
413.58293,339.7843 407.44008,363.99988 403.79437,379.74091
397.14816,396.68211 397.81122,412.211 410.00657,413.95659
424.53586,415.70533 437.0001,412.1611 439.90777,412.46553
457.72261,406.92965 464.48416,400.99207 474.38002,392.61879
471.38674,416.84489 477.00007,422.07492 478.65827,433.7917
478.77491,443.53024 473.33402,454.21827 473.55636,460.89281
463.94476,479.49171 471.48902,478.47463 472.76793,473.14428
476.98768,446.3183 476.89457,459.37702 478.82288,476.81767
478.21247,454.76881 477.69607,447.97056 479.66329,455.07812
480.15009,469.42978 480.13412,448.29141 482.94535,437.2248
479.40063,464.99703 487.3487,466.99989 484.04146,465.25772
499.69172,462.25017 496.30765,449.06522 499.06556,430.86922
499.6179,412.52954 499.82879,394.14943 514.55915,386.10835
510.58797,369.2286 509.60204,355.54118 510.43874,339.68185
515.17664,324.29625 512.21942,308.24333 509.6539,276.74021
504.15337,245.04022 500.38688,214.39022 494.31136,205.36971
481.46958,204.15005 473.58011,198.0869 466.20358,197.00833
460.34693,182.09797 465.47237,189.70089 463.50622,184.86022
461.12738,171.20568 461.41707,162.68018 461.14466,139.82535
456.2256,114.35138 437.98653,99.124713 418.73902,87.730902
392.38173,99.23923 386.51738,120.61641 382.0609,139.53534
370.45324,157.25751 375.30344,177.21607 378.45651,188.89491
374.84718,202.14284 362.02615,205.49448 338.14481,221.98408
337.65348,254.36835 326.77627,279.06212 321.46852,294.70799
324.89306,312.54807 331.01516,326.9499 332.59651,326.50742
338.00951,339.2645 340.84844,342.96809 349.4733,348.55936
343.87876,361.93182 342.03099,371.49989 340.32267,388.48817
331.6294,405.20052 336.33531,422.78999 339.1766,438.64228
346.51439,454.35459 359.99959,463.94333 360.09109,469.60985
361.69702,475.66044 362.37527,479.00001 362.37527,479.00001
362.37523,479.0 362.37523,479.0 362.37523,479.0
;
422.19098,411.96959 422.19098,411.96959 414.49991,408.90509
405.53363,410.7528 401.0,409.13479 403.89692,404.02019
404.6479,405.9932 403.85501,401.58962 403.98881,397.21711
402.93035,379.22498 412.88197,382.00001 406.36803,379.10646
411.03525,379.61667 409.99361,374.49231 409.86496,361.83695
410.38338,370.83136 413.503,365.09873 409.85583,363.9588
415.38958,354.94926 414.27178,345.56882 419.66932,327.29235
415.69993,308.08399 421.5,290.01142 433.7498,288.62724
424.26612,301.51446 437.52322,301.03698 444.94502,298.23556
459.62652,290.43673 452.05469,305.99942 454.66591,316.73745
457.09433,327.65679 448.61001,336.90029 451.41416,332.27654
459.86061,335.00082 459.26414,346.24689 452.60888,355.57638
467.35027,365.94952 460.20899,370.28213 452.75545,369.77557
471.86988,379.20019 462.30415,385.49946 464.90059,389.33448
470.44619,398.31813 456.48402,402.54452 448.31333,407.02392
446.8265,404.4477 439.20992,408.57713 433.06568,411.8804
426.70874,408.73302 422.19098,411.96959 422.19098,411.96959
422.19098,411.96959 422.19098,411.96959 422.19098,411.96959
;
420.5,392.79915 420.5,392.79915 440.32517,390.32711
422.45171,389.24896 420.4593,392.79934 420.4593,392.79934
420.5,392.79952 420.5,392.79952 420.5,392.79952
420.5,392.79915 420.5,392.79915 420.5,392.79915
;
437.5664,379.91262 437.5664,379.91262 447.738,376.93732
464.13155,368.14907 444.64951,375.2074 443.27983,374.37936
434.11034,380.43535 437.5664,379.91262 437.5664,379.91262
437.5664,379.91262 437.5664,379.91262 437.5664,379.91262
;
428.32422,378.38913 428.32422,378.38913 446.14667,376.15245
410.32745,376.9686 427.03556,378.55347 427.03556,378.55347
428.32422,378.38913 428.32422,378.38913 428.32422,378.38913
;
463.57433,357.75901 463.57433,357.75901 459.44015,352.83423
466.13225,330.61606 464.55678,349.80254 464.05436,352.33411
464.64458,355.50284 463.57433,357.75901 463.57433,357.75901
463.57433,357.75901 463.57433,357.75901 463.57433,357.75901
;
457.95,335.0 457.95,335.0 452.50536,327.16646
461.6687,324.78522 460.0,333.5 461.01311,335.69644
459.11542,334.98208 457.95,335.0 457.95,335.0
457.95,335.0 457.95,335.0 457.95,335.0
;
458.26086,316.49835 458.26086,316.49835 452.17024,317.01117
453.17565,297.63505 458.97627,291.94328 462.4154,286.417
459.40716,313.27769 458.26086,316.49835 458.26086,316.49835
458.26086,316.49835 458.26086,316.49835 458.26086,316.49835
;
431.27144,289.81975 431.27144,289.81975 415.69937,293.16017
423.56927,277.46101 418.97871,268.42057 417.46367,256.13603
411.34541,244.79734 408.88806,231.7786 418.08551,235.42659
402.51557,220.03347 412.29563,227.81085 405.39734,214.47007
426.17878,247.92218 417.54986,229.70865 410.50961,221.20534
409.96557,213.93951 420.0,224.08199 428.06508,231.49427
437.32416,230.66267 432.94611,245.09832 430.53355,263.59861
437.45934,236.83745 436.30906,256.60761 437.06096,267.42532
443.1041,264.72261 439.26947,276.69805 439.89621,281.92427
432.62349,285.54199 431.27144,289.81975 431.27144,289.81975
431.27144,289.81975 431.27144,289.81975 431.27144,289.81975
;
426.32258,261.98675 426.32258,261.98675 418.24712,252.68395
434.03695,260.55716 422.03063,255.50005 421.46091,257.7558
424.37669,261.49565 426.32258,261.98675 426.32258,261.98675
426.32258,261.98675 426.32258,261.98675 426.32258,261.98675
;
440.80694,249.73658 440.80694,249.73658 438.48761,250.9376
435.09358,222.25922 439.30759,242.23091 439.73818,244.72129
441.79921,247.17392 440.80694,249.73658 440.80694,249.73658
440.80694,249.73658 440.80694,249.73658 440.80694,249.73658
;
407.55756,218.0 407.55756,218.0 396.67605,204.81581
415.40614,216.51592 407.55756,218.0 407.55756,218.0
407.55756,218.0 407.55756,218.0 407.55756,218.0
;
426.5,182.90497 426.5,182.90497 412.81821,177.11285
411.64712,179.12749 405.69717,172.7895 399.078,165.10314
401.29959,154.88806 405.41563,147.11857 419.56341,148.13734
414.26954,135.8419 410.21398,135.0 423.3361,136.97296
410.86918,124.47174 423.06673,118.22106 430.08149,105.63309
439.813,120.63174 442.97301,128.20362 436.38917,121.38264
416.69993,131.77952 427.95603,132.55602 439.0596,129.32227
449.45236,133.20448 448.25461,146.5 448.16571,159.29096
448.47238,175.27345 433.72273,180.06847 431.29939,180.80752
429.07719,183.03695 426.5,182.90497 426.5,182.90497
426.5,182.90497 426.5,182.90497 426.5,182.90497
;
423.86789,175.0 423.86789,175.0 445.29792,170.99002
410.86859,172.39681 423.86789,175.0 423.86789,175.0
423.86789,175.0 423.86789,175.0 423.86789,175.0
;
417.09301,172.0 417.09301,172.0 423.30858,165.26062
432.50914,170.33017 437.16524,166.09598 435.35193,158.42951
421.95883,157.1072 416.97117,163.0 418.52892,152.10333
408.90842,170.1611 417.09301,172.0 417.09301,172.0
417.09301,172.0 417.09301,172.0 417.09301,172.0
;
417.37244,156.96959 417.37244,156.96959 413.98216,153.44967
429.22502,154.01193 426.62143,154.39281 431.69191,145.87777
413.56865,156.4447 417.12454,147.63063 413.39745,150.28361
410.25672,156.07316 417.37244,156.96959 417.37244,156.96959
417.37244,156.96959 417.37244,156.96959 417.37244,156.96959
;
434.83179,143.47727 434.83179,143.47727 430.77791,141.04789
448.35987,141.28873 440.83643,133.99996 430.24155,130.40637
421.31598,141.37909 434.83179,143.47723 434.83179,143.47723
434.83179,143.47727 434.83179,143.47727 434.83179,143.47727
;
409.4424,479.0 409.4424,479.0 414.666,471.10152
415.66617,457.09216 417.232,446.5 420.35665,452.47675
422.2384,464.22819 421.58793,470.71177 421.60503,484.96129
429.18765,476.78821 424.9307,466.0 422.92698,455.38103
421.8454,444.6164 419.96191,434.0 412.57978,438.97875
414.78628,455.56846 411.17484,465.12075 411.49009,468.82128
406.034,477.86815 409.4424,479.0 409.4424,479.0
409.4424,479.0 409.4424,479.0 409.4424,479.0
;
381.49005,471.0 381.49005,471.0 394.655,459.92108
370.43827,461.18154 381.49005,471.0 381.49005,471.0
381.49005,471.0 381.49005,471.0 381.49005,471.0
;
341.35398,403.0 341.35398,403.0 360.80569,393.30885
333.46544,392.62472 341.35398,403.0 341.35398,403.0
341.35398,403.0 341.35398,403.0 341.35398,403.0
;
388.63174,298.0 388.63174,298.0 400.39303,287.5582
379.2458,290.41305 388.63174,298.0 388.63174,298.0
388.63174,298.0 388.63174,298.0 388.63174,298.0
;
449.43225,281.0 449.43225,281.0 456.57045,274.88238
450.94786,259.97617 448.82431,273.39482 449.54313,274.83274
446.06366,282.3011 449.43225,281.0 449.43225,281.0
449.43225,281.0 449.43225,281.0 449.43225,281.0
;
409.54552,261.66667 409.54552,261.66667 414.45595,262.25737
396.55388,246.36023 400.65499,255.17126 409.89422,260.18248
390.6866,244.01075 409.54552,261.66667 409.54552,261.66667
409.54552,261.66667 409.54552,261.66667 409.54552,261.66667
;
400.9331,139.0 400.9331,139.0 407.34496,136.08674
402.33352,129.96152 399.70168,137.03276 400.29727,137.54557
397.42996,140.73217 400.9331,139.0 400.9331,139.0
400.9331,139.0 400.9331,139.0 400.9331,139.0
;
