247.75,479.98469 247.75,479.98469 165.16667,479.98979
82.583333,479.9949 0.0,480.0 0.0,320.0
0.0,160.0 0.0,0.0 284.66667,0.0
569.33333,0.0 854.0,0.0 854.0,160.0
854.0,320.0 854.0,480.0 734.5,479.9898
615.0,479.9796 495.5,479.9694 498.5012,472.874
492.61764,459.37361 490.98085,449.99515 487.62335,439.82107
497.57818,437.60848 485.3004,432.07317 482.55297,421.83333
480.46234,410.89565 478.82328,402.39087 477.96698,394.41331
470.24557,382.59937 476.99991,375.30605 466.41924,361.65415
475.22623,342.49118 480.0217,327.70587 484.92942,319.57205
487.63696,316.7872 484.12099,307.95663 487.51683,298.91759
490.29619,289.34067 491.38535,280.46074 497.82702,272.84939
509.59929,274.92186 516.99991,267.80911 516.21454,256.13184
504.48998,256.12497 509.22569,266.86616 500.02497,270.84812
486.43724,271.57968 485.71977,284.44831 486.75337,295.06535
479.43004,303.56157 473.89492,308.7837 483.64336,316.05545
471.19905,328.88387 471.19045,339.35681 468.81197,348.10309
470.97622,321.50921 470.39502,316.26979 476.49133,293.62834
454.6408,318.54328 464.25216,302.27523 467.19494,287.20868
453.90689,304.02465 453.32312,310.5 451.57846,297.03776
440.25618,324.31154 445.52484,308.95498 445.96658,299.62774
453.04079,290.09349 451.0083,279.65421 455.9595,267.3188
451.94556,267.87864 451.0013,254.57293 456.68633,246.08213
445.3208,254.2406 448.00138,238.7782 446.77388,230.09268
445.99151,224.42398 445.31289,217.58333 450.16873,206.15487
445.63515,199.49454 450.00045,188.20098 460.48768,178.44264
455.99159,164.13226 458.50045,151.5 455.01747,138.69775
452.05829,125.86507 447.86086,113.34598 437.17995,112.66229
424.96515,110.91878 420.38899,123.30701 413.46129,128.55707
411.82451,143.76582 404.32148,138.0 405.01846,146.49162
404.93849,147.78856 398.38303,160.15284 398.83249,172.05555
401.56022,185.76976 412.7157,192.5 414.79796,201.94441
423.04502,214.31901 416.64897,221.52645 412.39546,218.72747
406.56223,215.22484 409.61122,230.37684 414.86984,242.82726
406.33842,242.63139 408.65234,253.59622 407.22672,264.20492
421.60588,268.73391 411.39278,272.0 398.61501,257.70174
401.52408,271.9092 411.38478,279.41055 412.27918,287.79163
421.58208,297.85612 414.54424,299.95192 412.9281,307.13402
419.82373,310.40938 417.34439,320.37098 417.39199,339.98623
414.78434,358.27807 410.47418,377.14311 406.03484,396.77786
401.534,416.43237 398.98319,436.42691 412.10922,445.68855
430.45173,442.75755 446.00073,443.65334 451.3663,439.42501
462.83995,440.6453 466.66022,436.76147 478.35388,427.59386
483.27354,433.42131 484.90492,446.88084 491.32179,456.95657
486.4894,471.84378 495.50073,479.96937 412.9174,479.97437
330.33402,479.97957 247.75073,479.98467 247.75073,479.98467
247.75,479.98469 247.75,479.98469 247.75,479.98469
;
355.58644,479.0 355.58644,479.0 360.54797,474.60957
349.66413,460.46476 351.31049,451.67282 350.75393,443.01912
346.44742,428.33621 355.17126,424.34501 355.03781,418.32259
356.03824,410.21142 358.96456,399.54639 358.09738,386.95838
364.70752,374.24271 363.1858,362.36046 349.39709,343.10111
334.89305,320.05915 343.39017,295.54659 345.9359,271.36964
348.80154,245.10592 363.5,225.00387 370.107,219.27274
383.35209,217.34411 386.12943,207.58185 392.56685,191.20971
384.06527,173.51939 390.91247,157.49682 392.85403,139.34623
400.82861,120.31251 413.36139,107.92163 429.77055,96.047211
459.2253,102.61357 464.02253,124.21967 474.31388,146.79879
467.94083,172.20091 473.96575,195.49987 478.93187,209.23053
492.75063,215.66451 505.91808,219.3978 514.50569,222.25802
515.60105,229.52195 516.97501,239.75731 527.31451,268.85446
530.57189,299.94387 536.20484,330.24794 538.59921,347.18917
539.45842,364.51578 533.01869,380.70136 533.30204,394.48324
542.88335,412.67728 528.5036,422.25607 519.97682,428.78308
516.25545,436.22554 517.94372,448.17168 520.21165,457.40141
512.31226,476.61491 521.5508,478.99987 522.10977,469.86189
523.81645,459.68569 523.0,449.0 534.43673,447.5015
521.33449,429.66282 531.70955,425.39763 539.11262,420.24442
541.68865,411.49825 540.824,404.5 537.27445,390.87515
536.12483,375.64223 543.06775,362.91865 542.3395,356.50579
543.26138,344.01613 540.4151,333.66649 536.13931,302.09963
530.51108,270.45787 522.16896,239.75658 515.31978,233.14192
525.51667,222.25253 513.96026,220.0 506.18836,214.09468
499.80809,214.54323 491.14478,208.01425 470.3635,197.31475
478.37449,170.48027 475.04153,151.60388 472.39991,131.81252
467.42745,107.48493 447.73582,97.812029 436.34068,99.146482
423.85491,94.145398 413.76738,102.48727 394.54023,117.81396
386.69444,143.77227 383.1768,167.29914 382.45581,182.31748
389.14353,202.34635 374.74011,212.60591 357.5423,220.95088
348.21063,237.67584 345.42298,255.98289 342.00244,277.19593
336.42683,298.91009 337.69698,320.31237 340.14583,337.67986
350.87429,351.88674 360.34405,366.09173 356.23241,379.07931
355.87962,393.15217 353.64507,406.07285 342.13009,429.09821
345.93763,455.30747 353.13488,479.0 353.13488,479.0
355.09418,479.0 355.09418,479.0 355.09418,479.0
355.58654,479.0 355.58654,479.0 355.58654,479.0
355.58644,479.0 355.58644,479.0 355.58644,479.0
;
431.71274,479.0 431.71274,479.0 441.24555,478.50012
427.59974,450.78463 428.58892,470.45894 429.52902,473.58003
425.67258,480.88824 431.71274,479.0 431.71274,479.0
431.71274,479.0 431.71274,479.0 431.71274,479.0
;
428.0,455.0 428.0,455.0 440.40756,449.48457
422.09294,444.05024 428.0,455.0 428.0,455.0
428.0,455.0 428.0,455.0 428.0,455.0
;
390.94556,315.0 390.94556,315.0 406.94259,311.73103
383.19082,297.82658 387.39404,313.58447 387.18781,316.07863
389.63163,314.71742 390.94556,315.0 390.94556,315.0
390.94556,315.0 390.94556,315.0 390.94556,315.0
;
454.14709,299.83233 454.14709,299.83233 465.41774,292.6359
452.21123,277.61084 452.52337,296.42413 452.65039,298.29801
450.00588,301.78217 454.14709,299.83233 454.14709,299.83233
454.14709,299.83233 454.14709,299.83233 454.14709,299.83233
;
428.93228,439.83996 428.93228,439.83996 420.43808,438.43548
414.93525,435.87616 408.77201,433.79495 410.00493,426.20093
403.61768,424.80198 408.0,415.51561 413.85061,402.44648
412.75057,407.54579 412.14865,397.74865 414.04039,391.86105
413.72507,392.50885 415.69618,387.10706 412.47983,367.71163
427.65615,351.34096 424.4001,331.74427 426.10484,323.00095
419.28751,304.36398 430.75902,307.04117 436.79051,309.24023
427.28002,321.41242 441.56344,322.0 448.29562,324.46572
464.39263,311.34 462.54876,321.19269 461.22503,333.67952
467.66358,347.89504 455.91938,356.97357 447.14265,369.82285
468.60182,345.05581 464.99915,364.69272 474.67718,371.00594
457.7995,390.39012 464.7944,388.6853 477.87134,388.52727
464.61519,402.87961 453.65812,399.79622 442.75395,402.06251
433.31033,408.65943 421.99915,410.07709 427.66551,414.41312
434.79037,407.9216 435.43615,411.0 444.5303,412.45957
453.60515,399.16317 458.99915,403.0 463.22637,400.22471
472.48062,397.50633 472.99915,408.5 473.27955,416.74331
462.38799,423.30546 475.22771,417.25929 479.53416,427.83463
471.10232,431.50832 460.56828,433.88815 452.56327,436.1199
448.84343,437.26353 438.19621,439.12377 435.11084,439.36534
432.03451,440.31677 428.93228,439.83996 428.93228,439.83996
428.93228,439.83996 428.93228,439.83996 428.93228,439.83996
;
426.68294,419.56817 426.68294,419.56817 442.25701,419.49167
422.18697,412.15984 425.2023,420.13635 425.2023,420.13635
426.68294,419.56817 426.68294,419.56817 426.68294,419.56817
;
430.66667,404.0 430.66667,404.0 448.09741,402.97028
414.61606,398.1222 427.29263,404.0 427.29263,404.0
429.25193,404.0 429.25193,404.0 429.25193,404.0
430.66667,404.0 430.66667,404.0 430.66667,404.0
;
434.37788,390.0 434.37788,390.0 442.31245,390.30479
451.65718,376.43567 439.00231,385.59381 438.42005,386.8573
432.53313,388.65023 434.37788,390.0 434.37788,390.0
434.37788,390.0 434.37788,390.0 434.37788,390.0
;
466.0,332.0 466.0,332.0 462.80788,335.0552
468.21447,307.84875 466.80062,329.5 466.80062,329.5
466.20305,331.36595 466.20305,331.36595 466.20305,331.36595
466.0,332.0 466.0,332.0 466.0,332.0
;
434.30902,305.98635 434.30902,305.98635 421.69639,307.43951
425.16288,293.9847 424.13258,283.40327 424.8096,273.95359
418.93028,261.47726 421.02063,255.13062 410.54074,239.25937
433.13981,251.69986 425.0,255.66673 435.0714,268.04796
430.6166,257.22107 427.41828,248.86876 427.1663,241.48209
409.31816,224.81315 422.7625,232.73267 430.17601,237.11351
433.6721,252.94295 440.69319,239.99699 439.27912,245.55897
445.1354,256.5402 440.08276,264.71382 442.78639,283.88433
431.59438,265.1793 428.67193,269.37251 427.15885,273.42666
444.52951,279.48236 434.35765,282.86285 435.50058,289.74458
423.90149,301.54093 432.46879,301.99995 435.68983,293.19669
439.67297,282.31299 443.25,274.00805 444.90649,280.36944
446.92788,293.95535 441.30842,298.90438 434.91967,300.83825
445.39761,306.14974 434.30902,305.98635 434.30902,305.98635
434.30902,305.98635 434.30902,305.98635 434.30902,305.98635
;
437.28882,237.55519 437.28882,237.55519 431.13422,237.61589
419.14668,227.73277 421.51044,220.54442 424.73662,209.52433
420.86453,204.122 420.23315,194.0 428.89328,195.93482
443.03145,186.39995 447.33152,189.69107 443.82319,203.93561
431.00297,217.88136 438.42576,232.5 438.13299,234.24995
440.7369,237.28723 437.28882,237.55519 437.28882,237.55519
437.28882,237.55519 437.28882,237.55519 437.28882,237.55519
;
438.04522,206.29238 438.04522,206.29238 445.96871,193.89339
428.27104,205.78857 438.04522,206.29238 438.04522,206.29238
438.04522,206.29238 438.04522,206.29238 438.04522,206.29238
;
427.48953,190.33197 427.48953,190.33197 415.36916,191.40731
402.67527,179.34334 404.06515,166.78403 401.4102,154.3658
411.48811,155.1188 416.63169,148.76115 414.83238,140.06874
421.81004,142.32523 422.57121,132.31682 426.16507,124.33138
438.56206,114.73962 444.34237,123.3243 445.26042,129.34742
456.47193,147.37626 445.19143,134.08615 439.93879,130.26022
418.02907,135.7249 430.4593,140.5 441.87314,138.84412
455.84701,139.86677 452.26999,155.2693 449.74728,167.13611
450.99693,184.72611 435.99204,187.35846 433.28111,188.96456
430.71811,190.27402 427.48953,190.33197 427.48953,190.33197
427.48953,190.33197 427.48953,190.33197 427.48953,190.33197
;
420.59516,184.98635 420.59516,184.98635 439.73326,182.89071
404.88293,180.48356 420.96988,178.61534 428.02341,173.14733
433.10253,185.38903 433.12856,171.66401 427.31365,166.05067
416.93109,169.37695 413.55141,166.64859 409.53664,175.55481
411.41427,181.39075 420.59516,184.98635 420.59516,184.98635
420.59516,184.98635 420.59516,184.98635 420.59516,184.98635
;
415.35699,164.92105 415.35699,164.92105 415.14982,160.1858
423.65673,165.38841 430.50043,163.99979 436.87339,153.95462
425.70914,156.01543 419.35113,159.08997 422.7145,150.22843
405.07175,158.76002 414.50001,164.84206 414.50001,164.84206
415.357,164.92096 415.357,164.92096 415.357,164.92096
415.35699,164.92105 415.35699,164.92105 415.35699,164.92105
;
436.64594,152.0 436.64594,152.0 438.77018,150.88069
459.54053,146.62209 442.66383,140.8327 432.25384,136.58107
422.64208,151.15363 436.64595,152.0 436.64595,152.0
436.64594,152.0 436.64594,152.0 436.64594,152.0
;
