427.0,480.0 427.0,480.0 284.66667,480.0
142.33333,480.0 0.0,480.0 0.0,320.0
0.0,160.0 0.0,0.0 284.66667,0.0
569.33333,0.0 854.0,0.0 854.0,160.0
854.0,320.0 854.0,480.0 711.66667,480.0
569.33333,480.0 427.0,480.0 427.0,480.0
427.0,480.0 427.0,480.0 427.0,480.0
;
366.3865,479.0 366.3865,479.0 370.11992,472.49942
367.32995,460.35228 360.93858,454.16026 344.10547,433.93547
338.50894,404.70671 346.27741,379.5 345.60568,357.7489
350.46015,336.40667 351.5,314.76267 337.12214,312.56759
328.6273,299.56277 317.0,293.17935 315.2583,272.25439
323.49142,252.89742 332.43031,234.59897 338.25623,213.24524
355.14521,196.02364 376.13617,188.91829 384.93356,167.99662
375.80074,143.3153 385.61603,121.86507 391.69728,102.25697
403.79814,78.479684 427.5,78.80765 440.31483,81.492912
451.16512,88.969492 454.90886,102.13455 465.16721,123.91187
461.10275,149.52269 464.06905,172.30654 470.27268,187.57447
487.53497,190.79399 500.8211,196.07793 508.10209,213.0423
520.56942,227.56681 527.65056,245.04879 535.4447,260.26375
548.11431,279.84667 533.78523,295.28188 528.41327,307.42417
516.7043,305.34028 508.01081,312.86174 499.07813,316.23605
507.65238,331.36652 507.31685,339.40679 514.3885,370.81773
504.88544,403.49621 491.49998,431.99946 486.30825,425.10519
492.31421,412.65197 486.51594,404.10481 490.7191,396.95488
488.41149,399.66645 483.10489,389.71864 479.81218,374.97757
477.78506,360.16132 474.19183,345.49994 479.38528,338.99931
467.42818,326.65758 474.14553,316.50301 476.82107,307.73668
476.88683,296.30507 481.00086,289.23201 484.19648,282.77388
476.58508,272.77302 484.43956,263.25785 482.17562,251.4507
491.80325,245.59508 501.78679,242.26501 516.19549,231.67756
505.09631,236.70811 502.74706,237.99994 491.50298,241.67227
478.76245,248.40781 481.15726,262.57687 483.53067,272.03131
466.95293,277.3883 476.30645,282.75044 475.14562,293.66293
473.45058,308.08932 469.81212,316.38327 466.92065,303.04964
471.32616,287.17717 467.19939,273.5 465.90851,291.24889
467.69313,263.75268 461.15141,281.74037 455.74492,289.72018
446.34723,286.71378 447.00003,281.67897 437.29575,295.28388
432.74527,293.02346 441.25505,277.95419 447.23033,264.52654
444.42689,249.34377 445.09006,236.23703 441.41417,224.54804
442.48362,212.516 440.66369,200.50003 435.53478,216.39135
441.39339,188.8866 441.18574,183.09156 441.4551,171.06521
446.5688,160.327 454.35445,152.02115 447.97746,155.18203
456.0849,138.6364 455.0256,131.54921 453.778,118.2511
451.00206,104.59253 445.07781,92.596127 430.09918,83.893978
418.44737,99.22998 408.51486,108.52926 392.21677,120.1954
391.29078,142.64034 399.10139,159.50003 408.41454,167.40362
410.18414,181.69376 410.02817,193.14651 408.74575,194.02649
408.53974,202.9678 404.87247,202.30807 407.36785,203.76842
400.89727,184.73495 401.81147,200.45843 400.08962,207.42527
408.62588,232.77541 404.40984,226.69009 401.12777,214.30565
397.71836,219.60569 402.53905,232.34784 404.82653,239.03729
407.27995,252.82954 407.85949,238.50003 403.77105,245.79902
405.9881,228.42971 407.29146,232.89168 411.98649,241.81689
409.80121,254.24848 407.0998,249.87739 406.19809,251.31765
386.50829,237.17971 401.25613,251.01997 409.84907,253.98519
404.34901,255.85136 410.60416,267.49344 411.37804,281.1687
413.90224,256.15991 413.97947,277.08297 403.42787,277.61882
418.35,292.07937 413.0569,301.37725 415.72087,338.40954
401.08383,373.48358 396.56912,409.82537 412.41413,415.07847
433.06841,417.72433 450.23668,410.96187 461.05696,408.47117
472.44784,401.97693 481.60588,398.50003 485.72706,412.40683
488.89394,428.1202 486.25547,442.08952 479.63582,452.66193
478.78045,466.97761 476.53878,478.8721 482.78646,474.81378
481.96581,460.27812 484.74352,451.80834 488.91646,440.2267
493.05055,468.48544 492.48031,454.75003 492.25191,445.84658
492.47931,436.51846 496.35515,428.49517 510.5487,397.66967
518.08242,362.0128 508.27553,328.62288 502.0881,317.64807
512.86065,309.01195 523.44836,309.5201 531.81869,305.47058
538.13437,294.71512 542.63501,286.01195 546.07104,263.55882
529.04631,244.62385 520.92728,224.83098 514.98981,215.33844
508.20112,206.16586 504.46059,195.99409 495.68789,188.17255
481.83782,188.41875 475.00011,180.554 462.90432,172.63125
466.39115,153.63944 465.33655,140.0831 466.01424,120.12904
461.13688,98.242909 448.16545,83.273433 438.06906,77.803096
426.1176,72.586314 414.80534,77.98426 394.43247,84.209683
387.44654,107.46152 380.66486,125.42667 375.37597,141.88967
377.22324,160.07928 375.33655,176.39825 372.70267,186.59213
364.63807,192.1716 354.00003,195.24632 348.38523,203.4691
338.9397,210.82672 334.82486,221.15912 329.17317,235.0276
322.17558,248.80798 317.36008,262.97489 315.91495,273.51592
312.20725,286.58204 315.53913,295.85439 325.15574,300.96826
328.61856,307.50501 338.38222,313.17038 353.34028,313.8172
347.24256,328.16803 346.41101,338.50003 344.02776,358.50309
344.30299,378.78393 339.86713,398.45621 339.89953,420.74186
346.09579,444.92108 362.84785,460.51452 365.56519,466.02922
364.42322,476.0777 366.38653,479.00003 366.38653,479.00003
366.3865,479.0 366.3865,479.0 366.3865,479.0
;
425.5,412.96204 425.5,412.96204 409.10611,411.59702
426.81491,410.00617 418.16821,407.01526 418.86483,412.63645
402.20851,407.3821 407.81478,407.00826 397.51105,411.45658
404.2513,399.74358 402.99775,390.39036 409.14372,396.28921
413.93806,395.99021 405.48182,386.33812 397.35148,374.3469
422.60087,384.21554 408.64499,378.66593 396.07893,368.98403
433.03669,377.36755 422.64129,372.92653 411.64806,373.72344
405.42432,362.91634 411.3073,356.26896 416.54419,369.50242
413.14382,349.72472 413.23864,342.89396 417.18164,326.64812
417.63547,310.05349 416.21187,293.29261 413.95576,277.79277
425.70025,281.54215 435.99999,281.34625 434.22177,288.12639
425.39818,283.69143 429.99999,293.60463 435.8174,301.44503
449.02372,292.86595 457.17841,294.18087 466.39163,283.07647
465.38908,311.0756 461.6597,316.33651 461.39102,322.21858
441.2609,341.49029 451.95514,332.56712 460.66998,320.53196
462.67464,325.55083 466.08921,338.15688 464.55171,353.01715
465.06228,351.77864 468.60711,350.75577 470.28998,359.74258
480.92691,368.8422 465.49999,370.96655 446.95781,378.5774
457.6238,377.19199 469.95013,370.39776 477.32882,371.85475
480.03838,389.63527 467.49999,389.37969 452.57092,398.1946
455.04206,399.59291 468.55963,390.92204 478.23697,383.1699
479.75536,392.82714 474.99999,398.30984 472.96398,399.35837
453.91534,406.3867 455.85122,405.57605 440.12763,404.13801
451.20904,408.69113 442.50002,409.55269 437.58455,412.24503
431.05376,412.34739 425.5,412.96194 425.5,412.96194
425.5,412.96204 425.5,412.96204 425.5,412.96204
;
471.5,351.0 471.5,351.0 466.51921,341.98151
472.86521,328.8566 472.0,347.44998 470.89104,347.69103
473.33953,351.48952 471.5,351.0 471.5,351.0
471.5,351.0 471.5,351.0 471.5,351.0
;
467.04394,331.0 467.04394,331.0 458.62019,320.66297
473.07516,315.40905 467.76685,331.0 467.76685,331.0
467.04394,331.0 467.04394,331.0 467.04394,331.0
;
430.59501,279.81975 430.59501,279.81975 414.82187,283.50234
418.88603,270.74379 416.6082,260.10173 418.74189,251.38641
413.17149,245.49969 423.92657,251.92698 419.37602,246.20993
408.54752,240.12686 409.55114,228.10924 409.39456,220.78893
407.25841,217.23383 407.60693,212.00052 413.31666,216.93325
424.53244,236.22272 415.77514,218.75481 410.16812,210.65967
403.44331,201.81309 418.19831,211.06393 423.03706,218.29971
431.59372,219.10598 436.37624,212.75052 430.58857,217.58651
441.24245,224.54776 430.64592,229.0923 419.39991,238.34347
435.08547,230.697 436.08505,229.0223 438.15088,237.32029
442.68726,250.24462 437.85857,253.83188 431.94321,259.04836
441.12853,271.16869 438.18139,257.38787 440.69941,250.37374
440.7733,269.14333 437.81934,273.67504 436.51493,276.44729
434.59838,281.53801 430.59501,279.81973 430.59501,279.81973
430.59501,279.81975 430.59501,279.81975 430.59501,279.81975
;
434.04837,252.47011 434.04837,252.47011 432.69513,243.48933
424.57625,245.81314 429.38292,249.63918 430.90009,250.20931
432.34432,254.20862 434.04837,252.47011 434.04837,252.47011
434.04837,252.47011 434.04837,252.47011 434.04837,252.47011
;
411.99622,264.73276 411.99622,264.73276 413.34058,264.23896
406.63179,257.76019 409.93699,252.2403 412.26862,246.66662
411.72545,258.55063 411.99633,264.73276 411.99633,264.73276
411.99622,264.73276 411.99622,264.73276 411.99622,264.73276
;
428.20893,215.0 428.20893,215.0 419.55763,208.82505
407.26699,205.24302 412.90098,192.59545 410.09811,173.28869
412.87338,187.16003 414.40071,183.42257 410.03366,174.72834
407.21376,162.93516 420.98696,170.194 426.87262,173.87913
447.00967,160.29106 440.0106,173.31509 437.09116,184.42394
427.13795,193.69505 430.74569,205.6087 434.19652,208.78852
432.32758,214.10624 428.20893,215.0 428.20893,215.0
428.20893,215.0 428.20893,215.0 428.20893,215.0
;
435.96179,208.52362 435.96179,208.52362 432.58158,206.16254
429.92254,199.51934 435.31473,191.38105 438.58762,174.37838
441.20317,197.64569 436.20617,201.25 431.95516,200.07143
438.99683,208.36133 435.96179,208.52362 435.96179,208.52362
435.96179,208.52362 435.96179,208.52362 435.96179,208.52362
;
425.63636,167.7299 425.63636,167.7299 417.59822,169.60834
410.44558,163.60296 404.74613,159.75264 398.78748,150.73954
397.0292,137.72278 400.6539,128.17223 405.63057,121.69872
420.39504,134.31223 416.61456,119.75742 410.16036,111.58796
393.39865,129.55813 406.00712,116.81087 412.168,113.90765
431.62843,117.85475 415.72043,110.41269 415.95576,104.81481
427.79282,95.523132 436.60823,96.5 445.08905,97.552363
447.41789,118.9366 448.56314,116.38586 448.54394,109.42687
430.66008,107.85192 428.0,114.9372 431.17089,117.02886
446.99039,113.09519 450.68927,122.82499 451.23985,136.0689
449.47318,152.19897 440.62911,162.43552 435.70907,164.97853
431.55849,168.46225 425.63636,167.7299 425.63636,167.7299
425.63636,167.7299 425.63636,167.7299 425.63636,167.7299
;
422.16821,160.93661 422.16821,160.93661 427.84119,160.98341
406.62142,151.36541 426.76761,153.62326 443.93408,161.32168
421.84848,136.51495 428.0,145.97264 420.94434,150.23517
415.96429,141.0213 411.76658,152.00519 414.8522,155.74831
416.7323,160.43947 422.16821,160.93661 422.16821,160.93661
422.16821,160.93661 422.16821,160.93661 422.16821,160.93661
;
430.52778,140.35097 430.52778,140.35097 438.83066,128.03133
425.66797,135.85855 430.52778,140.35097 430.52778,140.35097
430.52778,140.35097 430.52778,140.35097 430.52778,140.35097
;
416.59106,140.0 416.59106,140.0 413.74746,133.37783
422.8412,139.40658 426.83644,139.0 438.72384,130.23043
415.60151,139.21154 417.50004,133.0 417.20225,127.64287
410.19744,141.20711 416.59106,140.0 416.59106,140.0
416.59106,140.0 416.59106,140.0 416.59106,140.0
;
437.57584,129.0 437.57584,129.0 433.05461,124.99905
458.47212,127.74802 442.90589,119.0 433.86807,116.18064
424.59302,125.38974 437.57584,129.0 437.57584,129.0
437.57584,129.0 437.57584,129.0 437.57584,129.0
;
414.27169,479.0 414.27169,479.0 421.27031,472.06526
417.29571,457.52883 421.96938,447.93891 423.35746,431.19377
423.54394,441.92985 426.00003,451.87752 428.27535,458.34849
428.73665,479.93145 432.0,477.0407 433.13999,462.30576
426.51798,448.9573 425.90022,434.68208 418.43425,423.56538
421.24315,446.40327 418.0061,450.44197 417.41452,459.42022
413.6653,472.93454 414.27169,479.0 414.27169,479.0
414.27169,479.0 414.27169,479.0 414.27169,479.0
;
384.71482,470.98469 384.71482,470.98469 395.61072,462.67918
373.10169,460.8501 383.5,470.96939 383.5,470.96939
384.71482,470.98469 384.71482,470.98469 384.71482,470.98469
384.71482,470.98469 384.71482,470.98469 384.71482,470.98469
;
345.18555,399.0 345.18555,399.0 363.60361,388.12556
337.81346,389.18972 345.18555,399.0 345.18555,399.0
345.18555,399.0 345.18555,399.0 345.18555,399.0
;
387.74431,291.81697 387.74431,291.81697 401.95222,279.21439
372.82607,284.96191 387.74431,291.81697 387.74431,291.81697
387.74431,291.81697 387.74431,291.81697 387.74431,291.81697
;
455.5155,284.55677 455.5155,284.55677 466.6015,279.82089
456.95673,270.33341 455.70132,281.66404 460.22514,286.37028
446.22741,277.61514 455.5155,284.55677 455.5155,284.55677
455.5155,284.55677 455.5155,284.55677 455.5155,284.55677
;
449.39301,278.0 449.39301,278.0 455.18674,269.07478
449.28437,269.09298 448.19936,273.5 448.88712,274.68645
446.37875,279.06257 449.39301,278.0 449.39301,278.0
449.39301,278.0 449.39301,278.0 449.39301,278.0
;
503.37728,234.80287 503.37728,234.80287 512.50998,227.97221
492.74787,228.5939 503.19422,234.82897 503.19422,234.82897
503.37728,234.80287 503.37728,234.80287 503.37728,234.80287
;
408.20643,188.0 408.20643,188.0 409.7847,178.38612
400.23138,167.93294 408.20643,188.0 408.20643,188.0
408.20643,188.0 408.20643,188.0 408.20643,188.0
;
