427.0,480.0 427.0,480.0 284.66667,480.0
142.33333,480.0 0.0,480.0 0.0,320.0
0.0,160.0 0.0,0.0 284.66667,0.0
569.33333,0.0 854.0,0.0 854.0,160.0
854.0,320.0 854.0,480.0 711.66667,480.0
569.33333,480.0 427.0,480.0 427.0,480.0
427.0,480.0 427.0,480.0 427.0,480.0
;
384.35383,479.0 384.35383,479.0 390.07206,469.53163
385.88627,454.31215 384.87513,442.6992 383.98156,430.8489
370.80457,426.1608 368.53997,414.43194 364.50922,402.82496
361.83195,390.85317 362.99899,378.48822 377.07581,370.11295
358.048,374.74526 367.49069,361.27975 366.52306,350.92566
374.55422,338.31192 369.34595,329.80449 359.45574,316.79136
353.3901,299.76239 351.57968,283.62217 349.13581,264.16091
360.22219,246.7782 361.71049,227.63015 365.26223,213.51238
370.16448,198.75934 384.75459,192.63881 394.64691,189.43241
400.69665,182.51804 398.35058,171.663 397.34799,150.91565
398.72367,130.07221 408.72839,111.39261 414.64348,93.93008
435.20333,82.216519 452.25365,92.239199 470.38515,104.44359
471.85288,129.92789 471.85111,150.10783 471.93491,162.2266
471.18638,174.59 479.99905,184.14334 484.78277,189.16406
496.9003,194.26056 502.99905,197.0 513.53953,197.82907
512.25395,211.49365 514.78494,220.27747 520.149,238.38563
522.62948,257.30208 528.99908,274.95555 530.95954,295.30129
525.10394,315.78037 510.41388,330.36652 499.65482,336.64616
510.86809,347.72926 508.50829,357.28255 512.13056,383.6314
499.98103,408.22083 495.99906,433.77778 487.49573,429.43612
490.99432,412.41057 488.57105,402.64721 482.12575,393.49093
492.39084,387.5626 487.35925,385.16791 479.36493,380.95789
481.44586,363.4334 479.1795,353.71141 473.24366,342.38429
479.45754,333.49596 474.69044,327.11419 471.13652,312.66973
478.67812,298.92022 481.40655,285.0 490.85895,282.68382
477.30938,271.00723 486.34097,264.00195 487.10441,254.40092
488.15407,243.12306 501.5,243.87622 514.76345,240.07269
514.85847,232.76978 501.5811,240.16449 487.78683,239.51744
482.55816,251.95837 483.47264,263.16261 479.40614,272.12445
473.28368,276.76915 480.48545,277.74223 476.15297,280.74622
475.21501,307.52992 471.20207,303.50041 471.47967,291.50041
471.75726,279.50041 472.03484,267.50041 470.38809,271.65626
466.29426,269.58895 461.12527,274.63479 471.80958,269.65683
455.44031,284.4999 455.74236,275.56712 456.52651,266.18456
438.64966,293.18502 446.22922,274.78311 458.18311,255.53522
455.18948,232.20355 453.00424,210.95737 453.01614,191.81981
448.8714,208.57995 448.88337,199.8294 453.83137,184.60064
454.6046,168.06297 462.45498,153.94813 466.5601,135.75769
462.8001,116.89532 455.08592,100.26738 443.56076,95.127232
435.07575,102.3676 428.35628,111.13295 419.49769,121.90132
404.94322,132.89126 410.41597,148.97702 409.74149,161.70527
424.03329,167.34782 424.00169,180.06232 427.96923,185.25122
426.87553,205.20894 421.00001,200.0 417.67564,202.0071
424.52823,222.90841 422.26359,223.67416 416.41743,213.43063
414.73996,227.75666 418.18841,237.37934 417.67241,253.57993
418.74356,240.91104 419.81033,253.04201 423.49452,265.26036
419.66564,269.45165 423.14711,280.52653 426.35242,317.32845
410.84566,351.82496 407.61534,388.0153 430.18798,401.11277
457.98433,393.20327 480.88133,384.18399 484.44882,395.72198
486.20997,407.29662 487.02994,419.16575 492.82026,439.15363
480.60861,459.04123 487.23832,479.00096 490.62154,473.81746
487.13468,457.43428 489.26212,447.75991 495.28113,441.78695
500.76921,435.02874 500.20965,424.50096 508.92751,396.56155
516.90169,365.90869 507.79887,337.09902 521.02826,324.45024
531.29367,308.51515 531.53172,289.69391 535.1926,271.33883
523.44145,255.52101 522.33657,237.60833 520.41143,225.84374
513.1858,214.35252 515.9695,202.34507 508.2408,192.82728
493.56546,193.52735 486.62235,183.12277 473.13358,178.07255
475.05021,158.89204 475.11779,146.80892 476.76413,127.57064
471.42767,107.8293 460.49997,92.110658 453.72558,87.261733
445.28493,85.666574 436.91605,85.030275 413.21644,85.804464
404.91906,110.83241 397.73687,129.32312 393.01275,145.00991
396.40804,161.91198 394.91666,177.65363 390.95968,191.24908
372.70919,191.35686 366.89091,204.27878 357.00466,226.78147
354.61928,251.56086 347.61478,275.15411 349.75739,295.68879
355.09057,317.59525 368.77723,333.51035 366.69558,359.27336
353.58067,385.12341 364.33621,410.60132 366.58701,421.80829
374.85001,430.01968 381.13477,438.41926 382.89499,451.90774
386.04322,465.4791 383.03823,479.0 383.03823,479.0
384.35383,479.0 384.35383,479.0 384.35383,479.0
;
436.36703,392.6054 436.36703,392.6054 434.14755,390.61892
421.26001,391.47295 432.51434,388.5917 429.28563,386.20217
425.78942,388.6331 421.85092,389.72839 418.16634,385.88372
419.95876,388.02597 415.11803,387.00002 409.56995,378.3359
418.10423,369.57581 420.9668,378.54093 420.25748,372.80399
408.62702,358.95741 419.93727,364.00002 406.17509,350.09067
430.77028,361.96519 430.59027,356.22605 417.00355,357.9106
415.79243,343.58435 424.00004,340.00002 417.67703,334.19264
424.60857,322.73451 426.38875,317.38445 429.85556,305.18998
428.98101,292.51639 429.1777,279.99176 431.29274,275.82592
434.03347,267.4159 432.77228,258.17399 434.96796,256.62097
433.13663,247.44142 430.45101,238.28652 426.2237,232.33339
423.69964,208.6624 432.31999,225.14678 443.64312,244.33403
427.04106,216.81121 427.00008,221.0797 428.41165,228.16646
442.65061,238.96156 436.88124,241.84197 434.10418,245.50916
444.56158,252.86614 440.50627,244.36433 441.46507,237.63232
438.63428,231.30713 433.77641,221.57553 428.91457,218.22632
420.96023,198.55917 430.5,208.78415 434.78634,223.74527
449.54979,203.74893 447.5,216.88591 448.03835,227.08713
436.03267,233.06858 444.08875,230.39819 452.83472,220.87316
449.68635,243.47724 449.75716,250.49942 450.10989,262.28236
445.70521,264.62751 443.23691,270.49942 430.52923,273.34299
441.77299,273.67805 437.50007,275.83275 434.36268,286.21888
448.02194,287.61335 456.73391,284.59891 469.1036,276.57745
465.53572,287.6469 466.42623,298.98866 471.74731,312.13927
457.99677,318.16066 451.39793,324.73061 460.59228,321.69515
463.87681,322.96438 462.83572,320.08212 470.85347,319.19083
465.71243,335.73585 470.38552,341.42634 473.85913,351.40682
478.2355,355.06617 463.6162,358.06214 445.39226,364.79263
469.69142,357.84778 470.58289,358.18004 473.28876,352.31098
481.05697,372.90095 472.50838,371.43032 449.99848,375.45457
479.92323,369.9558 468.26072,374.56127 449.37866,384.86916
464.07748,376.76265 474.79777,376.13574 471.23885,367.37019
482.92467,380.23183 474.99997,382.81102 469.09911,388.04927
454.02895,386.41719 456.49997,387.8484 445.48829,384.88345
454.87617,391.61175 441.07841,391.90786 439.52447,392.23623
437.93089,392.33454 436.36703,392.6054 436.36703,392.6054
436.36703,392.6054 436.36703,392.6054 436.36703,392.6054
;
472.55252,340.0 472.55252,340.0 469.94746,330.36462
473.34091,318.32757 473.01103,336.44794 471.93751,336.73532
474.47178,340.53627 472.55252,340.0 472.55252,340.0
472.55252,340.0 472.55252,340.0 472.55252,340.0
;
426.49901,300.5 426.49901,300.5 424.38967,290.03696
429.00433,278.86738 426.84011,299.5 426.84011,299.5
426.499,300.5 426.499,300.5 426.499,300.5
426.49901,300.5 426.49901,300.5 426.49901,300.5
;
468.70613,297.0 468.70613,297.0 465.74831,303.60401
468.23249,270.85227 469.23809,287.82523 469.06286,290.88383
469.06883,293.95442 468.70613,297.0 468.70613,297.0
468.70613,297.0 468.70613,297.0 468.70613,297.0
;
439.29049,212.95407 439.29049,212.95407 428.12538,206.80018
427.61595,201.54926 428.59232,190.50003 429.3048,182.17137
433.34093,191.51405 426.00958,174.56493 424.1877,164.72574
445.26472,175.22186 452.75,166.9222 457.91353,168.19188
446.13848,184.73357 445.55294,191.36001 437.63391,200.0987
451.73218,209.79924 439.29049,212.95407 439.29049,212.95407
439.29049,212.95407 439.29049,212.95407 439.29049,212.95407
;
432.86246,182.80558 432.86246,182.80558 429.09398,166.6821
426.08912,177.43262 432.86246,182.80558 432.86246,182.80558
432.86246,182.80558 432.86246,182.80558 432.86246,182.80558
;
436.30902,173.98469 436.30902,173.98469 454.59786,171.46681
421.6256,171.15637 436.30902,173.98469 436.30902,173.98469
436.30902,173.98469 436.30902,173.98469 436.30902,173.98469
;
446.6398,199.15481 446.6398,199.15481 438.20791,214.21541
455.44117,176.10039 447.96229,193.98719 447.52146,195.70973
447.08063,197.43227 446.6398,199.15481 446.6398,199.15481
446.6398,199.15481 446.6398,199.15481 446.6398,199.15481
;
437.5438,168.53486 437.5438,168.53486 424.91195,169.41506
410.50282,157.51644 414.17789,143.66101 410.44602,132.47562
426.1916,127.89661 422.83508,133.44646 440.22569,130.52838
418.44895,123.61183 423.85993,121.87031 439.53397,125.82229
426.74577,117.54526 434.5,110.28621 442.62149,103.40127
455.03886,102.53732 456.0,114.07733 459.78034,125.81525
459.01126,118.76669 450.12286,116.49454 437.97638,115.39821
435.90637,124.21363 449.00895,122.0 464.07758,120.41054
460.50266,139.50919 458.44771,148.93282 458.28172,160.55932
448.22244,167.68404 437.5438,168.53486 437.5438,168.53486
437.5438,168.53486 437.5438,168.53486 437.5438,168.53486
;
429.1687,157.07299 429.1687,157.07299 432.85993,155.2679
439.26352,153.93156 443.9593,156.99999 451.7587,152.76674
434.39524,142.99118 429.0,149.03972 420.73388,148.94092
424.74345,162.1993 429.1687,157.07298 429.1687,157.07298
429.1687,157.07299 429.1687,157.07299 429.1687,157.07299
;
429.23518,144.0 429.23518,144.0 426.53614,138.41493
435.19172,144.61694 443.4884,143.418 445.08441,133.77103
426.34419,141.66822 426.76519,139.32894 425.3927,139.78041
427.57967,144.90686 429.23518,144.0 429.23518,144.0
429.23518,144.0 429.23518,144.0 429.23518,144.0
;
446.91821,134.0 446.91821,134.0 451.76391,129.42329
447.90207,133.33544 457.11297,130.86913 461.34982,119.77719
431.97921,123.72878 445.38544,133.3854 445.38544,133.3854
446.0,133.99996 446.0,133.99996 446.0,133.99996
446.91821,133.99996 446.91821,133.99996 446.91821,133.99996
446.91821,134.0 446.91821,134.0 446.91821,134.0
;
425.37277,479.0 425.37277,479.0 428.04988,473.01703
429.33045,461.15971 430.08629,452.5 432.02271,445.63066
430.13019,424.45721 436.21971,426.80949 441.326,443.76268
441.68665,461.82739 446.32721,478.66054 450.56749,474.59544
443.30105,459.55804 444.2762,451.16346 441.57922,438.46763
438.40032,425.80117 435.9619,413.0 429.24983,416.93253
430.76725,431.83121 428.77509,440.45902 428.26883,452.931
425.32919,465.55046 423.74551,479.0 423.74551,479.0
425.37274,479.0 425.37274,479.0 425.37274,479.0
425.37277,479.0 425.37277,479.0 425.37277,479.0
;
396.64761,444.0 396.64761,444.0 406.31549,433.06953
385.6359,434.97201 396.64761,444.0 396.64761,444.0
396.64761,444.0 396.64761,444.0 396.64761,444.0
;
507.90123,236.0 507.90123,236.0 518.62462,230.12397
497.27474,228.16427 507.89623,236.0 507.89623,236.0
507.90123,236.0 507.90123,236.0 507.90123,236.0
;
