427.0,480.0 427.0,480.0 284.66667,480.0
142.33333,480.0 0.0,480.0 0.0,320.0
0.0,160.0 0.0,0.0 284.66667,0.0
569.33333,0.0 854.0,0.0 854.0,160.0
854.0,320.0 854.0,480.0 711.66667,480.0
569.33333,480.0 427.0,480.0 427.0,480.0
427.0,480.0 427.0,480.0 427.0,480.0
;
16.646736,479.0 16.646736,479.0 20.729083,472.2067
11.940903,459.34751 19.13486,451.08278 16.213353,444.6351
-12.293402,452.69396 10.771291,451.65068 20.345647,450.23889
10.459691,470.28418 15.293393,479.0 15.293393,479.0
16.646657,479.0 16.646657,479.0 16.646657,479.0
16.646736,479.0 16.646736,479.0 16.646736,479.0
;
35.461259,479.0 35.461259,479.0 35.574525,474.25104
49.527511,455.50664 44.681606,460.82939 36.296438,465.9038
33.19717,444.665 48.144534,451.51696 44.887331,447.48297
24.097691,451.83415 32.644993,436.66088 31.877254,428.41441
29.215663,419.48211 27.963291,411.05952 31.5502,403.73969
27.351179,381.31834 29.005176,399.5 26.546423,408.85534
27.23765,388.87044 26.573486,409.97124 27.319608,420.79016
31.922073,430.15263 30.859433,441.5 25.972584,433.4244
33.177452,457.02073 37.524882,460.79553 39.980741,465.62838
31.936017,477.0539 35.461259,479.0 35.461259,479.0
35.461259,479.0 35.461259,479.0 35.461259,479.0
;
46.549854,479.0 46.549854,479.0 55.5943,469.58038
59.00453,486.32645 57.0,469.5 55.585301,474.33962
52.040335,464.97715 53.0,453.82871 54.232622,444.64529
54.074313,436.7403 52.555113,424.90959 53.080456,409.07774
49.300421,395.85404 49.270324,379.5 55.98799,364.17725
41.010832,378.69023 32.268751,380.77036 17.29913,382.50904
43.690012,372.61534 49.050278,370.39207 56.55789,365.99843
71.933913,363.32183 69.476745,371.73275 74.664849,381.88858
69.84997,393.0534 61.07112,399.30605 59.977271,406.61709
58.287055,397.19794 54.0,406.45822 50.595827,412.94284
64.885421,400.44153 69.539066,395.30708 79.66675,385.48691
73.640016,369.71397 67.101443,360.57647 77.229321,354.92787
88.667535,349.13401 70.5,354.96937 73.707276,351.344
68.202237,335.26263 68.767693,325.67723 64.881073,312.9211
72.855924,298.9901 67.984526,287.1026 60.950539,281.94596
61.540579,263.70365 67.764789,277.97007 81.510815,275.36997
74.022652,284.49714 76.144871,294.42542 80.937383,300.43564
78.287406,273.67988 78.150037,275.60015 62.963687,278.85602
66.481949,269.7096 76.076815,266.29796 90.678599,260.11536
77.827038,268.78049 76.958511,257.12245 78.756175,251.89501
74.966638,224.86591 75.105659,238.5 73.162641,248.77533
80.323595,266.94938 65.884621,269.00082 58.445241,281.25949
61.973202,266.46586 58.0,275.88364 39.488474,272.41691
22.316307,282.50962 4.5,286.08115 -2.4096761,293.99343
2.9537932,307.18336 0.80497489,317.14289 3.5156442,338.13917
3.6057079,360.2042 8.0273516,380.53296 20.181082,386.04637
15.034433,367.47725 14.682877,360.55935 14.154971,347.82224
13.164912,346.58195 12.425788,333.65012 10.963918,318.47309
9.401845,303.30107 8.0,288.12103 19.308758,282.73599
28.079015,282.56922 35.313421,289.0 40.603264,299.48018
25.891489,300.98588 27.878296,311.68719 24.397441,319.8631
26.498819,335.83961 32.229763,328.42605 21.88238,333.7551
31.647636,314.08021 33.149832,324.25 31.195415,324.2023
44.225481,328.03238 37.015313,323.68426 38.483052,314.10569
30.981679,316.06767 46.941832,317.68307 56.949751,320.50306
62.914713,324.5301 54.669301,325.0693 63.096124,322.47262
55.890406,343.97915 59.854322,336.63554 62.511215,319.37832
62.861002,325.28621 61.634099,339.34721 57.843554,347.78195
67.023136,364.37057 61.749748,363.57189 49.035667,365.35917
36.63919,372.77493 23.692517,375.92603 13.961984,381.93148
17.836933,383.98727 4.3070171,388.0 5.7448044,380.16118
-4.740224,396.70375 7.7730168,389.35806 24.11424,381.05363
8.8925897,394.43317 1.0,395.98363 2.5255897,403.83333
20.929434,383.96549 22.493535,390.75 20.705343,395.16031
25.387061,419.61684 25.04942,405.0 18.918894,399.60705
26.20469,378.42384 29.183305,389.12419 32.145875,381.09442
33.172503,397.54607 30.3783,393.875 33.576764,407.39073
29.496017,394.56042 35.440712,410.64071 46.700702,425.97791
51.700204,395.01718 50.051673,412.29559 50.567481,419.48841
54.640412,450.28425 52.198524,443.63551 49.879375,439.94551
51.73327,463.23402 50.979592,470.24972 54.312624,473.64062
41.031695,479.27662 46.549854,479.0 46.549854,479.0
46.549854,479.0 46.549854,479.0 46.549854,479.0
;
41.673077,412.92971 41.673077,412.92971 29.815028,405.24089
31.886679,407.22127 43.109694,411.88799 55.483014,408.71902
44.355971,413.65878 41.673077,412.92971 41.673077,412.92971
41.673077,412.92971 41.673077,412.92971 41.673077,412.92971
;
41.404988,410.98635 41.404988,410.98635 29.860512,407.88336
36.557866,391.44921 31.830001,383.11456 44.848204,371.55815
47.286427,381.7726 46.696322,394.85465 45.848665,401.40126
52.732894,412.49254 41.404988,410.98635 41.404988,410.98635
41.404988,410.98635 41.404988,410.98635 41.404988,410.98635
;
12.350988,378.81684 12.350988,378.81684 6.7614132,374.38269
8.0823988,357.02571 7.2838106,347.5 10.279994,365.7701
7.8897846,337.25311 8.086742,331.20868 7.0896149,317.11284
5.5337962,303.02438 3.7423387,289.0 8.4108107,294.05914
5.9237958,308.53933 8.1298881,317.1615 9.9343434,337.33634
11.662603,357.51808 13.56353,377.68416 13.56353,377.68416
12.350988,378.81684 12.350988,378.81684 12.350988,378.81684
;
66.997018,358.0016 66.997018,358.0016 56.547255,354.98525
73.852158,342.37378 68.600522,357.14343 68.600522,357.14343
66.997018,358.0016 66.997018,358.0016 66.997018,358.0016
;
66.127785,339.16303 66.127785,339.16303 64.401016,365.30765
66.252526,324.18634 63.516839,337.39879 60.833037,330.77288
68.631446,318.22882 66.335384,336.63694 66.335384,336.63694
66.174909,338.58966 66.174909,338.58966 66.174909,338.58966
66.127789,339.16303 66.127789,339.16303 66.127789,339.16303
66.127785,339.16303 66.127785,339.16303 66.127785,339.16303
;
31.222362,316.62906 31.222362,316.62906 24.143189,316.59256
40.702922,289.91531 37.262431,302.85491 34.762049,307.08557
34.249873,313.63623 31.222362,316.62906 31.222362,316.62906
31.222362,316.62906 31.222362,316.62906 31.222362,316.62906
;
53.083333,295.92971 53.083333,295.92971 37.867446,295.14475
50.355409,289.76533 53.666667,296.0 53.666667,296.0
53.083333,295.9297 53.083333,295.9297 53.083333,295.9297
53.083333,295.92971 53.083333,295.92971 53.083333,295.92971
;
50.594525,284.66708 50.594525,284.66708 49.756615,283.64153
24.757515,281.93396 38.958104,278.79039 46.066914,275.31167
70.137153,279.2974 55.290714,284.01884 53.698147,283.9118
52.169186,284.56031 50.594525,284.66708 50.594525,284.66708
50.594525,284.66708 50.594525,284.66708 50.594525,284.66708
;
61.117488,479.0 61.117488,479.0 63.268744,476.19538
66.735115,478.42218 64.107216,463.62905 62.825355,443.94825
60.357059,462.03752 59.717259,450.63573 58.181569,445.1645
59.672479,418.08708 55.931392,428.35968 58.852143,444.87431
57.359127,463.92633 61.117488,479.0 61.117488,479.0
61.117488,479.0 61.117488,479.0 61.117488,479.0
;
372.47584,479.0 372.47584,479.0 376.1843,472.30502
372.15511,459.05239 370.26295,450.23244 354.70233,438.33731
350.35087,416.72064 350.99994,398.06277 365.33127,392.3418
346.89952,395.71977 354.55088,385.25442 360.53168,370.4229
351.0822,357.10964 342.4968,346.00489 332.34112,323.18781
333.4048,296.40874 343.26984,273.6312 349.11009,254.97912
349.91931,230.09416 370.48269,221.28034 382.76272,218.0804
386.48726,207.09183 384.54993,195.5 383.31051,172.08541
390.86496,146.87202 407.6856,130.40041 419.33603,121.04149
439.2717,124.87841 445.91149,138.3341 448.19871,143.56019
452.18728,156.19591 452.94561,165.21329 455.12269,181.7567
447.13036,202.77568 461.10784,215.10346 469.84868,220.70404
479.41435,222.38933 487.49921,228.59417 489.68602,245.79869
496.26177,262.20172 499.55499,279.13694 507.85868,295.90564
507.58306,316.67764 501.10948,334.04309 499.02955,345.40016
485.13386,352.52228 486.66636,363.56899 492.241,391.73482
483.63003,419.40921 477.87955,446.78109 468.56222,446.51453
471.57117,430.00185 469.98639,422.54077 469.8788,412.54955
463.49834,404.99646 470.17242,399.73364 460.07242,402.35649
464.00353,383.40987 461.04775,376.50006 461.31133,367.44987
453.78313,355.69129 459.0,349.65748 449.44858,336.98732
458.9203,319.98682 461.24474,305.93939 469.89537,300.81512
457.8093,294.11002 466.1604,284.83347 464.89492,274.68978
469.55195,265.28725 481.06607,266.00694 496.88045,258.59578
484.66569,259.15149 474.81159,264.08697 462.24997,260.89655
467.21395,289.15875 465.26203,280.60113 463.65369,260.5672
460.49261,289.48055 462.60603,288.9111 463.89362,287.10381
450.32015,300.69679 460.38597,294.82292 464.61649,291.92854
457.19482,301.67503 456.81232,310.05648 453.62399,327.39966
451.99953,323.2336 452.98127,307.74538 456.29601,288.00415
448.40207,298.04406 437.75557,302.00053 443.30511,288.30458
424.52544,312.55767 428.65545,301.4377 434.31412,289.74196
438.36815,277.00393 437.00005,263.88309 440.87354,258.59672
433.16863,240.08091 433.90096,241.04869 438.08239,222.07344
428.48144,238.22054 433.46449,222.57964 436.97333,210.43616
434.38246,195.70343 445.01838,186.83876 443.32578,177.13862
449.75562,166.19977 445.20108,155.92147 444.16408,146.56832
442.40846,133.98043 430.14457,136.0 419.54569,138.96066
412.45958,150.7822 403.80482,157.87518 399.72747,160.25036
392.97471,172.62757 396.0,182.45708 396.84905,192.60738
408.06649,197.35605 407.3701,208.2361 414.45143,214.68566
402.23993,238.38845 404.54982,222.08289 403.55285,215.33403
400.40042,236.09697 403.80342,241.20735 401.89512,249.95082
399.41832,252.89868 403.73332,266.86325 400.62543,273.8046
411.93502,284.02659 404.64896,292.02435 415.17294,295.28726
406.44835,305.39137 408.58085,316.21301 409.88216,346.65116
396.00555,376.45214 395.64258,406.01971 416.96854,416.17934
441.35909,408.97676 461.99728,400.14119 466.42166,416.90164
467.98793,434.05178 469.60035,451.32893 469.2449,457.3571
464.7753,484.52765 470.29217,475.5 469.36653,464.40028
471.70531,454.63115 479.49528,450.38597 486.48923,421.10397
495.25093,391.24341 489.10281,360.96592 495.87049,348.305
507.05606,335.47745 507.81095,319.62135 507.80085,304.63471
509.86572,288.57347 500.83177,275.5 499.1479,258.93488
491.62583,242.90906 489.7182,226.96576 481.94772,220.4855
473.33081,218.43079 465.71689,213.5956 449.41821,204.48288
458.27326,182.74819 456.11727,167.54246 456.69398,155.22236
452.78185,141.71785 446.02379,131.75335 433.11731,115.95272
404.68969,120.13854 395.9184,138.65454 392.6821,143.7449
389.70643,152.77612 384.96713,161.02547 377.13893,178.81753
388.86918,201.64582 373.49993,216.19797 350.934,223.87818
345.71991,248.76455 341.55119,269.38498 336.16307,284.39258
331.68233,299.29921 332.87197,315.48169 333.6291,332.10848
337.47385,349.43616 350.16407,361.21377 358.78554,377.57481
345.39391,394.55384 348.7297,411.74771 349.78623,427.41197
357.15247,443.03588 368.41431,453.59807 371.44105,461.17078
369.60132,473.71823 372.47584,479.0 372.47584,479.0
372.47584,479.0 372.47584,479.0 372.47584,479.0
;
420.5,408.59207 420.5,408.59207 411.57759,408.66687
408.72061,405.18669 402.44094,405.69745 399.02986,397.45546
401.68075,384.45647 408.6086,395.72473 404.00331,384.59295
403.25493,381.87965 403.9494,374.96827 411.13753,375.75401
415.85839,375.18707 412.21788,373.01533 397.48611,371.07468
410.27052,360.23499 408.55493,352.90535 407.23378,341.56885
415.87027,332.92946 414.07489,320.74179 414.21407,305.69764
413.38887,287.78353 415.11075,274.57017 417.53728,266.74175
404.3662,252.70111 409.97706,244.89615 408.55927,246.58578
419.26552,264.94395 424.66664,261.29983 423.97131,256.23922
434.14372,253.86714 426.93496,255.69548 433.50119,247.61921
435.05246,268.47495 431.39759,270.8471 432.98883,278.07162
433.46806,287.81157 425.98472,290.87256 421.41273,296.69294
422.6193,292.4576 422.20386,304.6869 425.67381,312.93381
441.3112,308.93008 446.70753,302.92627 445.26162,313.11561
452.83964,326.38819 445.87551,334.25873 430.96258,349.03345
442.83198,333.20725 449.74182,343.20906 447.67836,353.40895
458.26615,366.53026 454.15272,372.51888 438.62407,377.59735
437.91297,380.51078 454.259,375.04208 460.31615,384.15358
458.79818,389.06218 446.77729,389.92263 461.94159,385.5863
452.12157,390.93656 442.74514,395.20777 438.24746,399.7654
455.95358,391.74774 456.96579,390.00008 466.8687,398.33113
439.63658,403.55347 443.35091,403.37329 439.25127,403.44309
438.05343,405.96764 428.06566,407.51977 425.56332,408.03698
423.0427,408.35541 420.5,408.59207 420.5,408.59207
420.5,408.59207 420.5,408.59207 420.5,408.59207
;
421.54264,272.0 421.54264,272.0 421.46024,268.84286
426.48639,268.36252 419.0,265.88197 419.30805,267.58298
419.99088,271.4335 421.54264,272.0 421.54264,272.0
421.54264,272.0 421.54264,272.0 421.54264,272.0
;
411.86105,318.19058 411.86105,318.19058 408.53644,310.52455
413.88474,298.36366 411.86108,318.19058 411.86108,318.19058
411.86105,318.19058 411.86105,318.19058 411.86105,318.19058
;
422.85699,261.97247 422.85699,261.97247 419.84907,258.88512
406.38715,240.14363 416.53238,251.43026 425.51851,268.7127
419.02087,245.94672 413.09748,243.20814 408.04604,232.23315
401.80278,229.25956 414.51035,237.00877 422.6924,247.18278
433.20922,230.00183 430.74285,249.66553 429.64438,254.06771
419.74674,257.26438 422.85699,261.97247 422.85699,261.97247
422.85699,261.97247 422.85699,261.97247 422.85699,261.97247
;
421.19389,239.0 421.19389,239.0 411.62806,232.52853
408.69899,230.17933 411.48237,220.1611 411.41027,210.16025
404.1038,197.92492 414.6476,208.68574 405.72812,196.75567
411.46083,199.03008 423.84742,200.0 439.03365,192.10499
434.16257,206.66176 429.79934,215.31213 425.85226,223.13578
425.18065,237.64736 429.84034,222.5 435.93902,211.9203
425.62899,237.16721 426.43701,235.77946 424.65901,236.57402
423.24774,239.12105 421.19386,239.0 421.19386,239.0
421.19389,239.0 421.19389,239.0 421.19389,239.0
;
417.13826,219.0 417.13826,219.0 416.66872,211.52462
406.20613,203.03476 415.21028,217.42608 415.21028,217.42608
416.16312,219.0 416.16312,219.0 416.16312,219.0
417.13826,219.0 417.13826,219.0 417.13826,219.0
;
422.5,197.86684 422.5,197.86684 410.23,199.54686
395.69888,188.22964 399.81681,174.67308 402.11351,159.40566
407.45597,165.73017 414.04029,164.4635 416.43618,154.35388
406.68393,157.50458 420.0,155.5696 411.36703,149.88245
426.822,143.26547 433.10293,140.89108 438.13208,138.48178
445.22866,164.05901 440.61529,156.56013 436.28504,147.39317
414.22,157.90498 434.83315,158.53067 448.91091,159.04653
440.94787,175.94662 439.4993,184.50324 437.74513,192.4668
429.94463,196.52473 422.5,197.86684 422.5,197.86684
422.5,197.86684 422.5,197.86684 422.5,197.86684
;
425.2845,188.41367 425.2845,188.41367 438.47939,187.23805
411.52388,173.93369 423.36163,182.50007 420.35859,185.78327
412.60069,174.23528 407.96549,185.25357 416.51422,189.37015
422.53825,183.79886 425.01624,188.44365 425.01624,188.44365
425.2845,188.41375 425.2845,188.41375 425.2845,188.41375
425.2845,188.41367 425.2845,188.41367 425.2845,188.41367
;
413.5756,176.0 413.5756,176.0 409.18586,172.59323
431.67207,178.0235 421.1313,172.52766 413.05578,177.26928
413.95189,157.46827 413.5756,176.0 413.5756,176.0
413.5756,176.0 413.5756,176.0 413.5756,176.0
;
432.82143,167.92971 432.82143,167.92971 427.82074,165.62818
450.79158,168.12626 436.24663,160.27371 426.9468,156.7745
422.44893,167.09305 432.82143,167.92971 432.82143,167.92971
432.82143,167.92971 432.82143,167.92971 432.82143,167.92971
;
412.53848,479.0 412.53848,479.0 416.38639,468.42622
415.88794,452.93945 418.5,440.5 423.85838,446.31373
424.64621,460.17705 426.42961,469.35541 428.67254,490.59242
431.33794,466.48616 427.09716,457.8439 424.6012,448.98424
422.41017,432.12994 420.23125,427.86315 416.45526,426.98702
415.67305,445.36358 414.45498,453.31545 415.00393,461.51017
409.08681,472.6223 412.53848,479.0 412.53848,479.0
412.53848,479.0 412.53848,479.0 412.53848,479.0
;
79.814732,469.5 79.814732,469.5 80.123531,444.98087
74.440995,420.26145 74.311179,395.97431 78.088394,387.8789
85.842984,366.32239 76.887457,385.05604 67.267277,400.50998
76.624861,418.84831 76.701568,435.72417 77.636351,448.31259
77.806537,460.9647 79.464083,473.5 79.580966,472.16667
79.697849,470.83333 79.814732,469.5 79.814732,469.5
79.814732,469.5 79.814732,469.5 79.814732,469.5
;
385.89743,459.0 385.89743,459.0 390.85891,445.30139
377.18031,461.80937 384.69098,453.69098 390.95205,454.46962
382.41155,458.71121 385.89743,459.0 385.89743,459.0
385.89743,459.0 385.89743,459.0 385.89743,459.0
;
7.190983,385.92105 7.190983,385.92105 12.365038,378.99396
-8.0240378,383.26734 7.190983,385.92105 7.190983,385.92105
7.190983,385.92105 7.190983,385.92105 7.190983,385.92105
;
84.793046,372.45 84.793046,372.45 94.293803,362.11327
88.19999,354.52016 86.434652,345.11959 85.671659,330.26437
89.086364,313.63259 85.842931,299.83216 77.166813,289.59788
89.677224,313.61687 84.972675,320.65016 86.287816,331.64206
82.023423,344.82979 86.918197,354.41293 93.798488,358.25344
80.695792,371.09562 84.793046,372.45 84.793046,372.45
84.793046,372.45 84.793046,372.45 84.793046,372.45
;
53.698051,357.0 53.698051,357.0 69.603224,353.43697
46.450226,352.29161 41.5,349.134 20.485916,346.71668
35.843217,345.31362 47.642754,349.28054 65.547145,353.93554
56.458799,344.70439 43.634003,345.34823 24.29602,344.34515
36.743879,344.07221 24.249558,342.64499 12.991244,348.58588
16.958168,343.36346 28.224297,349.17198 9.6531492,345.89691
22.960205,351.47744 33.815781,352.99837 40.818584,353.6769
46.996032,357.19842 53.698051,357.0 53.698051,357.0
53.698051,357.0 53.698051,357.0 53.698051,357.0
;
50.809017,342.92105 50.809017,342.92105 56.493425,344.80086
54.155182,329.77619 50.533525,333.55354 37.342085,329.73778
43.584802,332.48382 47.276517,341.5 47.76872,343.54096
49.086042,343.05523 50.809017,342.92105 50.809017,342.92105
50.809017,342.92105 50.809017,342.92105 50.809017,342.92105
;
47.784478,330.96456 47.784478,330.96456 47.506283,326.09821
33.936131,317.9371 46.068957,331.0 46.068957,331.0
47.784478,330.9646 47.784478,330.9646 47.784478,330.9646
47.784478,330.96456 47.784478,330.96456 47.784478,330.96456
;
387.4678,302.0 387.4678,302.0 403.73078,290.24813
370.98732,296.56107 387.4678,302.0 387.4678,302.0
387.4678,302.0 387.4678,302.0 387.4678,302.0
;
19.197347,278.7789 19.197347,278.7789 32.331047,276.37166
43.511787,269.41235 56.953121,268.73316 54.856848,268.22587
74.945714,262.80552 64.082389,265.25 70.612121,257.11335
50.301644,268.24168 50.458558,258.50445 48.373718,241.45775
46.106141,244.12758 48.069451,259.82283 51.940136,268.72279
59.751302,264.50224 44.6,267.0 46.011054,260.41324
48.644645,238.57863 38.122316,240.03656 32.414626,240.31191
5.8389075,241.42 16.91479,236.11083 32.61504,236.09083
48.448496,233.60772 64.0,234.14665 57.381051,238.79915
44.019267,237.21981 51.25,251.05483 57.5291,257.50908
69.991123,253.92436 52.000006,259.07037 54.281472,264.08186
70.15784,257.856 61.627464,251.67188 52.817803,253.1227
56.923688,252.5926 61.868675,247.97848 46.269071,253.25481
55.451492,232.95268 63.007397,241.22784 63.775465,260.75562
67.716778,240.37779 65.999991,231.88197 69.64075,233.67918
59.485911,215.06893 54.534044,228.41322 47.786193,238.02932
43.261147,230.15817 51.0,223.90589 46.766352,213.83344
39.826922,220.9848 36.343298,224.84915 21.949912,227.66236
40.893102,218.17071 27.988341,222.12524 11.926752,219.57408
28.208559,220.54925 22.295933,225.43993 16.427624,223.81543
17.278167,236.58863 13.830875,221.74567 5.6004447,216.46259
-6.7345098,222.62676 5.9385339,224.92879 4.3208191,227.55151
-2.9207779,235.96767 5.1257165,236.0 4.026346,221.75117
12.319443,246.05813 7.3513235,245.38162 -0.65500308,243.33974
0.53827432,268.84531 2.710251,263.0 8.0770802,251.92754
-0.49559844,268.96364 2.3322542,273.29466 0.69654622,277.22425
12.687021,273.01542 8.2850014,268.04833 4.615246,257.78386
18.38542,279.24741 15.028756,259.68948 16.333649,249.78284
15.535609,265.59355 26.5,263.86158 36.943228,269.86623
30.37175,266.21609 26.976805,268.3359 25.537007,269.65623
-1.0195401,277.42547 15.354167,274.97917 4.9447116,274.19819
-7.2214298,286.37874 10.353528,281.16302 13.301468,280.36831
16.249407,279.57361 19.197347,278.7789 19.197347,278.7789
19.197347,278.7789 19.197347,278.7789 19.197347,278.7789
;
21.0,275.87914 21.0,275.87914 12.715094,272.7717
37.480209,270.34085 21.0,275.87914 21.0,275.87914
21.0,275.87914 21.0,275.87914 21.0,275.87914
;
39.007945,264.77001 39.007945,264.77001 35.957467,265.6901
34.170272,260.90825 42.5,259.03011 43.809129,261.40477
43.571729,265.35192 39.007945,264.77001 39.007945,264.77001
39.007945,264.77001 39.007945,264.77001 39.007945,264.77001
;
26.25,261.96959 26.25,261.96959 14.392795,261.93919
21.023576,252.50698 26.28221,256.02885 26.833067,262.49796
45.226992,247.05966 43.000005,255.83308 33.24919,253.35571
31.826154,265.65609 22.692925,257.97375 18.632913,259.85049
30.560081,260.35148 26.250005,261.96959 26.250005,261.96959
26.25,261.96959 26.25,261.96959 26.25,261.96959
;
19.950718,254.50293 19.950718,254.50293 10.660687,251.15725
17.451557,244.15514 25.198656,248.00818 22.617076,252.40954
27.30175,252.5773 19.950718,254.50293 19.950718,254.50293
19.950718,254.50293 19.950718,254.50293 19.950718,254.50293
;
33.809017,253.92971 33.809017,253.92971 26.947895,250.88951
49.734227,237.99619 39.622445,249.0 32.312116,250.96847
32.588444,253.0054 33.809017,253.92971 33.809017,253.92971
33.809017,253.92971 33.809017,253.92971 33.809017,253.92971
;
16.872445,233.93661 16.872445,233.93661 8.073583,236.34975
7.6570279,218.19447 13.265392,227.41154 5.0137936,227.97715
22.674211,235.36161 16.872445,233.93661 16.872445,233.93661
16.872445,233.93661 16.872445,233.93661 16.872445,233.93661
;
484.96862,259.0 484.96862,259.0 493.95985,253.81919
475.2497,253.17441 484.89652,259.0 484.89652,259.0
484.96862,259.0 484.96862,259.0 484.96862,259.0
;
2.1268232,206.0 2.1268232,206.0 7.3132209,197.87517
-2.5153161,192.25972 2.1268232,206.0 2.1268232,206.0
2.1268232,206.0 2.1268232,206.0 2.1268232,206.0
;
