569.33335,640.0 569.33335,640.0 379.55557,640.0
189.77778,640.0 0.0,640.0 0.0,426.66667
0.0,213.33333 0.0,0.0 379.55557,0.0
759.11113,0.0 1138.6667,0.0 1138.6667,213.33333
1138.6667,426.66667 1138.6667,640.0 948.88892,640.0
759.11113,640.0 569.33335,640.0 569.33335,640.0
569.33335,640.0 569.33335,640.0 569.33335,640.0
;
506.82343,638.66667 506.82343,638.66667 508.72655,630.4428
506.70363,616.8692 504.14713,606.25084 484.00695,588.79545
476.9521,561.78139 478.2704,536.0 496.57104,533.19457
483.40886,522.43805 479.12624,529.79829 481.06018,517.94726
492.50581,500.88508 476.42643,494.8562 471.29101,475.94213
455.68685,461.55794 456.46448,440.82942 453.17877,411.88629
458.97185,383.01605 472.04731,357.17572 479.63479,330.26073
486.83877,297.97407 515.89476,286.48382 537.64726,279.44645
522.91554,254.28582 526.53386,238.12376 529.21077,210.20953
535.23899,177.52388 559.33336,159.9084 578.89164,151.2775
604.2313,158.91792 611.15088,180.39628 626.12837,206.50728
620.00469,238.09192 625.30939,266.09121 632.81196,287.08657
657.41366,289.06189 673.43502,300.09763 678.5339,320.52015
683.56178,341.68638 686.6667,362.52328 689.43936,379.96315
699.68185,396.57442 697.29795,415.21621 697.32205,441.14393
689.68669,469.82947 670.29827,487.72728 680.30166,528.63908
665.18409,568.55452 657.35497,608.42284 649.261,609.73418
650.4906,591.75223 647.01944,579.66673 650.26511,568.93498
640.60154,552.96531 645.33327,546.28033 651.73842,539.98755
633.38186,535.55794 637.41914,519.61362 636.56838,503.85124
633.1355,488.88529 630.36382,473.33333 637.46229,468.90828
623.51568,451.69526 630.95622,440.10743 634.60145,427.26719
636.48976,412.08756 643.99994,402.54921 637.644,390.52587
643.46897,383.2928 647.99994,371.9638 650.22434,355.53246
649.08596,355.3971 660.87845,354.78991 677.11476,352.87778
683.06302,336.78754 667.83599,348.83053 654.24871,348.76273
641.06625,358.11243 643.32927,372.84527 645.55377,382.87272
623.61013,397.43528 636.95884,395.13262 644.00916,387.42228
635.25253,398.77426 634.51816,408.38368 630.37287,423.91272
624.60969,450.70339 627.14652,419.71947 626.72272,407.40956
620.40795,385.884 625.33331,384.85304 617.0138,398.52536
609.16101,398.38902 604.35746,392.77283 593.33528,408.57579
593.04755,398.837 600.13762,385.3921 605.04991,371.83235
604.57201,357.44661 606.354,343.33333 603.47419,360.87789
602.74314,333.59223 601.68975,327.45669 600.97058,319.13122
595.39084,293.1476 595.7982,300.03265 591.10296,295.12517
603.79295,260.64275 595.00166,281.85101 586.66971,292.72567
598.99977,308.27822 586.00002,314.57076 569.61245,312.28732
568.3093,294.36151 569.87455,280.54757 557.30926,264.53379
566.11943,263.34994 583.42866,263.77739 601.88696,253.86186
593.68025,269.15029 585.33335,276.01037 596.11643,268.84826
582.50194,286.94795 585.91512,297.1483 590.7076,323.03477
586.82097,285.68974 592.50753,277.06173 595.84612,263.04559
605.0711,253.83015 609.54605,240.63318 615.03748,216.35165
605.54591,192.54339 595.57198,170.66676 579.2825,166.51252
568.3077,176.13446 560.63791,189.65085 552.71582,199.28596
545.87442,215.02159 544.96915,212.39227 535.95939,230.80232
547.03225,253.40334 561.77746,265.85205 555.09304,272.98831
574.05524,288.19166 566.61117,298.7333 562.72096,305.14504
556.5294,289.33288 557.28288,285.85764 554.09523,300.41824
556.3904,315.62579 559.99975,329.84311 549.69309,315.29422
555.23568,335.22249 558.63757,346.78938 556.90793,358.26304
558.98532,358.91917 564.27506,374.43869 562.64364,387.02998
566.52923,393.15531 566.92681,406.35923 571.60993,454.54681
551.86923,500.00251 546.80943,547.33333 575.0109,562.90127
609.10021,551.1398 636.66673,538.84741 643.9066,567.93365
648.74827,599.60819 639.70713,628.52955 641.52494,656.28584
640.46979,613.9874 651.65765,616.33328 656.99249,624.4304
664.63336,597.79591 665.24953,588.66661 672.8511,556.30882
682.45876,523.19107 674.47138,489.82439 703.3515,457.19686
708.93713,406.56045 690.67898,367.33328 690.03164,344.06907
680.10119,321.98371 678.29911,298.66661 677.61163,293.39823
659.43165,291.61775 651.75293,283.57632 640.39305,279.82342
632.65483,271.67494 628.11383,259.33327 628.16083,225.40133
626.75375,187.55412 603.82514,160.76324 591.33216,147.51069
569.56465,151.17548 554.44752,157.60671 534.25657,172.84677
528.58932,199.86567 523.36354,223.13547 519.23917,240.0167
524.15267,257.6202 523.03752,273.982 515.06975,286.46074
496.63215,288.3615 488.71886,302.30023 473.93424,327.70716
470.24804,357.17439 457.23616,383.4966 449.83779,411.146
449.58951,441.85776 459.0234,468.84136 468.96691,479.3344
468.73288,495.77728 481.33275,504.03589 478.32463,523.30126
470.61409,542.62166 476.15237,562.55745 479.84269,579.60769
487.56906,597.23581 501.33275,608.5412 504.35596,618.55131
500.37312,629.69795 506.82343,638.66667 506.82343,638.66667
506.82343,638.66667 506.82343,638.66667 506.82343,638.66667
;
580.00002,551.26849 580.00002,551.26849 567.572,551.05408
564.40272,549.31018 555.91164,546.18232 550.98742,548.63054
554.89501,510.72798 558.46176,526.50849 571.21729,551.57891
552.50251,504.1733 559.85418,515.25611 548.57583,499.32543
571.85827,508.95716 568.93233,505.44787 581.02623,504.11554
557.67957,501.19258 562.99918,496.95815 560.55218,493.88347
568.44242,483.72498 564.71565,475.43439 568.91494,455.60068
575.75033,436.1083 572.98147,415.33336 564.76203,434.46967
581.31256,400.83195 577.98046,391.24775 579.94625,373.7251
580.46484,372.38472 574.5652,356.19174 567.56401,344.40722
564.42375,328.45649 563.15557,317.33342 570.77463,327.75483
569.81678,320.0394 580.28342,337.49452 579.13473,328.07318
570.79354,315.1969 563.43385,308.99415 567.95348,298.32373
583.63371,329.76414 590.35865,314.83164 599.72261,313.34464
587.00894,342.81791 591.30754,337.67204 598.17128,322.52453
595.40681,350.11593 601.5171,353.34596 593.42295,361.18649
602.48559,371.1543 596.54935,382.62938 596.91268,381.46998
581.66293,394.50794 589.53159,395.9924 578.27961,404.88687
596.51245,414.81369 602.86801,406.61819 622.60823,395.93686
618.64144,413.34907 619.8563,428.00007 628.68454,445.07047
600.01001,460.21485 604.22765,461.74803 615.92229,445.53368
625.03291,461.93212 623.50985,475.6994 624.79819,491.38509
638.37627,504.52612 614.25175,506.79166 596.43377,517.69637
635.27327,495.12164 630.20553,514.09048 636.51268,527.6287
612.33093,527.80139 608.45497,535.56608 620.65531,534.88951
633.55054,516.27534 633.26089,533.30423 626.33781,542.93527
612.41545,544.39688 604.07457,543.95407 596.59984,543.81172
601.68433,551.96132 580.79263,551.20383 580.79263,551.20383
580.00002,551.26849 580.00002,551.26849 580.00002,551.26849
;
586.35748,350.08697 586.35748,350.08697 580.59933,337.3257
563.41979,322.77598 580.5559,343.88048 582.22788,344.62629
584.71466,351.39391 586.35748,350.08697 586.35748,350.08697
586.35748,350.08697 586.35748,350.08697 586.35748,350.08697
;
625.06104,457.685 625.06104,457.685 618.30625,463.17311
626.43185,436.39448 625.12164,457.2861 625.12164,457.2861
625.06104,457.685 625.06104,457.685 625.06104,457.685
;
622.90922,415.33333 622.90922,415.33333 618.7422,438.44907
623.21749,382.54414 622.94152,415.09776 622.94152,415.09776
622.90922,415.33333 622.90922,415.33333 622.90922,415.33333
;
575.84532,262.57272 575.84532,262.57272 557.7055,258.70519
545.2377,242.92965 548.03393,223.77321 548.58913,207.4446
569.86984,224.08807 563.03009,206.86136 540.16735,202.6201
579.58254,207.1699 565.97809,198.41427 557.73679,192.06184
588.71875,174.75031 583.78817,176.03619 598.09949,176.40981
594.14335,187.29858 602.46913,198.66687 598.0161,197.57515
589.99144,188.38063 576.50946,197.41971 578.94075,207.50681
606.70562,192.3828 604.8679,210.40554 605.9746,229.38539
605.28451,256.84497 581.84535,261.08499 579.84074,261.24782
577.87021,262.85221 575.84532,262.57272 575.84532,262.57272
575.84532,262.57272 575.84532,262.57272 575.84532,262.57272
;
565.24764,249.33333 565.24764,249.33333 569.48843,244.23776
599.6997,248.99503 581.11346,236.10991 575.26763,232.57496
571.99156,243.19257 571.07805,234.77199 564.92539,235.4056
562.47591,236.27916 564.05016,249.33345 564.05016,249.33345
565.24699,249.33345 565.24699,249.33345 565.24699,249.33345
565.24764,249.33333 565.24764,249.33333 565.24764,249.33333
;
564.23252,230.66667 564.23252,230.66667 560.76145,220.57745
580.87293,236.66754 578.4825,223.33333 586.8349,234.0176
584.59978,213.06027 573.43035,224.57345 566.94449,226.3963
555.88731,216.3892 564.23252,230.66667 564.23252,230.66667
564.23252,230.66667 564.23252,230.66667 564.23252,230.66667
;
587.61868,214.66667 587.61868,214.66667 598.11067,214.56527
606.87443,198.75504 584.87573,203.70642 577.12353,205.32467
580.52056,215.74714 587.61868,214.66667 587.61868,214.66667
587.61868,214.66667 587.61868,214.66667 587.61868,214.66667
;
562.4801,638.38457 562.4801,638.38457 570.48915,625.83536
566.67635,604.92263 573.6406,590.08796 575.45847,585.48081
577.57412,612.88633 581.30185,622.0 579.26206,648.43066
589.55251,633.73042 583.34162,615.50174 578.97525,601.88786
578.61151,590.54787 575.95313,577.24568 566.24346,569.69658
572.37742,596.24619 566.59696,603.03043 566.38137,613.54007
559.31741,632.47868 562.4801,638.38457 562.4801,638.38457
562.4801,638.38457 562.4801,638.38457 562.4801,638.38457
;
528.95487,617.67157 528.95487,617.67157 541.78032,622.08337
528.36972,603.0991 528.38276,619.33333 528.38276,619.33333
528.95488,617.67157 528.95488,617.67157 528.95488,617.67157
528.95487,617.67157 528.95487,617.67157 528.95487,617.67157
;
538.33335,402.41748 538.33335,402.41748 551.9096,390.00777
527.31843,398.02019 538.33335,402.41748 538.33335,402.41748
538.33335,402.41748 538.33335,402.41748 538.33335,402.41748
;
609.77567,384.0 609.77567,384.0 617.76463,371.23543
609.57442,371.12133 608.92458,376.50396 609.5205,378.46499
605.5482,385.31778 609.77567,384.0 609.77567,384.0
609.77567,384.0 609.77567,384.0 609.77567,384.0
;
671.31274,344.0 671.31274,344.0 687.41786,335.05354
658.4927,332.303 671.31274,344.0 671.31274,344.0
671.31274,344.0 671.31274,344.0 671.31274,344.0
;
