184.92804,480.0 184.92804,480.0 123.28536,480.0
61.64268,480.0 0.0,480.0 0.0,320.0
0.0,160.0 0.0,0.0 284.66667,0.0
569.33333,0.0 854.0,0.0 854.0,160.0
854.0,320.0 854.0,480.0 729.74086,480.0
605.48172,480.0 481.22258,480.0 480.95433,471.21822
478.24916,458.23932 487.7082,453.27434 494.40803,450.47484
498.51639,445.67356 501.94781,437.71651 506.32832,429.3885
498.09172,410.60482 506.48372,409.01358 510.66189,400.6238
500.3201,381.48863 516.29668,380.65193 528.6774,374.09961
522.81749,356.52959 528.05201,345.18071 530.06877,321.10086
527.24588,296.16451 519.2578,273.17592 520.22344,250.43317
512.77335,228.67002 510.84054,206.12549 501.70283,200.4494
493.18055,196.36261 484.322,190.44818 465.1912,184.15774
470.19611,160.77663 469.23,144.96347 469.4943,124.81042
464.81089,106.36271 453.99859,90.189173 444.41287,82.461407
430.33696,83.617864 419.24872,85.113288 404.74442,90.222329
394.34499,106.05815 389.81767,121.08248 390.35403,128.31592
385.82369,136.71795 384.97579,147.0 384.67888,157.05097
382.79685,166.11402 377.73752,174.89579 363.16089,186.36884
384.34879,177.44407 382.87595,181.15983 380.76967,191.83666
374.75364,193.1608 366.67398,200.52488 350.23731,215.26275
349.61788,239.4974 345.99274,259.80328 343.9028,273.07332
340.15396,286.21474 340.67299,300.02361 338.56033,311.07319
342.99393,321.12093 339.00639,331.44466 340.65874,346.06804
331.95207,359.73473 334.84171,374.72048 337.49436,384.06663
343.27595,391.93776 345.63728,401.03791 342.04675,412.53979
345.24267,423.48151 353.24878,432.23481 358.68719,439.86987
373.22881,440.99835 370.25314,453.3656 369.56246,462.31667
376.51391,482.94074 362.01808,480.0 302.98848,480.0
243.95553,480.0 184.92804,480.0 184.92804,480.0
184.92804,480.0 184.92804,480.0 184.92804,480.0
;
391.30103,479.9998 391.30103,479.9998 376.70454,483.10306
369.69313,478.59593 373.44415,463.29047 374.42064,449.14244
370.86749,434.39811 368.4408,421.22585 368.64238,431.25023
385.72658,430.89758 378.18695,417.61395 375.89432,405.58551
374.88423,392.17615 359.62254,398.32777 343.98707,403.60575
348.37994,388.03296 340.50607,379.93096 332.11623,362.13156
346.472,344.03868 344.02758,325.5 342.00857,297.45206
348.07762,270.08473 352.32025,242.54824 353.53822,222.31644
364.06437,202.18119 383.38771,193.95709 391.87557,188.65891
388.20213,175.20427 388.71876,166.5 386.57411,143.24738
394.02862,119.93269 405.71267,100.14604 414.10001,88.044454
429.69717,83.554078 443.13693,89.962423 457.20622,96.545512
462.51389,114.99068 464.33635,129.37654 465.89371,146.35684
462.61735,164.83836 467.81198,180.8166 471.13729,191.5171
480.73312,193.10155 489.26021,198.67307 495.74911,202.15277
517.55087,216.06777 508.0133,211.19828 509.87493,234.313
515.94958,256.29502 517.43332,279.39435 525.34712,305.89517
527.76363,334.54173 520.92179,361.45546 523.97894,375.28135
511.19894,377.87752 503.65135,383.99999 497.98113,389.82522
502.00119,405.75096 500.01032,415.41129 501.15428,427.63671
500.50177,440.60152 488.97709,447.7853 475.14951,459.43787
487.86157,448.36238 477.50012,446.49999 474.70537,430.7293
473.97365,414.42022 469.78614,398.99999 484.06094,396.81513
461.88675,392.12915 467.16594,380.28082 466.33982,367.42538
464.26444,354.87803 463.23573,342.12356 469.15971,337.49908
460.47003,326.23559 465.52272,317.68118 470.4659,307.80624
472.16241,294.4791 480.41697,288.26196 476.53548,282.0733
479.23255,273.44806 484.00012,265.94991 480.92247,251.60078
495.71366,249.86799 505.30534,246.45296 515.84459,245.92077
502.917,226.89655 501.85318,238.12002 508.37503,247.43224
487.56676,243.73233 483.1987,251.4026 479.58182,259.22868
481.41032,275.94082 470.52751,276.49999 474.66796,285.20732
469.22832,294.85521 466.17806,304.74811 460.78676,318.42515
465.17797,290.79742 466.53944,285.71633 467.45997,280.55628
470.51428,258.88996 462.80628,266.81295 461.33786,277.87718
454.09911,283.74011 457.50009,269.6906 451.59311,271.57359
448.49783,287.06901 440.64989,282.8643 428.80518,292.96112
443.36811,272.9795 443.90075,267.24023 446.44965,255.35147
448.38977,248.1025 449.00017,239.08155 447.93684,236.09728
444.74624,223.91988 445.13366,216.00024 448.15513,214.99483
442.01865,209.62089 442.46279,200.23705 447.1213,188.01089
445.76439,174.72283 441.06153,194.02773 437.7061,199.87135
438.84331,212.13816 438.00719,211.49587 441.32092,221.96281
432.09806,205.30818 433.73261,217.37535 421.65186,211.9884
423.37306,203.9139 422.05609,192.69982 419.38492,178.39498
408.41561,173.2003 417.54613,190.28892 424.60141,203.36089
414.97176,211.2945 411.93651,194.50024 403.58987,206.88338
415.35498,222.16559 416.47563,235.59942 422.86887,250.98952
417.75799,247.50184 408.19619,238.36437 396.3749,240.22583
421.23918,248.62213 420.07807,257.87537 423.32982,269.12505
418.60416,274.61544 422.70971,284.01476 423.68525,309.84727
420.69715,335.40589 414.37457,360.39584 412.70943,374.38514
411.83193,388.48949 408.85972,402.28829 420.71611,407.96278
426.6208,410.59097 438.56795,407.28018 447.53395,408.45156
463.01029,394.49863 466.42579,402.8244 469.216,416.66854
471.11912,430.96213 471.59131,444.94623 469.61891,457.09137
481.59558,458.97293 476.76435,471.5 481.04358,486.43662
461.58124,477.67945 452.90239,479.68408 437.88089,484.69651
437.47005,469.47719 437.91619,458.58187 436.44849,443.69104
431.79583,430.9647 428.79067,417.19313 417.23979,414.29313
421.15421,433.93868 417.00108,440.8176 413.39868,453.67708
414.8962,467.79173 409.10208,480.0 403.1684,479.99993
397.23471,479.99987 391.30103,479.9998 391.30103,479.9998
391.30103,479.9998 391.30103,479.9998 391.30103,479.9998
;
401.4625,451.68079 401.4625,451.68079 411.67474,438.48675
387.9359,442.60339 401.4625,451.68079 401.4625,451.68079
401.4625,451.68079 401.4625,451.68079 401.4625,451.68079
;
399.18164,286.65451 399.18164,286.65451 416.44222,271.89471
382.41807,279.75815 399.18164,286.65451 399.18164,286.65451
399.18164,286.65451 399.18164,286.65451 399.18164,286.65451
;
433.0,208.0 433.0,208.0 436.85926,198.4229
440.12489,184.3325 446.17242,173.8508 457.0881,163.69251
458.63635,146.74227 458.21237,132.68713 454.47351,121.97446
454.61618,107.34238 446.21032,99.758843 432.7831,92.897622
421.88626,107.83236 416.29568,117.98842 410.82486,124.93397
409.34583,132.79946 405.13416,141.40648 397.97696,159.42046
413.10926,175.81099 425.99992,186.16667 418.9615,175.72547
419.20916,174.47442 432.63487,175.91393 443.80251,171.72174
443.16418,177.90996 434.78783,184.08097 438.01379,191.64057
428.60078,201.76623 433.0,208.0 433.0,208.0
433.0,208.0 433.0,208.0 433.0,208.0
;
430.91849,173.33444 430.91849,173.33444 416.34147,175.76175
405.16043,159.57064 409.44841,146.04133 406.57257,134.40192
430.09785,137.09917 419.86062,126.50115 417.21876,124.17395
428.32295,124.29118 427.0,115.85714 429.29393,106.26064
441.14223,99.59751 445.59861,106.60054 447.4224,113.80928
455.37282,124.08759 440.07218,117.26349 422.27358,121.36257
434.96608,124.96964 446.36471,123.65436 457.63758,128.03742
453.1051,143.86591 449.9832,152.43641 449.71299,164.07325
442.54401,172.32563 430.91849,173.33444 430.91849,173.33444
430.91849,173.33444 430.91849,173.33444 430.91849,173.33444
;
427.81821,167.0 427.81821,167.0 441.02788,165.59051
425.98152,161.19857 422.0,162.01182 426.50804,160.3431
446.47998,162.02992 433.5,152.9853 428.28636,152.70773
419.62386,149.12176 420.77584,154.85883 413.17645,158.26025
423.25143,167.49026 427.81821,167.0 427.81821,167.0
427.81821,167.0 427.81821,167.0 427.81821,167.0
;
422.17842,149.0 422.17842,149.0 421.31559,145.72323
431.58047,146.79532 435.86522,148.00001 439.28613,134.7021
429.26129,144.2588 426.36163,140.5 426.01449,140.69253
415.68893,137.56634 419.57143,147.42857 420.6667,147.40607
420.7377,149.85646 422.17842,149.0 422.17842,149.0
422.17842,149.0 422.17842,149.0 422.17842,149.0
;
439.12756,135.9922 439.12756,135.9922 445.00083,135.82443
459.51266,129.65814 445.95977,125.43882 436.75412,121.11737
428.09786,132.854 439.12756,135.9922 439.12756,135.9922
439.12756,135.9922 439.12756,135.9922 439.12756,135.9922
;
430.75,179.98469 430.75,179.98469 447.47792,176.85888
419.63541,177.10397 430.75,179.98469 430.75,179.98469
430.75,179.98469 430.75,179.98469 430.75,179.98469
;
425.0607,480.0 425.0607,480.0 407.47206,485.04003
416.79644,471.00025 417.63541,460.6389 418.79491,446.71605
423.34546,433.4565 425.23254,419.66414 429.59771,435.24138
434.59158,451.86747 434.02378,468.5 437.84095,482.19677
439.92824,480.24225 425.0607,480.0 425.0607,480.0
425.0607,480.0 425.0607,480.0 425.0607,480.0
;
367.78133,438.96838 367.78133,438.96838 354.29065,432.45742
343.67216,417.22321 349.25008,402.00001 357.27107,405.57943
373.36456,393.74208 372.23598,407.44399 375.18117,418.55228
372.61572,428.30626 369.45291,411.64095 363.18007,401.11294
363.32488,423.12576 364.72597,427.94632 364.37018,433.53579
370.02898,432.19287 367.78133,438.96838 367.78133,438.96838
367.78133,438.96838 367.78133,438.96838 367.78133,438.96838
;
359.54978,431.66667 359.54978,431.66667 366.05323,419.2767
347.43417,422.22468 359.54978,431.66667 359.54978,431.66667
359.54978,431.66667 359.54978,431.66667 359.54978,431.66667
;
431.88762,403.62981 431.88762,403.62981 414.07587,403.10478
425.53394,403.67651 424.75,400.63029 414.27004,402.17701
411.37985,401.03826 416.00642,388.54623 416.28866,383.20635
417.46009,364.82871 419.11245,368.62707 421.03959,386.68477
423.00087,372.41875 424.04279,362.64627 415.19793,362.93342
421.66121,348.78945 422.91622,339.13388 429.35061,318.56834
423.62006,294.25759 427.06573,275.0 438.17818,275.29889
419.19183,293.95501 435.41864,291.98221 444.4438,294.75638
451.45342,284.81602 458.99997,292.11823 458.84491,301.80855
466.24939,283.38282 459.29699,299.49997 460.65865,306.2827
451.99587,335.31815 454.04377,327.971 452.06914,322.08401
444.06475,348.64341 453.47616,332.66537 456.03334,332.29793
455.2098,351.60303 459.56224,358.39754 467.86001,367.60489
450.73918,374.14847 460.00519,378.51562 454.56974,379.20619
448.38521,381.20036 460.05569,381.04844 454.50438,386.69663
466.34424,387.16644 451.99992,393.19001 454.9071,395.68527
467.05632,393.53212 456.55381,397.48522 446.70542,397.22998
440.869,404.24057 431.88757,403.62981 431.88757,403.62981
431.88762,403.62981 431.88762,403.62981 431.88762,403.62981
;
459.97775,341.0 459.97775,341.0 458.90876,356.34917
458.5137,326.29448 460.60198,321.99802 462.53126,323.09975
460.44771,336.09334 459.97775,341.0 459.97775,341.0
459.97775,341.0 459.97775,341.0 459.97775,341.0
;
430.0,272.9842 430.0,272.9842 423.77651,272.8962
424.06203,248.68567 433.02759,260.0 435.87549,259.19128
443.64294,275.11839 429.99995,272.98419 429.99995,272.98419
430.0,272.9842 430.0,272.9842 430.0,272.9842
;
436.59847,254.16288 436.59847,254.16288 430.86444,257.57091
423.96263,242.92131 421.74241,239.09471 419.72826,231.69179
416.20242,210.73416 424.39408,227.76437 428.0636,243.97802
428.23183,218.58425 420.34402,214.77607 426.85339,205.85964
427.03193,230.2714 434.90451,220.5 438.81831,222.66715
428.70829,222.11374 440.0,225.78602 433.69876,232.21746
442.13741,226.8129 441.6027,240.67338 445.16594,251.47984
441.6251,247.94562 438.17838,251.90724 438.17838,251.90724
437.05431,253.51208 437.05431,253.51208 437.05431,253.51208
436.59847,254.16288 436.59847,254.16288 436.59847,254.16288
;
434.11663,247.0 434.11663,247.0 437.976,246.02538
440.01539,228.09677 434.11563,238.53665 430.42054,235.02568
432.69446,247.79889 434.11663,247.0 434.11663,247.0
434.11663,247.0 434.11663,247.0 434.11663,247.0
;
