180.28076,480.0 180.28076,480.0 120.18717,480.0
60.093587,480.0 0.0,480.0 0.0,320.0
0.0,160.0 0.0,0.0 284.66667,0.0
569.33333,0.0 854.0,0.0 854.0,160.0
854.0,320.0 854.0,480.0 727.33333,480.0
600.66667,480.0 474.0,480.0 472.98331,467.53719
476.90099,456.18797 477.5336,443.75 487.07363,442.95297
487.93028,426.80625 495.85448,423.37507 509.97492,421.75558
509.74729,403.99218 509.91127,392.87313 508.43556,381.23705
527.6563,385.16624 523.28087,370.58135 526.18554,353.01451
515.13877,338.02543 516.67934,320.83394 517.12503,294.99512
511.4899,270.08711 509.97267,244.73156 508.05801,229.73521
505.52856,215.63425 502.76017,200.98713 492.36084,196.68925
483.44111,189.72131 474.00084,183.728 473.42059,173.30431
474.10087,164.21511 476.82759,154.83668 479.21937,139.92443
476.52127,125.46828 471.10618,111.62973 468.77152,103.45242
462.38805,89.171808 452.10869,92.189537 439.25388,83.963073
420.31077,90.390161 412.94376,103.7465 398.49534,119.74102
391.14339,140.87852 393.35907,162.3777 392.85986,170.46479
388.07577,181.2234 383.25,185.62118 374.66298,189.52643
363.52951,194.97349 360.11614,203.00001 352.35203,215.32948
350.24415,231.94729 347.24587,246.54061 341.88553,263.01937
344.95566,283.19362 340.70035,299.39483 344.37919,310.89607
337.84336,323.15129 342.47739,334.10309 335.54833,346.96704
328.00274,364.1409 338.58646,377.16334 346.29031,389.78913
337.817,406.82267 349.87781,417.69893 360.01643,422.55978
363.05311,430.1377 362.22229,442.50001 361.19356,454.91854
364.9464,468.15695 360.56152,480.00001 300.46794,480.0
240.37433,480.00002 180.28076,480.0 180.28076,480.0
180.28076,480.0 180.28076,480.0 180.28076,480.0
;
385.31789,480.0 385.31789,480.0 370.05756,482.19012
362.91509,480.0471 367.44226,463.70416 367.36146,449.83598
367.75052,434.95881 363.79972,421.86693 374.04923,420.61256
376.88071,413.28115 373.56809,402.25409 376.03463,388.30061
367.37372,382.51623 354.69195,386.9741 342.48784,394.4186
346.5607,378.29006 341.06483,371.62604 332.31359,359.60869
343.27921,346.01414 347.27962,334.10902 339.49576,324.92084
349.7833,315.27464 345.6713,305.55329 343.80847,295.12963
350.4821,285.7183 348.05565,274.85176 348.17853,257.80521
353.58176,242.75591 356.05038,226.23682 360.20787,212.78002
364.82985,198.01782 379.74578,192.95855 388.58413,190.23443
394.18456,185.46053 395.5792,175.83738 403.63831,162.35451
393.2488,145.47685 403.55686,132.44245 410.73061,117.7784
417.12567,97.837147 434.89511,94.0 447.86607,92.59072
463.4121,97.861448 465.43824,112.3724 472.95267,129.00766
469.80656,147.25768 470.46927,164.93077 464.88513,172.8983
468.8358,184.32211 473.92698,191.57679 482.51991,194.40374
488.85613,202.62521 498.76674,204.0 499.45513,211.2306
503.85207,233.12548 502.38229,229.62894 491.71212,218.21517
499.60956,238.67701 488.67221,235.70847 480.26626,238.14023
475.60308,244.68922 474.99999,252.06642 480.73423,268.55893
478.39203,238.41059 489.20964,241.0 496.33955,241.65844
506.80792,229.44417 504.6373,243.91647 508.50762,255.03365
506.46651,268.83618 509.2239,281.39893 508.69172,292.04565
514.5928,302.42321 511.08973,311.73036 512.78517,327.01744
512.60842,342.93765 519.09043,356.82693 517.80634,365.36349
522.96171,380.45277 509.95019,380.99117 507.26652,395.069
494.58491,384.37534 485.76507,386.36014 483.89019,395.88092
479.71112,408.83666 482.24489,417.0 486.87793,416.50978
489.30316,437.01745 478.90785,430.91432 479.95676,419.98819
470.02738,417.69237 473.01116,431.45909 473.46658,447.5476
469.45344,463.35533 469.4996,479.5 458.25588,478.39711
442.37632,482.48956 434.06962,478.09518 431.95228,464.41169
434.10862,450.97201 430.38795,438.05114 428.27288,428.47455
430.21621,416.52041 425.37012,408.48222 418.15002,405.78521
418.70885,422.8125 416.46146,428.5 412.17047,439.21639
411.70143,451.84054 407.74953,462.58333 406.19505,471.89312
407.0359,484.93889 393.03814,480.0 390.46485,480.0
387.88969,480.0 385.31789,480.0 385.31789,480.0
385.31789,480.0 385.31789,480.0 385.31789,480.0
;
395.82625,440.0 395.82625,440.0 409.16032,433.18378
388.17806,425.63308 393.62657,438.13985 394.80901,437.74752
394.60057,440.48978 395.82625,440.0 395.82625,440.0
395.82625,440.0 395.82625,440.0 395.82625,440.0
;
476.23897,419.35231 476.23897,419.35231 476.94367,406.81805
465.27975,416.63679 476.23897,419.35231 476.23897,419.35231
476.23897,419.35231 476.23897,419.35231 476.23897,419.35231
;
473.25,410.81955 473.25,410.81955 479.40088,404.54886
473.3164,392.50106 474.23042,386.16511 486.5981,382.50103
468.27391,378.62777 471.85255,369.5 469.07519,358.17203
471.08901,346.6817 467.46129,336.48313 469.34784,326.89569
465.6063,314.85093 468.0,306.4031 471.34624,295.76785
475.16898,283.47225 476.50673,273.03983 471.07524,267.52253
482.27325,257.79577 472.43436,262.40555 463.45474,267.49966
473.41867,272.99174 469.45306,281.50003 465.97722,296.06663
464.95592,304.13452 465.17972,284.29112 468.21961,265.82629
457.10165,277.07076 449.45398,281.00003 449.18099,274.22554
457.51441,261.40499 457.49385,251.5884 457.22801,241.36571
459.00493,234.14602 454.79282,226.45671 457.68702,221.56614
454.67941,203.00132 453.9218,221.5 449.07333,211.98639
455.06049,199.99837 449.73673,193.0 440.90769,206.80901
447.4814,195.93467 449.0,186.11803 450.44326,177.56482
454.7056,168.58999 460.07448,160.255 468.01628,147.94727
464.86715,133.46017 465.15191,119.5 462.36686,106.74688
448.36929,116.34535 444.05295,123.20257 435.54504,130.28688
432.01775,137.74936 423.46064,142.7472 413.1963,148.72644
408.63037,161.17646 417.91996,170.36314 429.25338,180.92296
423.92467,174.15835 422.03153,180.5 428.39591,186.5018
419.38289,208.42093 420.64355,195.51273 413.06184,192.37146
417.10622,211.76831 418.6003,217.91926 421.98495,227.07411
414.88842,226.94686 419.16104,239.37516 422.17402,251.07938
427.48511,244.23415 427.69036,256.19555 420.98422,261.60887
428.84638,265.60978 427.01917,275.94774 426.76167,312.25364
412.90207,346.24347 408.34809,381.98553 402.21618,393.18938
422.86309,390.89748 429.51514,392.07105 443.53487,390.94092
453.80791,387.07713 467.40208,384.03207 472.85829,391.56266
468.70647,405.33708 472.94014,410.86359 472.94014,410.86359
473.25026,410.81959 473.25026,410.81959 473.25026,410.81959
473.25,410.81955 473.25,410.81955 473.25,410.81955
;
422.90997,386.64992 422.90997,386.64992 410.00248,384.8781
418.13711,385.77156 415.0,378.0 422.52977,376.1213
416.63195,374.40809 417.75616,370.1198 427.7591,376.85553
435.13157,368.22585 419.83332,364.76666 420.81118,362.13248
413.24596,352.79367 426.40432,349.98814 435.75028,347.63544
437.19093,339.73021 424.0,345.15894 420.7566,329.99146
430.9986,313.42442 429.82174,296.76786 430.0455,282.97406
433.44584,269.80181 433.76528,256.36571 446.98828,253.89779
420.47274,248.27439 432.99997,243.00003 425.62738,236.35845
427.32715,225.16434 434.40827,238.79152 440.38035,251.96358
441.20932,239.71583 435.70421,232.50003 431.62999,227.02318
421.1618,210.63433 425.29803,209.00146 431.01035,221.96019
440.00621,209.4198 441.00003,217.00003 444.95702,201.40562
445.54774,221.59052 446.52616,225.61293 455.21914,233.11455
442.15956,245.63113 447.14823,249.82889 441.88548,269.64694
453.18688,244.20492 449.66347,257.15355 445.92123,264.1047
437.63301,261.16304 443.77514,271.27446 436.35613,281.08906
438.5082,293.29468 452.55002,287.13651 466.47618,278.0027
454.18551,301.11097 459.44468,305.24073 462.50511,315.94853
458.83001,326.11261 457.00002,336.18727 469.96234,340.92134
455.81432,348.74988 447.99519,343.99184 436.91992,340.94802
432.77557,343.79346 441.93718,352.00003 453.13126,352.08533
457.80954,347.87855 462.1141,356.94083 472.2396,365.07258
456.99902,378.10346 463.49995,377.30632 473.62498,379.3785
451.26153,383.39923 451.99995,381.99039 445.77039,382.45173
439.03184,387.84824 430.57619,385.63122 433.89866,386.19728
450.74028,379.37494 429.29248,381.77173 407.83893,381.3282
430.2433,386.16995 423.07822,386.65613 423.07822,386.65613
422.90992,386.65013 422.90992,386.65013 422.90992,386.65013
422.90997,386.64992 422.90997,386.64992 422.90997,386.64992
;
439.25,371.47158 439.25,371.47158 461.43146,364.42172
434.06623,365.19317 437.91695,371.7535 437.91695,371.7535
439.25,371.47158 439.25,371.47158 439.25,371.47158
;
437.19098,247.96959 437.19098,247.96959 441.12513,241.67323
426.04629,243.51655 437.19098,247.96959 437.19098,247.96959
437.19098,247.96959 437.19098,247.96959 437.19098,247.96959
;
437.16458,209.88284 437.16458,209.88284 424.89399,213.0964
426.00555,197.36789 429.3749,189.75092 424.1315,179.61745
431.63757,175.01999 441.86984,177.0 452.81855,171.79403
440.38357,190.14508 440.92676,196.04941 440.58036,201.03429
443.5208,207.47502 437.16458,209.88284 437.16458,209.88284
437.16458,209.88284 437.16458,209.88284 437.16458,209.88284
;
434.86737,174.0 434.86737,174.0 426.83,173.05997
413.12204,160.59383 422.5916,152.52984 430.38327,140.85782
438.16166,147.23254 442.4732,137.67407 444.704,132.17023
455.4711,111.80088 459.14923,124.28384 467.93363,137.31645
439.20683,126.58181 450.04184,137.33309 471.72345,144.55176
433.62356,130.9984 447.35281,144.93264 455.95518,151.00931
463.62539,143.23915 454.90735,156.42856 453.67208,166.78859
443.13242,174.04998 434.86737,174.0 434.86737,174.0
434.86737,174.0 434.86737,174.0 434.86737,174.0
;
438.75,170.68346 438.75,170.68346 442.75306,166.5344
422.99414,165.45773 435.73985,164.0996 431.65983,160.08699
455.51326,173.77206 442.84252,158.20347 432.74069,153.31135
419.58835,162.15393 432.70451,170.10948 434.86227,170.78672
436.6159,172.74872 438.75,170.68346 438.75,170.68346
438.75,170.68346 438.75,170.68346 438.75,170.68346
;
443.44179,155.6 443.44179,155.6 451.63013,147.80609
445.39697,152.93884 439.67765,150.49543 433.47519,137.37908
426.28103,160.01631 435.0,151.61774 433.45738,158.01058
440.92314,152.69634 443.44179,155.6 443.44179,155.6
443.44179,155.6 443.44179,155.6 443.44179,155.6
;
404.13193,275.0 404.13193,275.0 419.73818,267.33892
389.83912,262.96816 402.30998,275.0 402.30998,275.0
404.13193,275.0 404.13193,275.0 404.13193,275.0
;
419.98779,480.0 419.98779,480.0 403.43361,485.12499
412.04084,465.95642 414.41607,457.54477 415.77535,443.42159
420.31822,430.85471 423.75282,417.5 426.15744,436.86028
428.71211,456.03978 428.78058,475.73319 433.58247,483.72155
423.95351,478.53256 419.98779,480.0 419.98779,480.0
419.98779,480.0 419.98779,480.0 419.98779,480.0
;
490.45455,421.0 490.45455,421.0 492.11656,421.0898
499.2023,409.2303 495.09369,400.75315 487.82503,396.20956
486.74562,408.67454 489.31968,390.34699 499.81246,392.25991
508.89055,392.7932 504.9124,406.5 503.47067,415.10416
499.11138,419.64365 490.45455,421.0 490.45455,421.0
490.45455,421.0 490.45455,421.0 490.45455,421.0
;
359.5,418.49764 359.5,418.49764 351.33084,418.57414
346.64044,405.63785 347.02092,397.87119 345.90903,389.48032
371.93057,385.74342 368.60968,397.75202 370.1263,417.79083
369.17649,406.98452 363.40915,398.0 354.72212,400.67953
362.01315,412.75145 359.5,418.49764 359.5,418.49764
359.5,418.49764 359.5,418.49764 359.5,418.49764
;
