184.81095,480.0 184.81095,480.0 123.2073,480.0
61.60365,480.0 0.0,480.0 0.0,320.0
0.0,160.0 0.0,0.0 284.66667,0.0
569.33333,0.0 854.0,0.0 854.0,160.0
854.0,320.0 854.0,480.0 727.74679,480.0
601.49359,480.0 475.24038,480.0 472.52059,469.83447
477.67833,460.29345 477.29962,451.55978 480.81074,442.35425
480.9444,431.5659 484.05863,421.9182 490.79107,430.01514
484.64301,434.31329 490.0,442.01241 492.48676,446.27787
507.79488,442.63186 512.33328,436.09202 520.51833,429.11986
514.44491,419.23748 514.20825,411.06882 513.91516,399.0376
512.22281,387.06764 510.75932,375.12743 526.8103,373.03955
518.79534,357.38259 522.33129,348.39262 524.86917,333.1957
514.22633,318.52633 517.13682,303.03026 503.62386,278.74676
508.93575,249.8734 505.61482,223.17614 506.8701,211.5386
502.89336,199.53585 490.50008,196.49689 483.3231,188.85291
466.21359,189.25096 469.04159,175.54209 470.29751,166.26304
465.04319,150.71524 470.00016,144.99999 468.29231,134.89724
470.51392,134.25918 468.11136,123.99999 465.93951,114.47447
460.85004,104.4795 452.1392,97.556803 436.81787,84.336122
409.65964,89.276048 400.67187,108.00536 392.56107,121.45273
391.13897,138.30438 387.97894,152.71256 391.38697,160.69383
383.04216,174.43162 388.34881,177.99999 384.94053,187.09882
378.33173,190.78349 370.00825,195.59995 356.5596,212.51597
351.75036,235.04312 348.10805,256.261 343.55407,285.6759
338.70947,315.0389 340.54938,344.91859 340.96787,361.79251
337.34549,380.61424 349.0879,394.50442 354.34042,403.94314
350.61866,417.02045 354.0349,427.38792 361.86455,435.07059
374.71025,441.32887 371.41098,454.29144 370.78032,463.10462
376.22988,483.20799 361.78482,479.99999 302.79353,480.0
243.80224,479.99998 184.81095,480.0 184.81095,480.0
184.81095,480.0 184.81095,480.0 184.81095,480.0
;
392.42024,480.0 392.42024,480.0 377.13259,482.70498
371.08492,479.20534 375.43604,463.62244 374.47895,449.13062
374.01488,444.67701 383.26719,440.11817 377.06874,425.18476
383.76581,429.00133 390.73139,424.35269 388.82915,415.70309
387.13936,404.81844 382.28527,396.66965 373.77746,396.37534
357.94032,405.80469 354.41632,397.36984 350.42685,386.04504
341.37785,375.89129 343.91107,362.66281 343.71949,331.48811
343.28878,300.20801 349.67521,269.62673 351.35703,259.01825
353.77095,251.91063 354.56766,241.74613 359.60571,225.0787
362.78949,205.39265 380.05838,196.88612 391.16329,191.66639
395.6868,181.13412 396.5,172.25 390.5643,172.75528
392.57086,155.45963 393.94841,146.05829 397.15311,131.1015
398.96002,115.30378 409.66669,103.45932 423.47839,87.352928
453.80896,93.695614 457.24573,115.5 453.88652,104.70065
441.07745,99.82465 436.08355,112.49078 430.39178,120.28012
426.40657,127.98349 423.00874,136.26063 418.11575,142.52571
417.5418,151.52119 413.00001,159.47189 415.38119,170.97191
428.26315,178.33532 432.10842,188.0 435.3364,182.71362
416.10458,166.44444 432.91695,174.54089 436.12008,176.82536
433.7769,176.86159 441.00634,179.70829 439.27995,185.40519
432.56099,196.99631 437.86522,200.0 443.54498,190.77136
443.96844,177.92752 454.26719,171.26521 462.48422,168.99853
460.90919,143.56728 462.95781,151.39177 462.38414,163.06183
460.9439,176.42657 466.14061,188.01819 477.48785,193.72923
491.48845,200.58973 499.2707,207.92571 499.50516,213.90958
505.04633,227.94588 496.5,228.5 501.90956,239.82889
484.43443,237.01776 482.76852,247.79804 484.84645,257.74812
471.01982,266.71186 475.27158,273.03216 475.35968,279.04782
468.94275,306.61398 469.07961,295.04083 470.45498,282.74091
471.63885,270.38774 472.23897,258.0 464.1734,257.42627
465.48735,278.51329 462.29077,264.0005 457.06512,272.73882
456.35285,266.40513 451.97112,273.96412 438.89206,282.44162
454.65501,262.07648 452.50784,255.04345 462.902,253.96809
449.13531,248.56522 454.06595,238.11812 454.82122,232.68352
450.66532,226.17718 449.57371,219.35811 448.94446,212.40677
450.00364,213.42821 447.00009,205.90118 439.59568,198.11623
451.67494,188.27359 447.25384,181.0005 446.37239,189.63545
440.42932,195.01749 440.46001,204.37235 447.82655,217.86724
435.43342,205.54082 438.55761,215.0005 426.19186,209.26834
431.88339,201.77577 427.96747,192.8623 428.79392,190.54464
423.66355,174.4107 420.0,178.94098 422.83686,188.26488
426.99184,192.07365 427.0,200.29263 425.77958,212.36203
418.17824,175.6238 418.70746,192.78732 413.56235,200.8349
420.11624,216.03285 422.64757,226.59982 431.85392,243.32783
421.3406,231.33559 417.00003,237.82159 436.6692,243.03419
433.48203,266.41181 435.6854,282.27249 439.08868,314.90059
430.54697,347.36816 425.54213,379.26227 424.78987,387.63202
420.22901,399.66236 435.00003,398.36498 437.15719,403.90151
443.71255,395.30327 451.63232,394.14416 458.10796,392.33382
467.97039,388.44486 474.74954,383.93412 479.36532,396.79968
486.3047,411.26345 479.1728,424.50001 477.25813,433.49763
473.84057,441.1845 473.3616,451.95077 468.85387,460.31122
474.90693,477.71163 467.17021,480.00001 457.55463,477.1736
438.47366,486.26678 436.13638,474.27492 430.76974,457.32611
436.31322,435.80375 429.81045,421.25001 423.80937,409.11803
423.78168,435.65799 420.89933,441.01949 419.03065,451.4694
414.13064,464.69146 413.07999,473.00001 412.0864,484.64024
401.80077,478.52351 392.42024,480.0 392.42024,480.0
392.42024,480.0 392.42024,480.0 392.42024,480.0
;
415.94997,446.36393 415.94997,446.36393 420.72485,425.78378
397.61998,454.41165 415.94997,446.36393 415.94997,446.36393
415.94997,446.36393 415.94997,446.36393 415.94997,446.36393
;
411.71862,280.9682 411.71862,280.9682 426.20029,277.93626
403.7843,266.81124 409.93723,281.0 409.93723,281.0
411.71862,280.9682 411.71862,280.9682 411.71862,280.9682
;
424.5,480.0 424.5,480.0 409.38138,484.29547
419.8434,468.22044 419.64287,460.5 423.04868,454.07781
423.80261,428.69457 429.21489,435.20721 430.66792,450.06908
428.95105,465.70546 433.0,480.0 430.16667,480.0
427.33333,480.0 424.5,480.0 424.5,480.0
424.5,480.0 424.5,480.0 424.5,480.0
;
378.02305,439.0 378.02305,439.0 372.32067,437.17279
372.01111,413.79462 368.01602,426.91068 372.99787,444.16519
356.56517,427.06705 354.91219,420.69248 352.60443,406.844
359.57583,401.76792 372.68935,402.42917 384.71107,392.51805
385.81336,423.74858 383.90283,419.09093 382.73888,405.13452
374.71439,406.97212 375.0,418.50003 377.05784,423.64614
377.66161,434.3969 378.02305,439.0 378.02305,439.0
378.02305,439.0 378.02305,439.0 378.02305,439.0
;
503.81518,437.08439 503.81518,437.08439 499.07621,437.90982
492.40258,432.36604 490.75,423.99997 486.21811,412.13933
485.60945,399.24897 481.20241,387.35466 491.73188,379.70857
471.89212,378.54476 475.16574,366.55208 474.24302,352.73477
467.03001,337.30437 472.0,325.0 467.12714,319.92095
471.43693,305.38931 474.99445,297.51183 474.90165,288.44902
486.58439,278.60181 479.0,270.92857 483.4604,265.20143
485.45294,253.42277 488.5,245.39614 498.11773,241.32921
504.57318,233.049 502.60478,246.97893 506.93065,263.99443
500.60461,283.04475 510.92833,298.75787 511.07469,312.33873
514.78972,324.17205 517.85383,337.16125 518.83113,346.79446
515.4797,356.17535 517.35104,365.80526 506.05898,369.95375
505.85415,378.84949 508.62835,389.84111 508.96605,403.61016
513.01959,418.81898 510.7289,431.73349 508.785,434.12368
506.76986,436.01768 503.81518,437.08439 503.81518,437.08439
503.81518,437.08439 503.81518,437.08439 503.81518,437.08439
;
436.75,393.79693 436.75,393.79693 423.675,398.0073
428.82408,370.53511 435.35569,371.05636 441.88402,374.58999
465.36417,368.4895 451.31319,369.82136 447.24226,366.83705
442.96308,366.63017 435.5,367.992 428.0852,353.56503
452.20767,357.16889 437.81913,352.00056 431.12271,348.34342
440.21048,332.29998 438.53093,323.8752 440.49614,310.90006
441.64818,298.36031 440.5,285.099 447.36871,285.63237
462.30787,273.94592 460.19118,286.12294 459.96426,306.85928
463.05546,270.93447 466.0,284.44154 464.2653,293.10514
463.30023,302.09307 462.0,311.5926 456.60664,323.13113
455.24558,325.19358 461.4772,331.07463 462.20454,339.87512
472.10276,350.49587 466.65525,358.11423 446.52189,366.40187
466.0544,357.24197 467.16488,368.1602 471.14533,377.12873
454.07083,379.10132 469.0,381.62295 463.49693,383.13771
453.25436,388.32072 449.64613,390.53582 444.86341,392.7071
441.34918,392.86562 436.75,393.79693 436.75,393.79693
436.75,393.79693 436.75,393.79693 436.75,393.79693
;
434.5,392.0 434.5,392.0 449.35602,390.44258
420.06999,388.18948 433.9186,392.0 433.9186,392.0
434.5,392.0 434.5,392.0 434.5,392.0
;
434.2833,386.0 434.2833,386.0 436.53813,375.49995
428.73897,372.46976 433.33333,386.0 433.33333,386.0
434.2833,386.0 434.2833,386.0 434.2833,386.0
;
441.46401,267.0 441.46401,267.0 432.21211,261.41575
446.27778,247.03802 445.39654,264.00695 444.87157,265.92231
444.0627,268.01306 441.46401,267.0 441.46401,267.0
441.46401,267.0 441.46401,267.0 441.46401,267.0
;
442.45956,249.66436 442.45956,249.66436 436.09401,250.69608
427.24076,225.90937 435.0,236.38226 439.6458,248.12954
438.68184,241.42284 444.55167,233.36742 449.97771,246.72172
448.98769,241.10178 443.19822,246.2419 442.39074,247.0241
444.87823,249.91164 442.45956,249.66436 442.45956,249.66436
442.45956,249.66436 442.45956,249.66436 442.45956,249.66436
;
440.73383,233.5995 440.73383,233.5995 433.21049,229.16179
433.02228,216.6178 427.0,211.0 432.11842,219.96258
449.85252,217.00057 442.45111,228.35304 441.7191,229.97458
441.88677,232.227 440.73383,233.5995 440.73383,233.5995
440.73383,233.5995 440.73383,233.5995 440.73383,233.5995
;
442.80902,172.96678 442.80902,172.96678 434.72616,169.06921
426.39983,169.18895 423.93331,165.68639 417.46583,158.81208
423.17521,145.34537 428.12472,140.99998 440.53954,139.46524
430.10955,128.84224 438.0,126.39998 435.37845,122.23883
442.74931,107.69591 448.0349,112.00721 461.3524,123.91732
448.0224,120.51619 442.18736,127.77728 453.03061,127.0601
438.52517,135.22647 451.56382,139.33711 461.72973,129.96868
459.26605,150.28771 456.92999,157.46756 456.06862,164.66412
449.6198,171.39716 442.80902,172.96678 442.80902,172.96678
442.80902,172.96678 442.80902,172.96678 442.80902,172.96678
;
442.9227,167.7819 442.9227,167.7819 454.22811,165.40698
426.35859,164.47081 442.8196,157.48627 435.53521,163.62655
456.77215,167.41528 450.9364,156.5 448.66049,148.48983
429.18621,158.07938 438.92194,150.68983 446.25146,155.89199
453.09683,141.28069 447.00001,145.5 436.89162,144.27547
429.06147,140.47338 434.2583,153.13075 429.19411,161.3844
433.86593,167.97448 442.9227,167.7819 442.9227,167.7819
442.9227,167.7819 442.9227,167.7819 442.9227,167.7819
;
