427.0,480.0 427.0,480.0 284.66667,480.0
142.33333,480.0 0.0,480.0 0.0,320.0
0.0,160.0 0.0,0.0 284.66667,0.0
569.33333,0.0 854.0,0.0 854.0,160.0
854.0,320.0 854.0,480.0 711.66667,480.0
569.33333,480.0 427.0,480.0 427.0,480.0
427.0,480.0 427.0,480.0 427.0,480.0
;
361.35496,479.0 361.35496,479.0 365.17103,470.81659
363.99633,456.87121 366.12019,446.5 365.96202,429.75818
363.0486,412.65773 355.99994,397.69002 368.9026,408.62262
361.25748,384.71591 360.01277,378.07659 356.4442,367.56133
332.5877,384.77081 336.99994,367.20309 326.93026,354.98945
331.69523,338.83815 337.22403,325.6368 333.05231,316.3593
340.69467,307.1545 337.40931,297.60329 341.26659,270.91204
343.0392,242.98783 352.77385,217.7116 356.31616,207.10554
369.71744,204.99379 375.04095,196.72957 377.40516,184.61977
373.92342,178.01128 374.95365,166.83653 378.80399,149.68487
380.87544,128.00272 396.87227,117.68486 410.7563,110.96471
429.07218,117.15441 433.02744,133.0067 442.31707,150.12898
435.9696,170.68301 441.63968,188.26421 446.77481,201.985
462.42303,206.27688 474.04934,213.34873 479.24565,234.08304
482.70442,255.14332 484.97872,276.25973 492.03676,299.41629
499.64281,324.83732 495.9477,348.65208 498.77474,359.41449
494.99563,368.48062 486.8191,374.17001 476.57514,377.14144
473.6156,384.78234 476.89136,399.08821 478.04084,410.37199
483.83432,425.98747 467.49998,427.81783 458.96277,430.53897
465.14861,422.51738 457.51439,422.5094 453.56919,407.28986
449.83146,392.01587 445.71633,376.84093 445.14857,379.44161
451.843,374.8551 443.16916,367.25836 441.18226,353.37533
436.14618,339.93152 435.0,326.0 442.52938,324.06853
428.51524,312.87783 435.87568,304.24345 438.94946,295.87393
441.43896,283.93985 448.55516,280.8262 443.29075,273.80111
453.36321,264.18686 452.42878,254.33671 455.31098,244.00641
471.70601,251.66722 475.16667,242.0 468.63571,232.72795
470.65004,241.19604 465.93441,244.44388 455.67064,243.38785
446.21107,251.14662 449.0,261.9465 441.20918,272.88167
442.40956,271.20452 440.02335,284.00665 435.22282,300.14021
433.69075,294.29213 436.48883,280.5 439.7854,271.3407
437.76746,247.93274 431.90867,268.14926 428.09314,262.77532
428.43862,266.82787 418.04952,275.08382 404.77186,283.40588
418.39946,267.71382 419.00947,261.12391 426.0517,246.37554
423.17259,228.68447 420.19316,214.1527 422.00234,201.93634
415.08691,213.6826 421.74536,196.2303 419.31152,198.62819
414.3193,205.84508 421.40896,189.33872 424.49552,180.10093
433.82963,172.97732 430.96147,161.66285 432.56071,148.749
424.86073,137.50379 421.3882,125.50001 408.99468,121.22514
401.09701,131.06673 395.86397,141.02614 393.30384,148.14867
388.65747,155.46061 386.14867,164.86288 386.15167,177.17252
395.58063,184.20464 403.5039,191.6565 416.3977,207.36769
397.57634,185.12244 407.09516,188.07031 411.32717,190.29526
411.32447,189.84384 415.19436,186.53543 428.90646,182.82593
410.14056,192.32766 414.48193,198.43639 412.40412,209.50121
419.02674,205.93089 416.5,221.32591 404.31485,221.65716
405.63517,206.64135 402.66247,198.0865 397.67047,182.13455
395.05915,192.03131 401.91339,202.25979 407.86474,224.6908
395.72778,196.48973 393.03012,206.22938 394.87781,226.66566
405.0643,246.46101 401.48987,267.62907 404.09469,280.1774
402.66195,296.51013 400.85343,310.24077 396.09373,332.48497
389.73945,355.93826 388.62287,377.95605 399.75545,376.53827
405.98698,389.2558 408.09752,382.27087 419.59715,381.13985
430.87669,378.43269 441.6504,374.23799 445.50931,390.03315
452.0355,406.42631 452.88305,422.18921 452.83445,440.71411
453.14063,460.72862 459.35751,478.99992 464.73254,475.27584
456.374,460.64344 456.31271,452.58495 456.39321,445.06871
451.58584,427.33287 463.48182,431.11706 472.09818,430.08267
486.22078,425.42402 481.36149,414.07626 475.03319,402.97191
494.43653,402.82843 490.92881,391.50002 487.01963,382.09989
487.91297,371.83559 497.42734,367.80127 501.37438,357.81878
497.62828,347.94909 499.96992,337.13141 500.24761,311.78119
490.0504,288.13094 485.82671,263.63806 485.68981,246.73905
479.13526,229.31526 477.72426,213.63546 468.61647,205.10134
454.21822,200.48973 446.64355,191.36882 437.41152,172.95584
447.07788,150.11101 435.82071,131.85574 432.09991,120.11627
421.9837,108.42488 408.60476,112.42448 388.4575,110.91954
376.4562,133.03737 375.2512,150.38904 369.52977,162.96919
375.08556,181.13316 364.04934,190.48434 358.14655,196.00912
380.36063,187.51789 367.33333,198.9924 354.54841,206.15435
345.80217,220.35965 344.12257,235.5004 339.21546,259.57538
334.80948,283.8084 335.47607,308.5004 331.27086,319.10087
334.87969,330.81546 329.0811,341.45078 325.56838,352.01678
330.91828,361.29862 334.3048,370.38557 335.71473,384.15149
332.34992,401.52832 346.42595,409.83759 360.25316,425.65354
351.52297,393.79957 356.86919,407.70108 366.4143,430.35057
362.32037,455.33368 360.0,479.0 360.0,479.0
361.35496,479.0 361.35496,479.0 361.35496,479.0
;
353.25,410.96959 353.25,410.96959 340.67139,406.2918
334.63613,391.03669 338.5,378.50001 351.02993,375.39455
362.10537,376.66781 359.38223,392.43493 360.77917,402.80843
353.11699,383.08874 353.0,383.0 348.03947,387.48251
354.08863,409.72189 352.01002,406.6048 352.53146,407.35747
355.62039,410.91938 353.25,410.96959 353.25,410.96959
353.25,410.96959 353.25,410.96959 353.25,410.96959
;
480.15038,403.40706 480.15038,403.40706 481.63291,398.98639
472.41219,377.64925 483.79187,380.0 491.34004,390.14778
487.85172,394.27573 480.99997,396.44039 480.3256,398.45451
482.40065,402.34446 480.15038,403.40706 480.15038,403.40706
480.15038,403.40706 480.15038,403.40706 480.15038,403.40706
;
408.0,378.87068 408.0,378.87068 395.25107,381.00081
390.76707,372.70891 394.75244,361.47782 399.92362,351.30988
395.62291,353.40398 400.99528,352.54727 393.97858,341.36014
411.97491,346.7815 400.25081,342.12983 392.94198,335.96565
404.8236,321.31933 404.58569,312.02872 408.56823,302.10849
406.65245,291.43512 407.01002,281.05203 415.8864,286.57268
424.61355,276.35263 431.399,281.31624 430.91673,291.32893
435.89201,272.41744 432.00088,293.2666 432.4371,304.92994
427.76787,314.19582 420.0,322.159 428.95669,311.52244
431.10068,326.1281 432.26377,335.50003 431.33744,344.7216
440.93906,352.2338 425.10543,351.23242 409.82449,356.2239
436.59664,348.29602 435.99355,355.48045 440.10453,364.82788
408.91445,365.40907 431.85495,363.0099 449.64154,357.45385
415.49866,374.69576 430.29966,369.3632 429.17019,373.03136
436.08076,365.65838 438.0,373.0 429.37089,373.52183
425.85922,376.49533 420.32465,376.71628 421.35948,379.30891
410.22695,378.85538 408.0,378.87068 408.0,378.87068
408.0,378.87068 408.0,378.87068 408.0,378.87068
;
415.95238,358.0 415.95238,358.0 424.41207,355.68453
427.24648,350.66209 413.6304,357.9427 412.93765,358.55696
415.41281,357.8858 415.95238,358.0 415.95238,358.0
415.95238,358.0 415.95238,358.0 415.95238,358.0
;
405.8847,280.57126 405.8847,280.57126 402.4485,274.07262
412.07116,265.71473 406.76941,280.02448 406.76941,280.02448
405.8847,280.57126 405.8847,280.57126 405.8847,280.57126
;
409.25,268.18866 409.25,268.18866 403.84913,267.98474
404.71095,246.13427 413.54692,257.26306 413.92511,260.73962
415.94722,269.04641 409.25,268.18866 409.25,268.18866
409.25,268.18866 409.25,268.18866 409.25,268.18866
;
414.22084,254.0 414.22084,254.0 402.16407,248.33339
403.03444,233.56096 399.5,222.5 402.70624,223.89724
406.50179,229.68308 406.02778,234.16878 414.94148,249.06041
411.96991,242.63933 407.83688,233.0 417.55806,249.03857
407.42777,227.39861 404.06892,221.79227 402.82849,208.63075
412.25218,232.59152 416.93869,225.60538 417.72867,235.6183
410.00101,240.27301 419.39301,237.58181 423.4502,249.3976
416.05671,252.15955 414.22084,254.0 414.22084,254.0
414.22084,254.0 414.22084,254.0 414.22084,254.0
;
407.3121,185.90282 407.3121,185.90282 394.32748,183.77019
387.87355,167.89805 394.07037,156.99998 409.53253,156.10307
389.13016,144.92017 403.0,146.7 399.28238,138.79451
411.20849,128.75611 419.5,128.07937 415.92584,132.61444
421.97415,133.11546 424.65013,143.12153 424.71613,146.73092
413.45465,136.05612 406.82646,145.15981 414.90674,148.48192
431.81092,141.83508 426.41109,157.977 428.22186,171.64222
422.68446,185.1341 407.3121,185.90282 407.3121,185.90282
407.3121,185.90282 407.3121,185.90282 407.3121,185.90282
;
406.39333,181.0 406.39333,181.0 413.97813,179.19203
395.45642,176.37466 407.48729,172.75009 406.66508,175.96042
418.28513,178.77873 411.74997,169.87144 400.18797,161.61837
392.3557,178.92088 405.99082,181.00012 405.99082,181.00012
406.3933,181.00012 406.3933,181.00012 406.3933,181.00012
406.39333,181.0 406.39333,181.0 406.39333,181.0
;
402.22568,166.0 402.22568,166.0 413.76217,163.26161
404.71352,161.53415 400.16018,163.57309 404.61923,150.4557
391.84404,168.73388 402.22568,166.0 402.22568,166.0
402.22568,166.0 402.22568,166.0 402.22568,166.0
;
414.8067,155.97804 414.8067,155.97804 429.87684,155.86689
423.67443,142.78069 411.9834,148.16252 408.76933,150.81826
411.21958,156.0964 414.8067,155.97804 414.8067,155.97804
414.8067,155.97804 414.8067,155.97804 414.8067,155.97804
;
393.5,479.0 393.5,479.0 395.0149,472.69392
397.54977,464.38668 400.90668,456.96549 403.80851,440.33917
404.0512,422.73931 408.72323,406.74317 416.11421,426.71158
414.27177,449.79162 422.28279,469.5 428.18327,484.93303
431.44921,475.03958 422.93156,464.77205 417.74604,442.59168
416.03017,419.3377 409.9619,397.0 402.606,400.4607
405.56726,416.31598 402.28012,424.45202 402.37472,435.2873
398.73706,446.31072 398.0,457.23857 395.71572,463.4575
388.33406,473.15605 393.5,479.0 393.5,479.0
393.5,479.0 393.5,479.0 393.5,479.0
;
379.93975,421.77309 379.93975,421.77309 388.93904,410.90461
368.09074,418.01562 379.93975,421.77309 379.93975,421.77309
379.93975,421.77309 379.93975,421.77309 379.93975,421.77309
;
383.33414,276.80719 383.33414,276.80719 393.39779,269.58315
373.21562,272.67281 383.12824,276.83669 383.12824,276.83669
383.33414,276.80719 383.33414,276.80719 383.33414,276.80719
;
400.40783,248.12744 400.40783,248.12744 402.03986,240.13381
379.21022,233.71323 393.11803,241.99999 389.34197,233.68661
399.04112,253.77442 400.40783,248.12744 400.40783,248.12744
400.40783,248.12744 400.40783,248.12744 400.40783,248.12744
;
