189.5,480.0 189.5,480.0 126.33333,480.0
63.166667,480.0 0.0,480.0 0.0,320.0
0.0,160.0 0.0,0.0 284.66667,0.0
569.33333,0.0 854.0,0.0 854.0,160.0
854.0,320.0 854.0,480.0 733.05306,480.0
612.10613,480.0 491.15919,480.0 490.03637,461.6789
482.52449,445.41387 484.14302,426.89785 485.36074,417.42493
484.43392,402.74962 492.51812,398.0 502.80439,395.43773
505.45311,383.13771 506.21003,373.37873 503.09818,358.2354
522.59654,363.20562 521.94585,350.41177 523.49819,334.12829
520.99204,318.21753 518.69698,302.68422 518.21937,288.80036
514.83583,274.84802 510.55632,261.81118 514.73573,252.59752
509.39023,242.43833 510.0,232.40368 509.5908,216.54446
505.03255,199.37522 502.16323,184.96249 492.16632,177.62779
481.45464,170.82817 470.03844,165.69648 463.38057,156.43005
462.55829,145.83645 462.92466,134.49999 463.48874,113.67298
459.30172,89.428005 441.08913,76.748192 426.835,76.629044
408.52469,73.224583 401.09411,89.035594 392.36871,96.170112
392.72741,111.07591 389.05367,117.94861 386.53359,129.12565
387.69567,141.16258 383.86923,152.24836 378.1875,157.90586
374.97928,168.37166 385.64483,161.1837 388.72412,162.47632
381.09849,177.31545 375.5,177.0 365.01658,182.60642
357.86459,199.04388 357.05061,212.5 351.8847,239.31369
347.15099,265.8576 349.21773,293.5 344.81477,304.66014
352.09458,315.6199 345.36246,326.37048 339.39294,336.37764
342.27018,347.25621 348.31207,356.5 351.49624,367.59972
352.25587,372.28482 351.0,383.88335 355.09364,393.25576
358.32393,400.727 368.35676,404.13646 378.47651,404.95485
378.65928,408.05032 381.0,418.07733 381.81927,428.48783
384.07092,437.79893 381.93615,449.22751 381.06193,459.60022
380.4437,472.98932 377.0407,480.0 314.52713,480.0
252.01357,480.0 189.5,480.0 189.5,480.0
189.5,480.0 189.5,480.0 189.5,480.0
;
398.85308,480.0 398.85308,480.0 381.60873,485.02305
382.92244,472.65482 385.09761,459.54618 387.55704,437.66991
387.60263,413.94338 378.0,394.0 388.58245,394.54497
381.10066,379.33865 379.96673,373.55829 381.89921,357.2061
363.55045,366.29688 354.0,365.0 356.56231,353.90441
343.45967,347.42581 347.0,335.56895 346.9571,324.75933
359.03427,314.89079 350.83162,304.95611 353.23945,296.09029
355.13201,289.0331 352.0318,280.69098 355.27147,270.78555
354.81601,260.04868 355.31705,249.02782 358.51164,228.01997
360.07467,208.10945 368.60732,189.17798 376.6027,179.04052
395.53359,175.93298 392.46782,159.65152 392.68462,148.61326
387.49005,151.72194 391.41081,137.32243 391.89468,125.2931
397.26966,109.85919 399.81538,101.0 403.80842,90.948571
413.1846,78.726952 426.54169,79.949766 439.94377,79.747464
450.52489,89.69139 453.32691,102.5 457.50668,108.71759
458.99623,123.37411 458.75313,134.16518 458.22645,148.65546
458.93812,166.38488 474.09029,173.20313 483.58444,177.05703
485.58176,182.55195 493.83961,183.89998 502.48954,187.82969
498.19129,201.06725 502.80078,206.5 508.16919,226.93286
505.69081,248.0381 508.01483,268.65923 512.76347,284.27067
515.76904,299.96056 516.04042,316.27625 518.09858,328.74345
518.34526,343.99355 515.75544,355.0 504.35474,357.51446
502.20356,370.21614 489.19982,360.60425 478.66568,354.63244
480.18411,373.03756 474.54707,378.00473 464.15074,387.15067
482.00617,391.83841 485.15368,380.5 485.79821,391.00905
476.07672,401.20069 482.01516,407.51851 479.28368,416.59364
478.39786,428.8987 479.57948,439.93603 480.32874,453.38387
487.67631,466.16124 486.99944,480.0 477.66115,477.25626
456.95968,485.92667 455.97614,474.79072 452.99374,462.57865
444.7,452.43356 444.0873,439.65689 442.50456,420.56786
437.18231,402.29636 432.76202,384.0 424.57374,386.02523
428.93311,400.17192 425.19179,407.22766 422.74707,422.9596
424.10358,440.47731 418.52343,454.97341 408.82713,461.14004
420.69449,481.37755 408.12209,480.0 405.03242,480.0
401.94275,480.0 398.85308,480.0 398.85308,480.0
398.85308,480.0 398.85308,480.0 398.85308,480.0
;
457.22015,421.81497 457.22015,421.81497 470.07734,414.33893
459.19851,412.74655 457.8522,405.54659 456.14772,393.40627
456.92186,378.52148 455.0,368.0 451.26926,364.61599
468.42657,358.1455 453.31057,358.0 452.57154,340.99247
451.92541,323.97731 449.46661,307.11124 457.16768,303.60272
445.44751,294.35223 452.51625,284.5 456.70175,277.81065
459.92093,261.91466 467.02547,262.22375 471.15725,254.37812
467.51592,245.12304 475.0,234.92638 472.55228,221.35104
489.18825,224.57453 497.5,220.9068 506.73616,214.38729
485.82813,203.17965 492.88002,216.78075 486.93114,220.35321
470.76122,218.5027 470.3614,230.38061 472.32423,241.41016
461.67853,245.58887 460.0,251.2593 465.0074,254.25794
450.10944,280.58222 453.97712,264.80632 454.90935,258.34827
463.91767,243.70346 455.0645,241.2041 446.47489,258.2849
453.63263,237.01804 446.97482,243.75 444.64418,256.09788
444.57506,247.13332 435.78971,253.99997 424.92044,259.34084
442.97759,240.3625 441.00323,233.49997 444.19016,222.45933
446.41007,209.76179 442.36728,199.58364 441.65492,189.07173
439.58534,180.40286 440.84644,169.05748 441.03846,157.98871
446.72979,149.99612 450.86686,140.30877 454.39347,123.0248
450.64699,104.84814 442.13606,89.5 430.89457,84.140454
423.06299,91.635154 416.93333,100.43813 411.54468,108.58812
408.77476,116.57723 404.04401,124.78105 400.38689,135.9281
403.82842,149.94265 414.92856,154.43381 421.01351,158.15756
427.48117,176.04081 425.99915,171.0 432.12079,162.62377
412.79228,150.2537 428.12202,159.0 429.76233,164.79175
438.33029,170.36427 432.99915,158.85714 429.30756,150.63714
447.80713,151.86775 437.17365,164.61747 429.31456,172.77229
432.36458,186.0587 435.0,195.0 425.17623,192.86826
422.0702,183.45559 422.63842,173.42345 420.759,168.45243
415.63848,151.22008 413.02201,157.75 414.15213,166.8541
422.24139,174.61561 419.94149,184.5 411.6088,179.99168
414.96706,161.40508 410.00012,177.07733 408.21308,189.16202
414.52772,199.63015 419.2656,210.12192 419.66465,226.24543
414.78188,211.34592 406.08493,213.39781 407.73858,220.47605
424.00229,224.07349 421.934,235.84235 423.30953,240.4222
423.12851,251.73401 424.10563,260.29608 426.24844,284.4063
421.19185,308.62227 415.80477,331.39865 415.93748,342.87619
410.89343,356.32214 413.24591,366.43756 421.91904,371.32799
429.62968,371.81166 438.83519,369.64424 452.72778,362.54635
450.93326,374.05912 451.24909,385.09421 452.98457,395.61266
451.46379,407.03122 452.5913,416.41176 455.70853,418.95277
451.86778,423.89567 457.22015,421.81497 457.22015,421.81497
457.22015,421.81497 457.22015,421.81497 457.22015,421.81497
;
430.97607,366.3891 430.97607,366.3891 412.70326,365.1485
433.85824,363.77915 425.09169,362.09079 409.98688,356.74481
430.93894,362.32768 424.74277,353.9612 413.60915,350.98664
423.43626,342.06544 435.66721,345.91451 441.44707,346.68514
451.23086,336.72673 443.43936,346.9347 431.57096,349.66719
431.53574,348.84511 440.00007,353.21881 454.61448,348.94541
440.83996,367.92096 433.09662,366.33145 433.09662,366.33145
431.13804,366.38465 431.13804,366.38465 431.13804,366.38465
430.97614,366.38865 430.97614,366.38865 430.97614,366.38865
430.97607,366.3891 430.97607,366.3891 430.97607,366.3891
;
429.62756,340.86382 429.62756,340.86382 417.12515,342.59869
426.83133,325.52112 431.9593,334.0 430.01364,325.52609
415.16541,326.40453 426.02325,316.0898 433.48927,309.83169
419.08277,312.31097 428.26442,299.4106 431.04857,286.80126
431.56305,274.0529 430.5,261.2079 440.31413,262.6364
454.27659,254.90269 447.04841,270.18244 451.61814,276.64981
444.25778,289.97896 442.63717,299.47515 441.3089,309.58537
449.30829,318.12176 443.90173,327.64983 449.48531,328.86613
442.82024,339.93852 434.22661,338.02201 432.69303,339.10566
432.29656,342.39842 429.62756,340.86382 429.62756,340.86382
429.62756,340.86382 429.62756,340.86382 429.62756,340.86382
;
431.0,245.5 431.0,245.5 421.93235,254.54653
437.01433,229.2393 431.0,245.5 431.0,245.5
431.0,245.5 431.0,245.5 431.0,245.5
;
433.45578,230.0 433.45578,230.0 428.0413,223.12217
424.82227,213.9826 422.0,205.68993 427.21112,214.65849
434.82921,227.83778 434.93149,218.44546 434.3785,222.20827
434.1463,226.58088 433.45578,230.0 433.45578,230.0
433.45578,230.0 433.45578,230.0 433.45578,230.0
;
438.57878,224.75455 438.57878,224.75455 433.78823,216.61465
441.97622,206.62117 439.15759,224.17579 439.15759,224.17579
438.5788,224.75458 438.5788,224.75458 438.5788,224.75458
438.57878,224.75455 438.57878,224.75455 438.57878,224.75455
;
434.8858,213.5 434.8858,213.5 432.86709,215.95987
426.46737,199.9147 422.33055,193.33802 416.69615,186.75705
430.52094,194.78421 429.0,201.0 444.92296,193.75311
425.02471,217.86079 435.6963,206.6686 440.13765,202.9673
437.20169,212.66711 434.8858,213.5 434.8858,213.5
434.8858,213.5 434.8858,213.5 434.8858,213.5
;
427.0,151.45475 427.0,151.45475 418.64957,152.3068
405.50604,142.08373 409.0,133.5 405.93617,121.71149
420.05383,122.8787 422.99999,115.82059 416.43847,112.55748
425.68521,105.96915 427.60479,97.989303 434.89461,87.972731
450.74752,109.6282 435.67579,105.11525 421.09311,107.20475
434.06085,110.74069 431.38543,119.24251 439.69919,125.76127
451.95708,109.27553 446.7963,127.68436 448.95184,140.72563
439.93063,150.73939 427.0,151.45475 427.0,151.45475
427.0,151.45475 427.0,151.45475 427.0,151.45475
;
425.75,146.98891 425.75,146.98891 437.75807,145.51654
409.66993,140.96604 431.0,140.40807 437.27881,152.05835
437.29512,127.17069 430.1112,134.05952 421.0349,128.38882
407.19081,138.81061 419.78884,145.62923 421.14812,147.92054
423.70283,146.64828 425.75,146.98891 425.75,146.98891
425.75,146.98891 425.75,146.98891 425.75,146.98891
;
421.25,130.92105 421.25,130.92105 426.50839,132.65478
440.42133,126.99644 430.0,125.0 426.38982,128.56402
415.05506,117.70681 416.0,129.83333 417.67791,130.72922
419.34546,131.08432 421.25,130.92105 421.25,130.92105
421.25,130.92105 421.25,130.92105 421.25,130.92105
;
405.16885,413.34719 405.16885,413.34719 413.84156,396.0687
391.91601,415.29854 405.16885,413.34719 405.16885,413.34719
405.16885,413.34719 405.16885,413.34719 405.16885,413.34719
;
402.91667,257.98469 402.91667,257.98469 416.49053,251.73373
393.68008,243.71343 401.33336,257.99999 401.33336,257.99999
402.9167,257.98469 402.9167,257.98469 402.9167,257.98469
402.91667,257.98469 402.91667,257.98469 402.91667,257.98469
;
435.12019,480.0 435.12019,480.0 421.0227,483.38172
416.08483,477.60381 419.0,463.97286 425.92976,454.37119
424.28476,443.41381 427.3198,432.5419 428.94909,420.66419
428.87181,408.37189 431.69868,396.5 435.84847,412.32636
438.93585,427.80754 441.04,444.13136 440.80337,455.93837
448.19987,462.12093 450.66051,471.98334 455.12939,485.58205
443.34697,478.14798 435.12019,480.0 435.12019,480.0
435.12019,480.0 435.12019,480.0 435.12019,480.0
;
372.30902,401.91193 372.30902,401.91193 359.10543,398.29949
351.39952,381.57008 357.40037,369.76528 365.79309,370.32909
377.63709,362.84649 377.0,375.88564 378.61666,389.50845
365.09905,360.97632 367.33458,382.81721 365.9898,391.1122
369.09286,396.06962 372.30902,401.91193 372.30902,401.91193
372.30902,401.91193 372.30902,401.91193 372.30902,401.91193
;
487.18467,396.45343 487.18467,396.45343 483.94946,399.76179
492.71599,380.52722 488.87061,373.84553 476.68131,379.28659
477.34834,382.63827 485.17016,366.50858 485.93751,358.42761
509.62319,376.15527 502.92774,370.94735 504.1826,376.56683
494.24549,401.42464 496.0,387.0 486.80488,384.45344
493.65859,394.24192 487.18467,396.45343 487.18467,396.45343
487.18467,396.45343 487.18467,396.45343 487.18467,396.45343
;
