427.0,480.0 427.0,480.0 284.66667,480.0
142.33333,480.0 0.0,480.0 0.0,320.0
0.0,160.0 0.0,0.0 284.66667,0.0
569.33333,0.0 854.0,0.0 854.0,160.0
854.0,320.0 854.0,480.0 711.66667,480.0
569.33333,480.0 427.0,480.0 427.0,480.0
427.0,480.0 427.0,480.0 427.0,480.0
;
27.317047,479.0 27.317047,479.0 28.42944,464.07096
23.923039,445.00507 22.49122,428.56716 22.53819,416.07679
13.138227,415.42047 15.028719,401.57632 12.163612,383.34461
17.633187,397.05566 14.542639,380.56632 14.997736,372.61781
6.1615924,357.65356 17.055196,355.02852 25.166117,337.70846
32.642044,359.0697 28.81399,345.48283 37.890869,336.8517
44.608909,323.08829 36.212626,311.45662 29.149875,302.13904
22.118084,300.12998 36.904683,294.42484 38.822136,292.10768
14.548003,299.48088 25.352327,304.00667 25.753484,304.81089
4.1444759,306.73485 1.0400494,314.19897 7.33367,316.6426
18.792936,303.82939 28.690025,307.0 38.509427,314.8099
34.531364,325.37816 28.838083,334.34411 24.364337,351.56315
36.180428,317.62931 35.929366,325.28212 36.007426,338.7726
19.761322,344.16043 14.679355,354.5 12.446355,354.85871
7.0372268,343.2725 8.1898476,332.74657 4.3124754,325.41998
13.400698,309.8685 2.5734112,318.56945 1.7135565,326.71437
5.6557632,338.6599 6.2532364,348.43678 5.5271618,359.57778
0.06361498,350.67194 8.4837476,362.50286 10.718546,382.04261
15.970048,403.22416 11.504813,422.05686 -0.69950037,435.26467
11.835636,408.84258 6.538347,403.33644 7.6652082,391.65504
-2.4721118,395.4335 5.1812191,406.02929 5.9296783,412.36771
-2.144025,437.26777 7.7850415,429.17517 18.3182,412.1576
20.457749,425.88827 20.812868,439.24428 22.479854,452.22852
23.50812,467.70582 27.317047,479.0 27.317047,479.0
27.317047,479.0 27.317047,479.0 27.317047,479.0
;
33.052874,478.46732 33.052874,478.46732 34.912603,466.48393
30.347605,453.12484 29.492109,440.04219 27.035724,428.96059
27.68395,416.8354 24.641417,407.62586 22.770043,391.44555
22.792106,415.46221 21.172033,392.87914 18.73022,381.03004
20.241442,367.16455 15.0,356.6 20.266292,397.41265
25.309142,438.53156 31.985874,479.12676 31.985874,479.12676
33.052874,478.46732 33.052874,478.46732 33.052874,478.46732
;
113.96798,478.74187 113.96798,478.74187 136.97782,478.66127
159.98767,478.58062 182.99751,478.5 177.09555,472.43079
159.95907,477.59165 149.69138,475.88644 115.50494,475.88944
81.318476,475.93024 47.132064,475.91004 43.028722,443.56404
38.261652,409.01102 33.591945,378.13295 34.999148,411.71853
43.968023,445.18774 44.937954,478.98469 67.947769,478.90339
90.95913,478.8247 113.96798,478.74187 113.96798,478.74187
113.96798,478.74187 113.96798,478.74187 113.96798,478.74187
;
356.12106,479.0 356.12106,479.0 360.67082,470.43061
352.28425,457.16304 355.28719,446.67977 356.1716,425.62049
365.37608,403.41605 356.93729,383.0143 372.0929,391.32221
361.08279,371.35596 364.19626,368.80432 375.19507,377.45812
369.45927,358.6012 367.9392,352.95462 367.00653,336.27652
350.18843,350.95229 340.17186,349.01257 336.277,342.60119
328.90484,332.84097 326.69656,323.5 327.49249,287.47178
324.23679,251.20365 330.1659,215.5 323.71948,211.66251
316.80141,217.79847 325.01762,203.88849 323.66578,195.53839
329.89544,184.25578 332.13584,180.41149 340.18212,161.12232
357.81311,146.504 362.99956,125.88197 360.33589,125.24464
370.89622,106.91775 370.86341,98.860676 375.94946,79.592267
383.92631,53.780122 408.08334,53.81005 430.80775,57.290704
437.74003,83.435578 437.47863,103.24606 440.03397,119.55872
433.88787,140.3373 445.99849,153.0 454.05597,159.08119
468.0371,160.6622 471.13236,171.01778 474.93785,179.6872
462.57563,190.08473 472.20868,191.05687 470.01746,196.32548
457.66918,193.4951 456.10143,204.35056 456.13413,215.55684
451.16304,214.30803 451.88674,223.39862 443.42426,222.33059
453.58083,235.50769 447.54256,243.11054 444.31512,259.67823
439.81185,262.74305 442.81728,243.93591 443.74784,237.28146
446.36023,220.87139 445.03869,218.99998 446.86965,211.12624
433.89135,236.69653 438.25428,224.1958 439.19279,206.53569
436.93557,232.00773 432.36131,230.88524 433.30398,226.97514
436.40758,214.60893 429.50976,229.58876 415.15818,239.00282
420.25609,229.86267 424.90802,218.27516 431.04884,202.93227
426.15982,186.60736 422.99956,171.4542 421.07096,156.29934
414.49525,164.84029 416.11316,154.17796 419.89534,142.62593
422.36004,130.51313 429.9225,121.00035 436.19326,103.34574
432.36116,84.007059 425.06427,67.218055 408.8602,58.29985
399.82446,79.078813 388.99859,87.146272 379.58227,99.615599
380.94739,116.9681 390.0,129.26044 394.2379,143.64424
398.37912,142.60293 395.00475,153.0868 384.59065,169.26693
393.73283,141.71612 390.72309,140.59221 382.35501,153.79605
389.3465,168.58026 396.97464,180.23146 395.68945,184.96021
406.34191,202.92271 401.39162,195.25776 391.17854,192.48057
408.20009,196.09623 390.92791,188.61469 371.69552,179.86231
393.25177,194.72737 400.79235,197.63434 412.48469,206.5973
410.0594,223.27359 412.7661,236.21509 418.13006,271.75856
404.82987,306.85935 405.16728,342.00007 417.84085,343.69194
429.61012,338.87469 440.679,333.22806 444.44058,347.03973
440.95091,361.08779 444.07664,375.20358 438.88134,387.34872
453.27357,389.08786 451.00061,377.04082 442.92139,374.36621
447.23756,357.39794 445.53965,348.66329 442.29101,338.21814
448.81605,332.97866 446.08982,328.50012 439.04034,342.95539
444.11124,316.63697 442.73349,309.23533 442.45772,285.62051
442.71539,261.58106 452.11339,239.50012 451.07524,226.87552
456.02472,214.54262 459.38604,203.41468 467.86883,193.43142
475.14446,194.29078 472.50083,208.68981 474.03108,229.88393
473.16926,252.34568 480.29215,272.11709 477.94731,281.74233
478.29712,293.64101 481.76227,302.29826 489.97853,306.72274
493.13214,316.9284 484.50145,322.85284 478.24689,330.01837
473.95294,333.875 463.79459,330.80613 462.93936,338.93684
455.12506,352.74483 462.12113,358.80727 459.12849,366.16268
458.09647,375.96492 451.51585,382.37578 446.28229,400.7187
450.73174,419.18439 453.06602,437.40516 452.23925,451.26362
453.25362,465.28967 450.79138,478.99927 457.99998,474.70825
455.24201,458.82565 456.00855,449.78416 458.30516,428.78676
447.61463,408.55994 453.74523,387.67166 456.50114,382.25844
463.80142,361.4268 463.38095,367.22096 466.73947,368.2509
465.33542,380.20542 468.48915,366.41704 482.03068,359.36733
478.43849,343.78446 480.89405,331.68417 482.08826,323.85338
497.1645,320.29358 492.1607,310.03142 484.77852,301.95895
480.41793,293.94839 481.8669,281.99927 484.88216,271.44479
480.52891,262.97382 478.42954,253.10122 475.29752,224.14584
475.15211,194.30824 472.42659,165.77085 465.36443,156.34887
448.78837,155.55962 444.08041,144.25284 442.08995,136.16177
440.9647,125.25009 441.32705,115.65019 441.04412,94.941356
440.42331,69.193689 422.63188,55.661128 405.78533,44.935848
382.89726,54.813143 375.51085,72.590961 370.88546,81.044019
370.89737,88.905553 368.57778,96.357608 364.26489,109.33822
363.20755,129.41969 345.64863,130.32589 359.8178,130.14688
352.80881,136.38095 346.76403,144.97295 344.49863,155.51137
335.5383,163.26424 331.90616,173.46627 330.30443,169.70371
323.65565,187.78951 322.74217,194.2934 324.33769,203.58331
315.90266,210.04237 314.79984,219.18773 330.20394,213.54339
327.10317,225.20028 324.7655,236.04096 322.18303,264.71564
325.55774,293.70077 323.69291,322.5 324.20115,333.53075
334.3491,339.34907 335.24563,350.034 339.11042,357.18338
330.99027,371.57036 343.29483,375.48816 352.40212,380.48011
357.80647,387.82846 357.39122,397.79834 359.16899,419.7603
349.77879,441.06999 353.2578,463.21549 354.49857,468.0393
353.75907,475.50617 356.12106,479.0 356.12106,479.0
356.12106,479.0 356.12106,479.0 356.12106,479.0
;
362.18921,383.0 362.18921,383.0 356.1348,379.82211
353.11765,357.9719 353.30793,376.43607 349.86099,385.42778
347.45949,362.03676 344.92982,373.43649 340.30825,365.70098
341.95672,367.70574 338.90532,368.61039 335.22391,356.29732
341.28877,348.42993 354.23001,349.37851 367.73681,341.43751
366.73529,362.16981 367.17438,367.99992 363.29562,351.74211
362.06803,367.20808 362.0,352.88197 357.30627,360.89408
361.16646,373.56257 363.23325,383.0 363.23325,383.0
362.1892,383.0 362.1892,383.0 362.1892,383.0
362.18921,383.0 362.18921,383.0 362.18921,383.0
;
468.86358,363.07301 468.86358,363.07301 468.17425,364.84826
474.69994,342.14014 470.12517,340.80902 465.45986,345.28699
461.55309,361.26912 464.17121,341.17486 460.97317,326.23476
483.45599,334.75387 477.57295,345.96775 476.62721,352.27896
474.66298,359.66227 468.86358,363.07301 468.86358,363.07301
468.86358,363.07301 468.86358,363.07301 468.86358,363.07301
;
466.68382,359.30832 466.68382,359.30832 458.17791,366.35162
471.46606,345.487 466.68391,359.30832 466.68391,359.30832
466.68382,359.30832 466.68382,359.30832 466.68382,359.30832
;
412.0685,339.92105 412.0685,339.92105 403.05505,340.97848
407.26469,317.356 416.65901,328.00004 418.10856,325.88201
412.87927,322.30175 411.28467,319.18198 412.82917,319.96167
407.63174,304.77886 412.97092,299.48207 419.25628,292.16049
412.94912,299.74561 414.43659,286.21494 416.88844,270.57946
416.30197,254.76756 416.47993,239.00004 423.39857,241.97001
437.05987,231.71525 438.61401,238.00526 433.60046,256.13419
432.85038,274.84455 438.76659,292.84948 434.54944,297.89122
412.30794,310.8192 429.45907,301.9653 439.29187,291.68183
440.05175,307.72432 437.74167,315.00004 421.91432,325.71775
436.71567,313.07489 437.27661,320.45885 441.96501,333.69864
427.48908,335.87334 417.91994,339.02503 415.97203,339.67034
414.15663,340.32143 412.0685,339.92105 412.0685,339.92105
412.0685,339.92105 412.0685,339.92105 412.0685,339.92105
;
440.05909,280.5 440.05909,280.5 438.74882,294.52513
436.31265,264.86027 437.26165,259.57816 440.42922,237.19727
439.95778,260.40902 440.51044,270.78996 440.8538,274.0516
440.37002,277.25952 440.05909,280.5 440.05909,280.5
440.05909,280.5 440.05909,280.5 440.05909,280.5
;
416.48366,227.3679 416.48366,227.3679 411.46875,224.44367
423.49093,205.48214 418.99835,223.50499 418.01124,224.65068
418.87456,227.56067 416.48366,227.3679 416.48366,227.3679
416.48366,227.3679 416.48366,227.3679 416.48366,227.3679
;
419.22133,213.0 419.22133,213.0 418.39388,205.73378
410.80603,196.03192 409.26609,190.06725 415.44907,197.11751
423.04136,203.59156 419.22131,213.0 419.22131,213.0
419.22133,213.0 419.22133,213.0 419.22133,213.0
;
422.11746,211.84419 422.11746,211.84419 417.92007,207.19741
425.74282,196.78627 422.11746,211.84419 422.11746,211.84419
422.11746,211.84419 422.11746,211.84419 422.11746,211.84419
;
423.92576,199.0 423.92576,199.0 417.00729,191.93029
422.91981,197.54298 414.74158,193.87191 408.24977,184.69625
403.38058,171.93079 396.52752,164.95547 403.83835,163.05317
410.84806,184.97216 418.1468,171.5 416.82973,180.33406
419.94744,189.50819 423.16061,194.57414 422.76727,195.40496
426.15796,199.58904 423.92576,199.0 423.92576,199.0
423.92576,199.0 423.92576,199.0 423.92576,199.0
;
402.78588,182.54745 402.78588,182.54745 393.62144,172.29852
400.86254,175.56063 397.37647,170.69867 393.83222,165.13088
403.77137,176.95391 402.47372,180.88296 402.47372,180.88296
403.14747,182.18586 403.14747,182.18586 403.14747,182.18586
402.78588,182.54745 402.78588,182.54745 402.78588,182.54745
;
412.05887,172.95572 412.05887,172.95572 402.06714,166.74574
398.20181,160.42659 400.48948,149.34248 402.0433,143.60399
386.95384,125.54381 395.16997,133.21826 397.57918,126.9378
385.37983,117.48271 385.84109,108.31161 379.65193,95.153531
405.31245,91.511927 395.30668,94.959117 395.43764,103.84133
413.01647,85.783533 395.15011,89.499992 387.33088,85.979751
418.0408,88.967014 402.0,81.643631 405.79279,74.351167
420.37559,62.753244 423.5982,74.5 436.26698,91.305176
415.4275,78.268873 413.2174,86.360257 424.71653,86.825264
433.96432,92.206615 430.0,105.72702 429.9609,118.41073
422.53031,129.95577 409.2218,131.25012 394.09431,122.31783
391.5899,128.85233 408.22919,132.92197 426.39635,127.88415
417.12551,141.30426 413.68241,152.23377 406.19981,159.11905
421.31008,169.02329 412.05887,172.9557 412.05887,172.9557
412.05887,172.95572 412.05887,172.95572 412.05887,172.95572
;
412.15218,148.0 412.15218,148.0 418.07076,135.8527
408.75387,133.75679 412.15218,148.0 412.15218,148.0
412.15218,148.0 412.15218,148.0 412.15218,148.0
;
404.5,121.96784 404.5,121.96784 399.70405,116.30369
413.68743,118.40345 420.0,119.00047 421.4056,105.42338
415.4592,113.93727 408.78664,112.25489 401.64574,107.27916
404.7203,115.40486 397.0,111.0495 395.60624,117.40137
398.72397,120.32543 404.5,121.96784 404.5,121.96784
404.5,121.96784 404.5,121.96784 404.5,121.96784
;
408.01663,106.59587 408.01663,106.59587 424.66144,100.50743
404.07319,108.16012 404.0,100.0 390.2838,105.81186
402.00653,105.99286 408.01663,106.59587 408.01663,106.59587
408.01663,106.59587 408.01663,106.59587 408.01663,106.59587
;
420.98834,98.0 420.98834,98.0 436.68218,96.634155
422.57407,84.635631 414.68597,92.174249 411.09993,94.781077
418.85384,98.729362 420.98834,98.0 420.98834,98.0
420.98834,98.0 420.98834,98.0 420.98834,98.0
;
397.57142,159.55887 397.57142,159.55887 391.19272,164.00833
402.00949,149.1425 396.40242,154.86595 394.38517,135.38841
402.53642,154.59814 397.57142,159.55887 397.57142,159.55887
397.57142,159.55887 397.57142,159.55887 397.57142,159.55887
;
382.0,479.0 382.0,479.0 386.72106,466.62598
388.63307,449.8582 389.66271,435.47723 400.78973,423.1891
397.89277,405.6501 402.83241,390.60766 404.38739,384.00497
407.70802,358.03611 409.76068,377.43729 411.083,395.389
411.54305,414.3658 419.9061,430.45451 419.68606,446.96739
425.575,462.58252 426.25842,479.0 432.96424,474.27223
424.28126,457.37523 423.90154,447.90414 423.02632,437.61274
423.77192,427.20198 418.2418,418.5 412.01864,403.89762
415.69562,387.74122 411.44251,373.17926 410.38413,362.30643
404.7413,351.50265 403.92281,370.12948 401.19301,388.32847
396.88531,406.61917 393.38946,424.44972 382.13699,438.29043
387.34229,457.47077 381.04328,473.5 381.76713,474.74839
379.58709,479.52726 382.0,479.0 382.0,479.0
382.0,479.0 382.0,479.0 382.0,479.0
;
476.0,478.6395 476.0,478.6395 500.44334,478.6279
460.35804,477.62654 470.4186,478.6395 472.27907,478.6395
474.13953,478.6395 476.0,478.6395 476.0,478.6395
476.0,478.6395 476.0,478.6395 476.0,478.6395
;
598.25,478.85017 598.25,478.85017 619.59676,478.95603
597.13131,477.51743 587.91682,477.52993 583.64479,480.31771
596.5502,478.36593 598.25,478.85017 598.25,478.85017
598.25,478.85017 598.25,478.85017 598.25,478.85017
;
715.35699,478.81977 715.35699,478.81977 726.37214,477.80639
731.86129,480.0049 731.73852,476.28955 730.62736,467.52323
716.15616,462.9345 721.92429,474.68836 727.66738,479.86758
691.39605,477.58323 707.37741,478.71595 710.03726,478.75055
712.69717,478.78515 715.35699,478.81977 715.35699,478.81977
715.35699,478.81977 715.35699,478.81977 715.35699,478.81977
;
572.5,477.61146 572.5,477.61146 593.09135,478.19771
577.92438,476.45479 566.29159,477.25732 550.45185,477.88581
568.28258,477.50216 572.5,477.61146 572.5,477.61146
572.5,477.61146 572.5,477.61146 572.5,477.61146
;
479.5,476.61146 479.5,476.61146 500.09135,477.19771
484.92438,475.45479 473.29159,476.25732 457.45185,476.88581
475.28258,476.50216 479.5,476.61146 479.5,476.61146
479.5,476.61146 479.5,476.61146 479.5,476.61146
;
303.5,475.57386 303.5,475.57386 315.17517,475.57186
335.21306,475.68846 312.23606,475.19799 305.46612,474.54843
279.3613,475.622 285.4186,475.57543 291.44547,475.57465
297.47438,475.5759 303.5,475.57343 303.5,475.57343
303.5,475.57386 303.5,475.57386 303.5,475.57386
;
396.28535,387.81492 396.28535,387.81492 408.01745,378.19707
383.09103,379.89668 396.28535,387.81492 396.28535,387.81492
396.28535,387.81492 396.28535,387.81492 396.28535,387.81492
;
32.77522,369.94112 32.77522,369.94112 33.324544,363.1205
28.024559,345.27274 30.121363,361.43899 30.106423,362.23155
32.574351,378.14742 32.77522,369.94112 32.77522,369.94112
32.77522,369.94112 32.77522,369.94112 32.77522,369.94112
;
39.648957,313.68438 39.648957,313.68438 43.359498,307.74901
52.595765,295.61054 41.0,293.04288 39.929797,274.72598
42.4147,254.87774 38.614563,237.52366 27.411681,226.97115
43.675264,245.87627 38.408433,253.25319 38.670722,265.83544
38.933012,278.41768 39.195302,290.99993 36.912411,290.3343
51.7798,303.154 39.531027,311.99219 39.080601,311.93229
38.409706,315.89366 39.648957,313.68438 39.648957,313.68438
39.648957,313.68438 39.648957,313.68438 39.648957,313.68438
;
14.892817,298.69855 14.892817,298.69855 29.264712,289.38004
-6.1917172,294.73495 14.892817,298.69855 14.892817,298.69855
14.892817,298.69855 14.892817,298.69855 14.892817,298.69855
;
2.8036716,296.79929 2.8036716,296.79929 10.688475,290.60115
-5.2291501,289.49029 2.8036716,296.79929 2.8036716,296.79929
2.8036716,296.79929 2.8036716,296.79929 2.8036716,296.79929
;
25.281385,296.98469 25.281385,296.98469 32.103561,290.35849
22.375355,275.66013 25.281395,265.66522 24.64,252.37719
27.939013,237.4047 24.806026,225.18179 16.292104,224.16552
12.544345,211.38344 17.0,207.0 13.905663,219.25376
31.670619,210.45343 26.087106,222.16185 27.801338,239.11245
31.135698,230.60754 28.125976,218.65707 39.470233,207.51422
10.546494,217.01933 20.886746,205.73166 26.540743,202.29476
40.99501,195.77467 27.175796,198.0 23.63816,187.91464
28.697687,176.62934 23.442177,167.14635 24.058743,178.61877
22.959422,191.63354 25.487227,202.02067 17.948512,206.49422
8.5672768,207.14097 9.5,212.5 -10.426876,213.78447
14.804566,211.56591 12.160976,220.50569 -1.3387105,219.96439
0.33293856,227.23106 4.0,233.11794 11.832387,221.17914
14.667071,245.96844 3.0840152,234.94549 -4.1388868,242.92988
8.3829411,256.00713 3.75,247.43788 6.7465216,249.98566
1.8668521,235.66037 6.8298296,239.48829 10.784689,245.91634
4.4166585,252.75171 1.0,254.21398 1.9366035,264.28571
1.4260271,265.08871 2.2,270.2 -1.2539785,284.68708
11.76378,258.62201 10.51026,252.11972 11.500684,246.6215
16.656953,221.21949 18.095795,236.87477 18.715614,250.54465
15.072326,264.93471 18.278327,278.16769 21.27999,284.82679
21.562313,278.53113 22.727468,265.5 21.72207,275.68109
25.273471,287.22014 24.577509,296.23469 24.577509,296.23469
23.499994,296.96937 23.499994,296.96937 23.499994,296.96937
25.281379,296.98467 25.281379,296.98467 25.281379,296.98467
25.281385,296.98469 25.281385,296.98469 25.281385,296.98469
;
15.25,291.87524 15.25,291.87524 25.600725,288.51231
-5.3309172,284.78762 2.0833333,288.98467 -2.8166856,290.33244
14.20703,291.90251 15.25,291.87524 15.25,291.87524
15.25,291.87524 15.25,291.87524 15.25,291.87524
;
14.896556,280.78141 14.896556,280.78141 23.946442,272.81919
2.0112319,276.6812 14.896556,280.78141 14.896556,280.78141
14.896556,280.78141 14.896556,280.78141 14.896556,280.78141
;
390.872,234.77919 390.872,234.77919 403.49154,223.62757
375.94519,227.75648 390.872,234.77919 390.872,234.77919
390.872,234.77919 390.872,234.77919 390.872,234.77919
;
2.962793,205.58717 2.962793,205.58717 14.314237,204.72685
21.467237,198.59914 11.966274,197.00967 1.5315897,197.49366
-4.2813067,191.7704 5.75,200.1377 20.008044,199.53086
-7.2582885,201.98604 2.962793,205.58717 2.962793,205.58717
2.962793,205.58717 2.962793,205.58717 2.962793,205.58717
;
6.375,196.0 6.375,196.0 21.286078,197.36061
5.8931079,188.3524 5.0,196.0 5.0,196.0
6.375,196.0 6.375,196.0 6.375,196.0
;
10.019019,188.71984 10.019019,188.71984 25.038309,185.08742
-0.75929608,186.82793 9.881966,185.0 19.89051,181.45372
-3.3462893,184.30174 5.876048,173.85884 16.935161,166.3159
14.841093,194.66748 16.5,175.15882 13.965454,165.11881
20.995927,160.56761 9.9105536,155.60169 2.9099798,152.20984
-3.5966373,173.34912 8.7078504,166.67875 26.131293,167.1572
-2.1743585,168.81837 1.5,177.37791 1.579324,182.41441
2.7322419,192.85399 10.019019,188.71984 10.019019,188.71984
10.019019,188.71984 10.019019,188.71984 10.019019,188.71984
;
