185.0,480.0 185.0,480.0 123.33333,480.0
61.666667,480.0 0.0,480.0 0.0,320.0
0.0,160.0 0.0,0.0 284.66667,0.0
569.33333,0.0 854.0,0.0 854.0,160.0
854.0,320.0 854.0,480.0 728.08754,480.0
602.17508,480.0 476.26262,480.0 478.12897,459.2831
476.57475,438.84935 472.46003,418.5 474.59054,409.00239
473.32049,399.17377 476.19994,390.20197 475.29668,378.64777
492.73383,382.41236 494.18822,372.30865 503.38884,365.59218
495.05591,349.66378 503.11005,343.82816 516.8261,343.25997
507.68928,325.06452 516.82486,317.5 515.79044,299.69285
518.12225,280.65172 515.0699,263.58429 513.8247,248.96223
507.07121,233.73916 507.69941,218.15225 507.35656,206.89953
502.47728,200.1475 501.22445,188.09077 502.62722,177.47165
496.29079,169.64317 486.32099,166.75813 478.73138,158.50614
463.79959,158.3093 463.51003,144.54322 462.23873,135.31873
463.52633,127.39311 461.2037,120.3534 460.86693,100.48027
454.24956,73.096979 430.73401,70.477074 419.47505,68.725566
407.23291,75.636613 402.0,84.666157 391.94607,97.325548
389.21576,116.4297 387.86042,132.95289 391.74282,140.96703
376.68031,154.15639 384.79043,155.01149 386.36004,165.62631
370.0638,168.85873 366.05381,178.12886 358.24059,190.42206
361.27709,207.05967 354.76934,219.71832 353.59524,236.10987
352.61508,253.09117 349.40767,268.72302 353.85262,277.41493
346.24055,286.11066 349.81247,295.5 341.43691,307.95521
337.44279,324.04122 347.00059,337.05927 351.33929,347.37396
344.62447,352.67505 349.00059,362.35943 349.06399,371.84856
359.73442,377.00846 366.71752,382.83869 374.4929,373.81072
373.72552,398.92324 374.49406,405.29357 376.73218,427.3008
367.48114,448.37661 370.03132,470.62811 374.1904,487.10984
352.28242,477.43724 342.56898,480.0 290.04598,480.0
237.52299,480.0 185.0,480.0 185.0,480.0
185.0,480.0 185.0,480.0 185.0,480.0
;
387.25,479.77903 387.25,479.77903 369.87605,485.65569
374.18326,469.38982 374.0,457.70996 373.63585,445.86901
378.30783,435.45125 379.01725,423.0 380.17487,405.97187
379.65291,387.58535 371.96713,371.95173 379.4395,365.59399
371.68032,356.7762 373.16351,346.5 372.99051,336.2702
353.4556,347.79236 352.0,339.51462 349.61808,330.29907
341.72073,320.71376 346.73696,310.79338 361.19354,293.90452
348.20375,269.81375 357.68012,251.028 355.1472,232.59291
362.09578,215.89855 363.99633,197.25833 366.43455,187.30171
370.26396,176.87291 379.49138,170.57583 390.60331,167.48703
389.9088,155.04533 393.25005,146.20762 391.67754,138.73911
390.52423,126.4111 394.98081,117.70088 398.14932,104.32272
401.61476,88.492921 412.33589,80.0 420.82986,72.695062
431.89835,73.219455 440.861,79.835119 457.97287,94.060418
457.2895,119.49819 457.914,140.28908 458.40689,149.32648
462.28583,158.25751 470.54892,162.46802 478.54924,167.38946
486.43954,172.55929 495.0,176.93254 496.78628,192.61599
503.8483,209.52425 503.18514,226.67356 504.5807,241.03358
511.7349,254.70673 511.20568,269.95086 512.58667,286.55967
512.51103,303.94275 510.56143,320.21992 506.05323,330.0015
509.09191,340.77012 496.99657,343.00639 497.17253,355.06251
480.01042,338.43363 474.64153,344.63237 476.17835,353.6245
460.86858,371.22774 474.17687,372.1499 483.67383,364.6718
469.77864,386.46008 472.17204,392.85755 465.10994,404.04731
470.29498,418.91333 468.5,431.68667 475.64646,446.0869
473.15119,464.21684 471.73833,479.99999 463.14487,477.59656
444.88725,486.4633 446.44158,471.73769 441.48728,458.82388
446.0931,442.39974 437.0,429.86046 434.61839,418.81618
433.67131,406.65587 432.70569,394.57449 429.48621,384.19086
431.23949,372.00802 424.76998,363.0 428.93502,355.80654
416.05254,373.3829 418.95446,381.88985 413.38389,397.04155
415.34545,416.76231 410.04502,432.38762 400.0341,444.56216
405.80866,462.74654 400.69786,477.5 400.73276,482.35637
390.55594,478.26388 387.25,479.77903 387.25,479.77903
387.25,479.77903 387.25,479.77903 387.25,479.77903
;
455.80168,399.79779 455.80168,399.79779 467.71605,390.84603
453.31105,386.29505 456.59971,374.25 458.66376,365.02518
450.49427,348.5932 458.93512,344.20421 456.227,337.70436
450.54323,333.47334 453.15703,321.29079 455.84749,311.77702
447.37595,296.91409 455.61878,291.13365 453.4454,285.38576
454.66359,273.66721 457.88992,264.5 461.34907,253.61547
469.31084,246.23938 468.44637,234.73864 476.34424,228.33103
469.32122,212.89633 480.53209,211.53928 493.41339,213.19673
504.48623,202.01795 490.40451,197.39827 491.97352,209.54367
477.60361,203.91379 471.15337,212.31999 466.62105,219.2575
469.53297,234.63448 459.36076,235.50234 466.40134,241.49289
456.24701,251.07871 455.0847,260.5 455.66212,249.29661
458.28943,238.22177 459.14401,227.0 452.53579,229.57157
443.0921,236.12208 448.07323,236.3667 437.96548,241.73172
429.51911,240.31484 439.35721,228.1386 442.61344,215.01407
448.11702,203.25997 445.9954,190.10776 445.9064,179.99354
441.98819,180.14466 441.54214,170.22457 440.86862,160.61961
445.44254,148.297 442.55051,145.21876 447.95799,137.16153
454.87664,129.59398 452.00019,118.64514 452.45773,105.52321
449.23011,91.234439 440.5,81.153868 424.61402,76.379616
416.43557,93.236783 408.14579,103.57096 404.45545,111.87633
401.24723,120.43932 404.65856,130.0913 407.97166,139.5026
417.32891,146.01504 415.40657,157.87232 424.96294,176.75297
408.19973,154.72159 409.80043,171.60341 409.16796,183.19733
413.38342,194.56045 418.59568,204.76523 412.64276,205.7257
394.74332,194.74906 409.74995,208.16577 419.55565,213.56055
421.24503,225.4553 418.88509,235.58608 425.60037,242.35613
417.26334,256.71846 419.35309,267.40188 414.49142,292.92466
405.10678,318.92601 403.99995,345.66204 411.57365,348.75469
420.96137,350.85415 424.41816,354.39301 421.64177,349.2302
437.45008,351.48751 446.09399,348.17497 454.48294,348.61208
449.41652,367.14376 451.56622,375.18266 454.20603,384.25296
445.90928,394.84001 455.80168,399.79779 455.80168,399.79779
455.80168,399.79779 455.80168,399.79779 455.80168,399.79779
;
423.35902,347.0 423.35902,347.0 421.61544,343.04534
423.09628,345.25921 415.83585,341.58518 415.33717,334.67078
423.72098,338.79122 419.51193,334.84066 440.27989,340.03973
412.70777,326.52122 421.68588,326.90997 413.03924,325.05575
415.52354,319.2082 416.78602,311.0 419.68676,302.05017
414.6816,294.89724 420.27545,285.57822 423.88656,273.35406
422.94271,260.55231 425.00462,248.1333 431.02584,249.12866
443.44335,243.68109 448.73688,247.7933 446.12396,265.26094
453.61604,237.53272 453.13812,243.23727 450.22315,248.81719
451.47851,261.55121 447.87825,266.42475 446.08664,269.2389
451.5364,285.47761 443.0,287.0 444.72191,294.50434
451.47153,313.29038 441.59356,310.61679 437.67932,305.48519
436.37277,313.86188 429.53136,315.09879 421.95137,320.15469
438.33569,324.30751 442.9924,317.81642 430.24804,312.81668
460.22594,317.1668 443.18494,326.74839 428.70942,333.8082
431.03697,333.00182 442.95936,334.00001 449.65764,338.00246
440.26101,348.05587 434.37083,346.06914 429.59447,348.73063
428.69148,342.82333 423.35902,347.0 423.35902,347.0
423.35902,347.0 423.35902,347.0 423.35902,347.0
;
427.0,313.0 427.0,313.0 439.47317,309.23729
425.05872,307.25398 426.11803,313.0 426.11803,313.0
427.0,313.0 427.0,313.0 427.0,313.0
;
425.22952,283.96911 425.22952,283.96911 432.5961,264.23785
418.94,283.354 424.85031,285.53398 424.85031,285.53398
425.22952,283.96911 425.22952,283.96911 425.22952,283.96911
;
431.49132,221.0033 431.49132,221.0033 427.87493,226.93593
434.99899,200.68619 427.02876,213.13103 426.31006,209.30268
414.20795,187.41427 421.32524,194.5 422.34844,189.32301
436.36082,213.85281 430.57093,198.09469 417.90771,184.78382
440.44684,193.94751 438.85335,200.99999 445.24852,201.10348
432.29474,204.23312 437.86245,208.26381 432.85783,215.04293
441.61268,221.46075 431.49132,221.0033 431.49132,221.0033
431.49132,221.0033 431.49132,221.0033 431.49132,221.0033
;
430.19098,189.93785 430.19098,189.93785 417.22982,180.298
422.16164,179.67823 432.11803,187.99995 431.35274,188.40004
431.48759,190.60033 430.19098,189.93785 430.19098,189.93785
430.19098,189.93785 430.19098,189.93785 430.19098,189.93785
;
435.16948,183.24081 435.16948,183.24081 425.77434,185.34629
420.89082,170.36578 421.59462,161.54484 418.52605,150.58057
421.20457,146.58984 425.5567,158.77749 433.46381,163.62582
422.88973,146.13864 419.60957,144.1547 424.02152,144.0596
448.34609,138.34283 434.52674,150.02517 427.82581,161.33626
435.15879,174.81104 438.0,155.29 443.39005,141.59332
438.006,162.36666 436.29252,166.89571 428.30808,172.98647
443.84187,179.49573 435.16948,183.24081 435.16948,183.24081
435.16948,183.24081 435.16948,183.24081 435.16948,183.24081
;
431.0,139.34761 431.0,139.34761 421.75126,139.90521
411.30017,138.11492 408.95768,128.46578 405.1761,114.80521
413.58641,113.01344 421.96094,109.05125 433.16765,104.0386
403.56612,102.43759 422.01924,102.77465 424.9319,99.326795
419.36178,89.300389 434.20364,88.000002 444.67374,91.015814
444.31081,99.218167 432.2216,96.000002 422.50985,98.960527
435.57178,117.16846 440.67618,110.5985 450.65189,102.13794
448.17437,123.31495 446.75754,131.0887 441.89765,136.25848
438.22146,138.93177 431.00002,139.34761 431.00002,139.34761
431.0,139.34761 431.0,139.34761 431.0,139.34761
;
426.25,134.88069 426.25,134.88069 422.51277,132.01615
429.12179,126.62192 429.79249,131.98314 442.78936,136.18924
440.23464,117.25733 427.75,122.69378 414.94014,121.77538
430.27331,118.80488 433.40925,119.73361 439.64054,109.23186
422.40189,116.67989 423.35252,114.74183 420.84548,118.62208
419.2929,109.31653 417.48704,125.39421 412.41019,131.48438
421.56205,134.46651 426.25,134.88069 426.25,134.88069
426.25,134.88069 426.25,134.88069 426.25,134.88069
;
395.18095,393.0 395.18095,393.0 408.01815,380.67557
380.19882,384.89832 395.18095,393.0 395.18095,393.0
395.18095,393.0 395.18095,393.0 395.18095,393.0
;
400.04049,244.0 400.04049,244.0 416.04251,236.80132
386.78576,232.81901 398.99746,244.0 398.99746,244.0
400.04049,244.0 400.04049,244.0 400.04049,244.0
;
423.86916,480.0 423.86916,480.0 408.15269,482.81246
401.42894,478.93141 406.76668,462.73479 406.77808,452.17194
408.32191,442.77944 414.22295,434.03088 417.65825,421.87002
417.33848,408.49197 420.9181,396.5 421.34275,386.58937
425.21477,364.97821 426.5553,385.95106 433.36941,404.9691
426.68358,427.62074 440.0,444.66609 439.36565,456.59904
440.43084,468.37083 443.0,480.0 436.62305,480.0
430.24611,480.0 423.86916,480.0 423.86916,480.0
423.86916,480.0 423.86916,480.0 423.86916,480.0
;
483.99363,376.70201 483.99363,376.70201 474.82552,383.69847
490.57174,357.19738 479.97453,353.77625 469.017,353.12833
491.31905,344.24749 495.0,354.34263 495.66262,362.26994
492.30702,374.24216 483.99363,376.70201 483.99363,376.70201
483.99363,376.70201 483.99363,376.70201 483.99363,376.70201
;
364.78518,376.91938 364.78518,376.91938 353.23957,371.60582
350.17335,357.47348 353.18768,346.00001 366.51108,336.39447
374.76893,362.58862 367.79006,353.60316 359.75216,347.05349
361.12312,364.46377 361.95806,371.35601 365.09819,372.48469
362.78038,374.23731 364.78518,376.91938 364.78518,376.91938
364.78518,376.91938 364.78518,376.91938 364.78518,376.91938
;
