190.0,480.0 190.0,480.0 126.66667,480.0
63.333333,480.0 0.0,480.0 0.0,320.0
0.0,160.0 0.0,0.0 284.66667,0.0
569.33333,0.0 854.0,0.0 854.0,160.0
854.0,320.0 854.0,480.0 728.36246,480.0
602.72491,480.0 477.08737,480.0 477.28982,466.71056
478.15421,450.6686 478.09867,439.0 474.19208,424.04988
469.35586,404.83192 474.70162,388.67012 475.05758,379.44238
480.51297,370.24536 490.0517,367.0 499.09823,359.88582
497.08653,345.3573 501.70058,336.47699 514.56722,337.1557
508.92493,322.35478 514.58193,314.12574 516.59907,285.04025
516.74501,254.64066 507.72882,226.54504 507.9212,210.73516
504.17359,194.9171 500.10715,180.21984 502.41582,168.1694
485.85198,166.8655 479.75151,159.39476 464.48875,155.77429
462.72001,139.0499 463.75761,125.87217 464.77593,107.93348
461.51303,88.043408 448.25862,75.092866 436.06605,65.707326
415.88928,68.904666 407.58866,82.34212 397.35381,93.58109
398.3059,109.57144 392.63022,122.91168 394.08251,132.87544
388.00356,146.25424 388.5453,152.0 393.7386,159.94022
378.38935,165.27583 374.28706,172.3619 362.88193,185.99328
365.88033,205.25978 360.82616,221.40663 359.12232,233.68499
361.61177,246.29451 356.03227,257.45927 359.27475,268.30919
354.17899,277.9644 355.49999,289.54595 346.2225,299.8197
343.69299,315.02178 352.83879,326.26548 356.37344,339.68457
350.2005,358.14106 364.56298,365.8798 374.58397,370.39421
375.91051,359.95555 379.58529,377.47389 386.20906,406.24246
374.02571,435.14161 379.39767,464.03339 384.80651,480.09713
374.20819,482.17367 360.40698,480.0 303.60465,480.0
246.80233,480.0 190.0,480.0 190.0,480.0
190.0,480.0 190.0,480.0 190.0,480.0
;
394.70223,480.0 394.70223,480.0 378.76939,485.10559
384.70815,466.23707 382.68599,456.628 378.76239,426.75584
393.068,395.01609 379.46363,366.52811 374.47131,357.67983
380.82787,347.74331 377.39518,337.34248 374.38575,326.28839
367.77572,334.34267 360.50002,331.97501 356.23717,327.23866
349.90371,315.95778 351.2746,306.98951 352.6865,298.05763
363.3496,291.83231 359.12726,281.48044 363.39974,271.45031
357.59339,262.4878 361.40964,252.87085 366.9946,239.2962
361.15564,223.43982 367.17888,209.50001 369.55669,198.52081
369.33037,185.01818 375.27834,177.00001 378.03389,168.78824
394.47086,166.50087 394.0463,154.7646 396.59677,147.66018
397.50478,141.01442 396.27567,132.52993 396.5391,117.7993
403.68445,103.67829 407.87231,89.163156 415.18431,69.714157
446.46288,68.813817 452.93459,89.351546 457.2109,98.739344
459.60357,105.25542 459.67482,116.29212 461.24337,132.18785
455.18856,155.296 474.81156,161.68699 481.1098,168.72658
495.95873,169.55643 495.97735,179.5 497.08109,194.51098
506.01514,207.77017 503.27729,223.14975 510.60462,248.73467
513.22791,275.18096 511.74457,301.77848 512.52605,312.1938
506.37947,320.97794 507.01935,331.5 495.11228,331.77498
494.70312,346.47459 481.19552,335.35962 470.67282,334.98445
474.36477,352.89239 471.63983,360.47491 478.75213,363.63622
480.59413,361.63546 474.78866,374.27017 468.73692,385.05822
469.00755,398.68511 468.30468,411.49992 474.0329,433.92793
475.78178,456.96843 472.71177,479.99992 461.2439,480.30741
447.60746,483.19854 450.02645,466.96103 447.10078,456.15509
446.88199,444.44821 444.52843,433.99992 430.688,411.00885
434.66942,382.50661 427.08732,357.75284 420.20065,365.08582
422.81328,380.06838 419.68655,390.44755 417.46511,400.8349
419.14897,411.7519 412.00106,419.86648 407.86176,435.99181
409.07981,454.73101 403.89576,471.49992 406.7729,481.5302
404.31693,480.40664 394.70223,480.0 394.70223,480.0
394.70223,480.0 394.70223,480.0 394.70223,480.0
;
458.17607,388.81934 458.17607,388.81934 471.3189,381.2447
454.06033,379.14342 459.02967,367.2848 455.47812,359.07313
458.44473,348.40029 455.97248,337.48608 468.15627,331.34643
448.59252,329.85324 454.61383,317.6641 454.60683,306.83223
454.26294,296.0219 452.85464,285.26972 459.81518,281.03067
449.29746,269.88794 456.73953,260.89518 460.32717,250.59168
467.82522,241.928 467.82983,231.14167 475.93448,223.52755
467.78463,206.56722 481.9027,206.44025 490.91859,207.15224
502.54829,201.86811 493.54799,195.03979 486.41752,193.66997
486.91843,205.44898 478.0699,203.30799 468.97375,204.60505
469.20476,215.39246 466.82532,223.70811 458.10535,229.62866
464.21877,233.23511 459.13169,244.49996 452.04979,261.97302
455.2093,248.55676 456.78778,237.06001 460.33383,227.74325
458.06054,214.28723 451.09164,228.49996 452.72349,212.6297
443.05708,232.10753 448.8196,231.1819 442.56414,233.1932
428.23262,239.95961 437.65063,228.49999 445.11615,213.26544
450.59839,193.12857 444.24529,177.29125 441.31562,168.66557
443.99511,160.23359 446.26087,150.3311 443.65447,144.71326
437.42895,165.82082 438.00001,171.58846 445.31201,185.45717
424.53181,180.34598 426.00001,169.13849 427.24749,161.67233
415.12511,141.52255 428.30015,143.91414 428.27275,152.82664
442.48968,136.94102 441.99148,145.18585 441.79559,150.10209
429.03954,166.63643 436.8172,163.20738 441.97887,146.89449
456.73368,134.63375 454.92838,116.54082 455.39154,104.558
451.14027,92.589777 445.91482,81.934608 437.12743,77.799113
427.17441,84.632404 421.24322,93.719613 416.30996,101.33769
412.78203,105.80464 409.02437,113.47267 406.26776,123.35327
408.93487,135.65834 417.8041,142.0041 416.6143,150.32041
424.91882,166.1979 421.67937,168.67675 416.61197,157.58865
412.27771,160.12282 411.89741,172.5 413.67042,183.03421
417.70558,192.8574 421.81905,202.65238 414.68003,198.31118
398.41151,191.45882 412.68295,203.00693 419.80643,207.74212
425.06168,219.39937 419.64113,227.04041 427.37482,236.07928
420.2652,239.53843 421.07301,253.26056 419.11624,277.74279
407.80158,300.3214 405.53757,324.98812 399.93862,337.39573
413.36082,337.8578 422.00001,340.3194 423.83392,353.07018
424.0681,335.16745 436.34401,339.92318 450.90828,333.29651
455.78477,341.75648 453.34331,355.9451 454.50558,366.95618
451.5333,378.76882 456.00323,389.13865 456.00323,389.13865
457.94171,388.85376 457.94171,388.85376 457.94171,388.85376
458.17608,388.81926 458.17608,388.81926 458.17608,388.81926
458.17607,388.81934 458.17607,388.81934 458.17607,388.81934
;
427.0,336.90303 427.0,336.90303 418.04843,335.86934
405.39694,335.25345 410.5,325.71839 410.16015,328.41189
418.07819,338.11187 414.43565,321.89227 420.12574,325.35937
431.90077,322.77936 415.5,315.83329 419.58289,317.24968
410.35383,307.18446 417.93176,300.54213 419.70986,293.12942
414.09435,283.80574 420.16667,290.44442 423.35174,285.73069
430.2053,260.22022 423.45806,273.46601 417.55721,293.41529
419.93257,277.26524 423.63653,266.78131 426.70319,258.16719
420.03932,238.81933 434.99993,241.36677 445.5474,239.967
455.64234,238.90046 448.65549,251.27354 447.07685,261.30015
441.68525,271.56591 447.30706,281.50002 445.48298,291.03937
455.97454,305.58389 439.2242,302.29574 425.22719,301.44651
427.87232,307.23035 437.45923,307.00002 439.76303,302.79704
451.798,305.70123 448.82888,312.36135 442.50699,315.87197
452.4959,317.13438 448.53351,331.66221 447.23297,337.57133
432.66087,335.93617 427.0,336.90303 427.0,336.90303
427.0,336.90303 427.0,336.90303 427.0,336.90303
;
434.87788,323.0 434.87788,323.0 450.59719,320.5985
439.15306,315.41152 433.0,323.0 433.0,323.0
434.87788,323.0 434.87788,323.0 434.87788,323.0
;
450.20374,279.18291 450.20374,279.18291 445.68771,288.70626
449.09323,252.0498 450.78106,269.37118 450.83526,272.69613
451.64428,276.01781 450.20374,279.18291 450.20374,279.18291
450.20374,279.18291 450.20374,279.18291 450.20374,279.18291
;
431.24145,228.89559 431.24145,228.89559 425.06884,232.47646
437.43781,211.29205 432.5,226.29118 432.5,226.29118
431.64751,228.0553 431.64751,228.0553 431.64751,228.0553
431.24145,228.89559 431.24145,228.89559 431.24145,228.89559
;
432.91667,217.98469 432.91667,217.98469 423.42065,209.96686
437.55881,214.42738 431.06277,203.0 428.6539,216.15283
426.19409,198.9022 422.00887,190.77269 415.78602,177.28769
426.53207,192.0584 430.95503,197.25 438.83391,203.74545
425.04171,184.70473 425.08182,179.76285 420.9289,169.69119
434.08077,191.52165 441.25799,185.0 438.66751,193.48356
444.99843,201.64936 438.23731,202.62974 435.11888,214.43823
443.05095,212.83455 433.92545,215.3399 429.03391,214.9449
434.59844,218.42717 432.91667,217.98469 432.91667,217.98469
432.91667,217.98469 432.91667,217.98469 432.91667,217.98469
;
432.0,140.95063 432.0,140.95063 420.92075,140.33243
409.4851,131.8959 413.49697,119.58091 411.87333,108.59602
426.00761,113.18219 429.0,108.11799 415.16655,100.39724
431.12963,106.20409 426.17965,97.322476 430.39975,89.783709
441.52126,80.987685 445.91908,93.848757 452.69849,99.466311
425.02393,94.507583 436.07696,102.03811 434.29821,100.11371
439.87058,119.7032 444.14964,109.22633 455.27608,104.24981
450.11719,115.54135 449.68875,125.43974 450.12875,134.65296
439.59804,139.77923 432.0,140.95063 432.0,140.95063
432.0,140.95063 432.0,140.95063 432.0,140.95063
;
431.25,135.97804 431.25,135.97804 426.326,131.95135
432.16745,132.62158 431.75,129.88404 428.13481,129.69981
447.36683,137.6113 440.5,125.00004 436.63262,122.85179
424.46187,119.08676 421.0,127.44505 418.98493,133.91038
426.79313,134.68893 431.25,135.97804 431.25,135.97804
431.25,135.97804 431.25,135.97804 431.25,135.97804
;
425.75,119.80098 425.75,119.80098 432.47644,118.29686
437.90382,120.47878 439.03676,115.59234 433.30246,116.77925
425.14298,111.58414 421.99997,116.86852 421.21093,120.66051
422.77266,119.85058 425.75,119.80098 425.75,119.80098
425.75,119.80098 425.75,119.80098 425.75,119.80098
;
396.5,380.0 396.5,380.0 410.45386,371.36123
382.75573,371.07665 396.5,380.0 396.5,380.0
396.5,380.0 396.5,380.0 396.5,380.0
;
402.62857,238.0 402.62857,238.0 415.05307,234.54242
397.09493,222.69477 399.0,235.6 400.28179,236.22552
400.77821,238.74713 402.62857,238.0 402.62857,238.0
402.62857,238.0 402.62857,238.0 402.62857,238.0
;
429.0,157.0 429.0,157.0 432.94147,148.82833
420.68688,141.29321 427.99999,154.69113 429.11732,154.67673
426.74643,158.15061 429.0,157.0 429.0,157.0
429.0,157.0 429.0,157.0 429.0,157.0
;
427.85178,480.0 427.85178,480.0 414.1365,481.67569
402.609,481.33247 408.95014,464.5 415.38898,448.34106
408.40773,428.22737 421.03232,414.6892 419.73127,403.01028
424.68823,391.01083 424.57479,378.80566 426.61413,362.42369
428.93377,390.27266 429.98852,396.27629 432.04885,410.01158
432.16241,425.4845 441.99994,435.89314 441.50939,450.8249
447.11047,465.17744 448.00004,480.0 441.28395,480.0
434.56787,480.0 427.85178,480.0 427.85178,480.0
427.85178,480.0 427.85178,480.0 427.85178,480.0
;
483.18328,366.71195 483.18328,366.71195 477.40423,373.37572
489.59257,352.63682 483.72815,346.0 473.89536,356.3905
478.57849,337.3041 486.08903,341.53141 499.35839,340.35454
495.68857,354.03033 489.88138,361.55703 489.01214,365.121
485.22361,363.73972 483.18328,366.71195 483.18328,366.71195
483.18328,366.71195 483.18328,366.71195 483.18328,366.71195
;
368.77568,364.98922 368.77568,364.98922 358.32254,359.15906
356.76798,346.70661 358.5,335.78718 371.47221,327.68361
376.56485,347.97948 371.45795,346.13248 370.04176,335.3138
363.0118,346.99664 365.31514,352.47179 364.89869,357.12518
367.13674,361.58504 368.77568,364.98922 368.77568,364.98922
368.77568,364.98922 368.77568,364.98922 368.77568,364.98922
;
