180.88337,480.0 180.88337,480.0 120.58891,480.0
60.294457,480.0 0.0,480.0 0.0,320.0
0.0,160.0 0.0,0.0 284.66667,0.0
569.33333,0.0 854.0,0.0 854.0,160.0
854.0,320.0 854.0,480.0 723.33333,480.0
592.66667,480.0 462.0,480.0 462.63376,470.86471
466.41938,463.21284 466.19107,452.18661 469.25062,428.67774
462.06946,405.07664 468.73595,381.87828 472.63738,375.07251
481.17956,370.80198 483.16709,360.79676 498.65374,359.18237
496.95248,342.11661 497.65223,330.68535 502.82923,324.78881
512.53728,317.34287 507.3784,306.17548 505.41825,297.58362
498.68522,293.34033 499.78325,281.66968 499.81365,260.47308
495.60016,238.85539 493.98931,218.48726 488.63379,203.95388
495.45427,183.88185 484.74692,171.68511 476.15978,166.59327
460.62276,163.42584 465.62139,150.6909 465.31362,133.3616
472.66732,115.20945 464.7647,98.846938 459.4033,93.483163
456.55495,81.047219 447.58843,78.96547 433.618,73.687287
417.97412,77.726752 410.18057,90.869441 403.20895,103.69717
392.84651,116.21163 396.0,131.96329 397.55611,142.27985
391.6981,155.47244 386.0,161.0 380.06485,164.65153
369.35146,170.11535 365.68635,178.80242 350.51569,216.36272
352.50558,257.72898 351.37936,297.39686 349.95511,306.64461
346.45232,315.2044 349.99992,323.03663 351.36045,328.16349
359.37416,335.29537 357.47429,345.36939 355.86697,359.68665
376.35482,365.09301 372.83825,380.37066 374.16081,393.81582
372.18749,408.92378 369.28829,420.99467 365.95878,431.74654
363.07178,448.03084 363.02109,461.41858 364.94986,473.48497
362.94379,484.81487 348.05153,480.0 292.32887,480.0
236.60569,480.0 180.88337,480.0 180.88337,480.0
180.88337,480.0 180.88337,480.0 180.88337,480.0
;
376.43203,480.0 376.43203,480.0 359.84973,485.09613
369.1977,466.57019 367.5032,457.04192 366.38632,434.37078
379.91519,414.2535 377.1427,391.23923 379.0345,382.04216
370.54381,367.89115 380.27391,363.19367 393.83371,363.45814
385.01073,347.52503 385.19199,338.85132 382.9667,328.6653
368.87278,336.71869 363.46305,337.03063 358.98607,336.30663
354.26083,321.45806 353.26461,314.64135 352.22258,301.58436
359.87894,289.25041 356.00223,275.92379 354.43838,256.55031
356.89104,235.65754 360.09607,217.4406 362.48106,205.69961
363.92883,188.13492 372.67251,176.67163 379.8299,166.09864
397.90519,166.63372 397.94072,150.91162 403.82081,141.56524
399.68197,133.07427 401.09909,122.95509 408.49635,117.65569
405.80824,104.57292 412.27361,97.402868 417.62795,84.383435
434.01451,75.297323 446.33744,85.202635 461.52355,90.558003
459.71455,110.58333 462.0021,123.50001 463.53127,136.28696
455.30887,151.54489 461.08611,164.02921 468.04352,171.3502
482.95922,171.45444 485.81913,181.20628 487.54572,192.80869
484.02795,196.38461 481.38277,200.55481 470.57254,203.37295
468.79678,209.22487 469.54103,219.50916 462.83283,224.79394
465.21788,231.60619 465.31877,240.37499 465.19998,252.66657
459.37328,262.74513 461.39861,244.54349 467.4755,224.06676
446.95206,247.27413 449.47845,237.27279 452.63098,227.42966
455.4447,222.78329 455.00012,213.66668 456.98823,205.02702
450.09479,198.59772 449.03065,190.50001 456.68565,190.0502
443.54219,188.40176 448.07368,177.88185 447.91953,166.00569
434.43803,176.05936 441.5118,169.00001 446.10436,163.29032
441.4894,149.22576 448.95032,156.00001 449.5339,148.37208
452.21911,140.20177 456.10656,135.30141 460.01891,123.39199
460.00169,110.1102 456.72671,98.0 446.60001,97.822703
440.76064,111.65098 434.0,117.64724 427.24673,123.67739
408.44362,133.29586 418.70421,146.03706 427.58665,153.44519
419.3886,156.37948 422.99918,167.27951 414.73026,172.5875
420.07271,185.71499 420.99917,192.0 417.8628,197.62887
422.78437,192.77758 424.56367,203.5 418.48581,201.31593
426.65231,208.52771 428.24008,218.45473 432.3041,251.38752
426.78866,284.4756 419.09509,316.26649 413.9155,329.42501
418.92345,336.42876 429.36785,337.48158 428.82725,339.02499
444.14273,332.02279 452.49917,331.74883 464.89476,321.93308
469.14248,335.23409 467.99917,339.99997 463.7778,355.65057
474.83915,350.86841 470.99917,336.12206 464.61732,330.71759
480.77993,325.0992 470.19108,322.38136 466.27699,314.68607
467.57573,299.39177 465.94586,288.78095 464.12433,269.53214
468.79763,250.99261 470.2607,231.96238 464.01553,232.27397
474.13167,218.43681 473.57765,214.09806 471.1834,207.29279
489.00254,199.6783 488.21426,206.89727 489.41501,233.12852
495.71806,258.44426 495.67568,284.74001 494.14098,297.34081
510.12258,307.95547 501.99917,319.83638 494.13445,327.02851
491.03914,331.8097 477.49917,328.49998 476.78238,339.008
473.74392,350.37844 476.89947,358.83331 475.78609,377.03549
472.22321,358.24188 469.49913,352.03061 466.02989,360.20798
468.7409,374.60296 464.28769,384.69307 462.28961,394.10157
461.4439,398.8498 460.99913,409.89236 459.62432,419.91048
465.67134,431.38388 463.14582,440.00001 461.45053,448.22383
461.46863,458.98676 459.56627,469.21234 461.81754,484.03412
448.28115,479.43594 438.34719,480.0 436.14022,458.6827
437.59064,436.62978 433.73886,415.5 427.21051,405.90002
431.70431,391.9123 429.58317,380.55788 427.27692,371.51871
432.54361,354.92295 423.84898,350.82427 420.24325,359.88041
420.02795,360.77307 417.9008,371.42245 415.0617,389.53229
409.14884,408.00247 404.58521,424.98127 397.21319,431.54208
397.70668,438.57019 395.79892,449.5 394.44738,460.2115
388.10362,469.38577 386.73832,480.0 383.30289,480.0
379.86746,480.0 376.43203,480.0 376.43203,480.0
376.43203,480.0 376.43203,480.0 376.43203,480.0
;
408.0,377.0 408.0,377.0 422.20912,369.29339
394.54824,365.81532 408.0,377.0 408.0,377.0
408.0,377.0 408.0,377.0 408.0,377.0
;
410.33976,238.0 410.33976,238.0 422.25573,230.12724
396.43641,225.44564 410.33976,238.0 410.33976,238.0
410.33976,238.0 410.33976,238.0 410.33976,238.0
;
413.21398,480.0 413.21398,480.0 402.98855,479.9498
384.17069,483.38773 394.75803,468.5 397.97282,458.46045
401.31868,446.9602 400.73855,437.89223 408.02645,431.32125
409.4434,422.23544 412.50257,413.0 417.70075,397.19314
418.33652,377.87951 424.72203,363.99789 427.66855,385.93438
426.40784,408.7198 431.71239,429.88041 432.61996,443.43928
433.84929,459.14311 433.92111,471.45124 437.19129,485.09786
423.45746,478.5203 413.21398,480.0 413.21398,480.0
413.21398,480.0 413.21398,480.0 413.21398,480.0
;
373.20295,362.0 373.20295,362.0 363.75178,362.30037
355.41176,340.42719 367.57207,340.31901 377.99766,338.93986
383.01123,334.07539 382.74487,347.80863 384.88801,366.78583
381.39901,339.08789 375.58969,345.82648 371.0092,350.1941
380.58311,362.43527 373.20295,362.0 373.20295,362.0
373.20295,362.0 373.20295,362.0 373.20295,362.0
;
488.39191,354.4031 488.39191,354.4031 484.66599,352.2643
491.87042,334.44822 482.93426,338.03518 478.70033,355.92218
476.73544,322.44398 489.93886,333.53905 497.497,336.85308
491.5494,350.38136 488.39191,354.4031 488.39191,354.4031
488.39191,354.4031 488.39191,354.4031 488.39191,354.4031
;
434.0,331.37324 434.0,331.37324 422.49254,336.92397
418.73359,321.11151 424.68294,323.89556 432.81376,328.56637
417.78003,312.01057 430.38952,320.33144 444.37042,317.68067
419.26916,312.94859 428.1034,302.41364 435.71812,301.92979
443.40994,287.64167 440.0,300.23326 446.46578,300.96332
452.68375,298.50094 457.88871,302.0 469.65732,305.43474
450.94206,324.38026 461.44217,314.0 465.56921,320.58655
448.37628,324.23687 464.00065,322.09456 460.92058,328.56159
445.65379,320.99034 453.00065,325.0 448.72795,328.65013
441.20302,330.54437 434.0,331.37324 434.0,331.37324
434.0,331.37324 434.0,331.37324 434.0,331.37324
;
432.91104,329.8186 432.91104,329.8186 450.01186,328.85491
443.22353,323.9527 430.34636,328.0 417.93576,327.2155
425.39528,331.89551 432.91104,329.8186 432.91104,329.8186
432.91104,329.8186 432.91104,329.8186 432.91104,329.8186
;
442.31064,318.40141 442.31064,318.40141 458.85473,311.61536
444.86862,309.28773 439.56785,318.10941 439.82071,319.99049
441.26503,318.66054 442.31064,318.40141 442.31064,318.40141
442.31064,318.40141 442.31064,318.40141 442.31064,318.40141
;
450.57889,318.0 450.57889,318.0 463.09846,311.98748
459.71129,307.94527 448.93461,316.08518 449.66232,316.40128
449.47753,318.35407 450.57889,318.0 450.57889,318.0
450.57889,318.0 450.57889,318.0 450.57889,318.0
;
433.25257,294.82918 433.25257,294.82918 429.15305,294.76028
429.15108,283.57471 431.12799,273.76743 433.75368,261.29039
434.76503,249.34545 434.31671,235.94916 431.16151,223.30976
442.11853,220.20775 432.5,213.0 425.92295,202.32512
432.7051,199.50586 435.75,209.69492 428.15692,207.83522
446.02014,220.40448 438.16065,205.78707 431.37002,199.45804
431.92795,187.95933 425.0,185.0495 420.80851,173.35355
432.45322,193.7492 437.93699,184.46106 441.70742,178.59919
440.95437,197.98017 446.99421,203.5 445.73924,213.25039
444.59026,214.81321 444.94702,219.7423 450.1883,210.29765
451.3057,226.73527 441.78025,225.87506 446.37893,228.52289
437.47979,240.46535 441.05262,247.96686 450.79245,249.311
460.54381,237.81924 456.90744,254.70878 457.89927,265.82878
457.54782,276.67246 457.82955,287.60837 468.58326,298.21738
445.78339,293.18999 441.35143,292.58203 438.62712,293.24974
435.90163,293.8966 433.25257,294.82918 433.25257,294.82918
433.25257,294.82918 433.25257,294.82918 433.25257,294.82918
;
432.09501,181.99997 432.09501,181.99997 419.03845,176.58903
430.5326,168.72533 429.19458,163.49348 429.19258,154.16554
426.75454,151.08291 437.45907,153.24438 444.15124,156.75824
432.29842,170.45268 436.62966,178.50001 435.06645,179.50972
434.54625,182.91529 432.09501,181.99997 432.09501,181.99997
432.09501,181.99997 432.09501,181.99997 432.09501,181.99997
;
435.5,148.5831 435.5,148.5831 426.41147,149.44125
416.1312,137.03104 426.08173,131.11415 435.32348,125.92822
441.54836,122.95288 445.7573,112.59153 451.30622,97.88269
460.26664,114.31718 447.58179,113.60699 447.37996,118.07268
437.64237,124.12349 451.9512,128.1482 455.1124,127.23054
446.89027,145.74468 441.59288,147.4945 439.58814,148.06509
437.57395,148.40403 435.5,148.5831 435.5,148.5831
435.5,148.5831 435.5,148.5831 435.5,148.5831
;
437.33333,146.98155 437.33333,146.98155 439.21167,142.89739
431.04965,141.32484 445.5,143.49353 448.57001,133.0356
424.13915,133.3727 429.21209,141.34367 431.90823,143.36228
433.28463,148.10779 437.33333,146.98155 437.33333,146.98155
437.33333,146.98155 437.33333,146.98155 437.33333,146.98155
;
443.0,134.78934 443.0,134.78934 451.39822,132.7003
427.89773,119.53826 432.26932,132.34302 435.39425,133.3844
436.58455,130.47315 443.0,134.78934 443.0,134.78934
443.0,134.78934 443.0,134.78934 443.0,134.78934
;
