427.0,480.0 427.0,480.0 284.66667,480.0
142.33333,480.0 0.0,480.0 0.0,320.0
0.0,160.0 0.0,0.0 284.66667,0.0
569.33333,0.0 854.0,0.0 854.0,160.0
854.0,320.0 854.0,480.0 711.66667,480.0
569.33333,480.0 427.0,480.0 427.0,480.0
427.0,480.0 427.0,480.0 427.0,480.0
;
8.827035,478.73859 8.827035,478.73859 12.875482,474.68877
7.0574216,459.73069 7.8893875,451.55036 7.2791456,435.33055
2.5601387,418.1486 3.9426651,402.59142 12.458832,397.54455
25.688717,401.75868 35.964302,400.16853 42.848853,403.99131
38.17751,423.18005 48.123274,428.96505 45.572288,438.74037
25.720365,445.80822 30.222931,459.98156 29.577565,466.54345
34.058867,489.55154 33.806929,471.17109 32.957249,459.59272
30.410832,447.37622 42.357869,440.61052 45.940478,434.3258
66.438092,420.77653 54.400452,426.09352 44.191073,430.23525
42.620902,410.58183 42.136496,402.54495 40.452068,389.91917
55.789932,384.34184 57.927979,399.36494 61.237019,407.94778
53.221299,425.83956 63.239079,420.94356 65.50932,437.95196
64.908605,455.30873 68.000016,472.21398 67.208697,477.85859
36.695913,477.73101 49.377895,478.69582 59.565362,478.5205
71.66165,480.41802 70.295071,473.99994 68.050675,450.00936
68.263373,425.79133 63.914724,402.02837 59.541755,397.73456
65.599807,380.30978 61.829477,371.05359 59.834948,350.78929
65.342007,370.51552 64.637984,379.47819 66.298002,397.39658
67.52433,393.08399 66.048963,377.17285 61.410335,369.0688
69.833737,349.18179 70.542645,367.32507 72.754875,403.23851
76.694814,439.03029 78.133879,475.0 73.527506,479.01745
93.216176,474.24825 92.583898,478.02824 93.296928,479.90082
113.78834,478.01554 121.80694,478.5 121.33876,477.50906
134.87115,474.74477 145.61509,476.0 162.81472,476.0
180.01435,476.0 197.21398,476.0 205.54951,480.30891
193.90094,468.4509 182.44808,473.45556 148.29841,473.64435
114.14836,474.26523 80.0,473.65005 78.47126,435.19043
73.986097,396.89775 71.25859,358.5 81.535549,349.85968
95.699752,337.40295 86.714246,322.8959 92.461551,313.01355
81.199849,304.64767 85.541145,293.66628 84.848825,282.94097
88.514297,271.3612 84.7966,261.2291 77.227363,257.10733
76.61185,245.57761 81.0,238.23581 69.153023,246.07181
74.45337,229.25192 83.6,230.0 86.137169,233.35523
70.911053,221.83894 77.45618,210.8483 74.397762,201.59825
74.543305,196.38659 67.559983,192.0 64.072722,197.08059
50.828818,205.28387 59.687905,194.59087 58.48956,180.87814
47.889417,190.1677 44.142857,192.0 32.570906,201.71236
48.585049,182.93544 37.434259,192.0 27.35176,179.06054
37.945536,209.61187 30.107984,195.5 25.05147,194.65802
18.576633,183.01192 5.7339686,189.01428 -2.5138739,193.19627
3.8453349,194.24264 2.8388744,204.3151 5.959217,217.92891
6.2798766,198.5608 14.0,205.71594 5.677475,210.84156
12.577342,214.62268 4.7029164,224.49991 3.1525846,212.40792
0.20347221,199.69539 1.0127227,219.38404 2.8365828,228.3403
-1.8870924,235.29885 11.5,235.83587 -0.92391732,233.89805
3.3195776,246.51508 2.25,243.66216 -3.4873502,255.40673
19.578991,247.87969 27.0,249.99988 26.136345,254.90288
21.20883,279.9896 25.544918,265.48678 28.650288,250.27338
30.365054,274.36985 23.607491,278.09515 17.597143,297.57279
30.311326,261.30438 29.377543,277.58288 28.419131,284.58631
33.681273,297.75444 29.0,301.0 32.763681,308.8746
31.759852,320.90293 34.285047,330.68009 44.733094,330.2202
44.018755,331.82492 32.883273,336.28327 38.835882,330.93005
29.511402,331.37593 18.201268,333.12559 2.70739,326.20092
12.264914,344.25955 1.0,344.0 6.006331,354.30623
10.884299,333.78581 20.5,339.84396 31.355756,342.77274
9.0394956,352.47139 3.6773384,354.05851 -2.9478013,361.09917
17.277989,350.05695 21.137577,347.30454 30.371057,344.26445
9.0487896,359.34943 2.9038154,359.7252 -0.03578253,364.5305
6.1471117,377.71639 4.0356426,386.58656 2.9127645,408.61675
0.52209578,379.17051 1.3464411,401.25572 2.1100148,414.13425
0.04962797,429.80239 2.4999999,441.01463 1.5595899,439.84571
3.1948544,453.43689 2.5,454.0 0.88685146,455.87386
4.5446556,455.94762 4.9965048,466.09268 -2.468562,466.03818
9.8558445,477.56292 4.5,477.93391 5.8069246,478.92998
7.3254656,478.74855 8.827035,478.73859 8.827035,478.73859
8.827035,478.73859 8.827035,478.73859 8.827035,478.73859
;
6.6903221,399.0 6.6903221,399.0 7.6129448,391.52421
7.8075686,379.74138 6.176192,370.067 -0.0532028,359.26987
19.840399,355.4476 20.799602,356.59316 20.645086,346.22983
30.74089,359.29201 24.364198,354.68747 25.137651,363.342
23.944023,379.54817 26.194089,383.7202 29.54997,386.26222
24.682686,390.18122 24.0,399.0 16.122084,403.33746
4.3221066,391.43996 6.6903221,399.0 6.6903221,399.0
6.6903221,399.0 6.6903221,399.0 6.6903221,399.0
;
21.543989,370.66667 21.543989,370.66667 22.143923,370.51233
24.528828,354.62442 22.107092,358.66821 21.740661,364.75472
17.20596,366.04437 21.543989,370.66667 21.543989,370.66667
21.543989,370.66667 21.543989,370.66667 21.543989,370.66667
;
34.533337,398.0 34.533337,398.0 22.526584,399.06634
31.687416,380.66704 26.503443,373.0 26.435673,362.34938
24.531891,347.48173 36.879269,343.35293 50.990742,333.69017
36.777952,353.25935 45.0,355.19256 43.554862,366.63418
47.933241,379.71364 44.768761,390.08838 40.842529,393.45813
41.638277,400.35712 34.533337,398.0 34.533337,398.0
34.533337,398.0 34.533337,398.0 34.533337,398.0
;
59.62212,395.71121 59.62212,395.71121 54.550082,390.14762
51.011884,379.95351 51.095976,370.72256 47.738352,361.35105
52.628251,351.58378 48.005566,345.32022 47.6547,324.72435
54.597667,342.0055 52.874014,353.06009 61.603985,365.05229
56.509508,381.35821 60.061621,395.27171 60.061621,395.27171
59.622114,395.71121 59.622114,395.71121 59.622114,395.71121
59.62212,395.71121 59.62212,395.71121 59.62212,395.71121
;
47.68826,381.75 47.68826,381.75 48.397596,391.42363
45.681102,365.4601 47.6641,360.5 49.383964,368.88097
50.817052,375.78066 47.68826,381.75 47.68826,381.75
47.68826,381.75 47.68826,381.75 47.68826,381.75
;
64.23238,357.60352 64.23238,357.60352 55.807264,355.16634
61.757775,337.1717 60.46196,328.47604 55.962558,331.68928
45.681169,334.54494 56.591633,326.9809 64.989416,324.07293
75.85342,313.5778 83.435761,323.00719 79.164106,327.97102
92.664784,333.58214 81.319486,344.33521 67.50164,360.20258
72.172905,345.18826 79.059958,334.88658 80.1918,328.8903
67.892067,348.19971 69.332785,353.42486 71.412803,355.91452
65.879578,357.52087 64.23238,357.60352 64.23238,357.60352
64.23238,357.60352 64.23238,357.60352 64.23238,357.60352
;
29.544296,345.0 29.544296,345.0 28.115852,337.96594
53.283637,332.31623 36.544296,341.28701 34.190111,342.3639
32.017383,344.39497 29.544296,345.0 29.544296,345.0
29.544296,345.0 29.544296,345.0 29.544296,345.0
;
29.321429,336.84981 29.321429,336.84981 3.532375,336.22959
34.300586,332.15996 29.321429,336.84981 29.321429,336.84981
29.321429,336.84981 29.321429,336.84981 29.321429,336.84981
;
38.11369,328.42974 38.11369,328.42974 34.036578,326.83465
35.356398,297.77059 36.076274,316.14772 35.492213,320.52972
42.001614,324.33443 38.11369,328.42974 38.11369,328.42974
38.11369,328.42974 38.11369,328.42974 38.11369,328.42974
;
48.75,325.82043 48.75,325.82043 35.402309,333.1334
43.440109,309.60543 40.053758,302.63821 38.410114,284.82437
38.258677,266.88019 36.144948,249.11839 44.646431,247.28796
53.303106,246.82849 62.545495,248.79069 78.364922,247.04767
78.659921,255.6198 74.462662,263.16379 74.894817,271.04932
68.201789,262.90712 71.297742,281.0166 73.651644,262.39862
72.533128,285.34407 72.781941,294.5 75.869212,296.89733
72.265023,303.6417 73.782136,314.95371 76.024945,317.02001
55.8978,322.41187 48.749994,325.8204 48.749994,325.8204
48.75,325.82043 48.75,325.82043 48.75,325.82043
;
86.313007,317.49145 86.313007,317.49145 75.076337,322.2917
83.578666,301.15312 86.490138,316.97521 86.490138,316.97521
86.313007,317.49145 86.313007,317.49145 86.313007,317.49145
;
76.306099,312.0 76.306099,312.0 77.167196,295.5955
77.929472,276.91982 80.127185,259.80513 88.297932,267.22229
82.013136,281.19223 83.412049,291.36844 84.497186,303.43607
78.99213,310.0242 79.635693,310.50616 78.405695,310.51416
77.593004,312.22437 76.306099,312.0 76.306099,312.0
76.306099,312.0 76.306099,312.0 76.306099,312.0
;
75.051043,286.0 75.051043,286.0 72.663997,299.58439
75.579077,260.60617 75.749909,272.41836 75.708559,276.97648
76.293739,281.53883 75.051043,286.0 75.051043,286.0
75.051043,286.0 75.051043,286.0 75.051043,286.0
;
31.25,247.25617 31.25,247.25617 17.507483,246.73296
37.264547,242.16389 45.670019,239.23734 53.606288,235.46102
68.698348,232.77928 71.59513,229.73855 77.42459,226.08818
55.476748,230.08094 61.113001,216.54166 59.111612,199.09365
56.793625,228.48364 63.077336,229.0 65.909714,231.66172
52.661191,232.08949 58.390583,218.93703 61.789313,203.06387
47.809502,205.67186 36.554874,206.07218 16.590954,206.36238
33.619945,199.997 44.086566,202.5 50.620586,203.21214
72.134462,198.75307 69.040734,204.01193 58.521728,199.83237
59.425413,222.95028 67.703372,219.43587 67.445883,218.96019
72.96178,213.4456 73.502287,202.16438 79.04769,207.18274
71.493698,221.97454 76.478484,228.97623 75.05588,235.86353
63.010254,235.76482 63.25,240.13757 51.860874,238.85301
41.409549,242.68079 31.25,247.25617 31.25,247.25617
31.25,247.25617 31.25,247.25617 31.25,247.25617
;
64.916667,225.98635 64.916667,225.98635 78.020387,224.85907
57.70403,220.06661 64.916667,225.98635 64.916667,225.98635
64.916667,225.98635 64.916667,225.98635 64.916667,225.98635
;
72.991449,246.78527 72.991449,246.78527 62.911299,235.08662
77.820412,238.78916 73.536315,246.72287 73.536315,246.72287
72.991449,246.78527 72.991449,246.78527 72.991449,246.78527
;
59.25,245.85039 59.25,245.85039 40.401012,246.19486
49.076262,241.56963 62.668599,243.00715 72.581777,242.22865
64.587655,248.50853 59.25,245.85039 59.25,245.85039
59.25,245.85039 59.25,245.85039 59.25,245.85039
;
18.528223,242.0 18.528223,242.0 12.291957,237.76643
36.316763,236.49006 30.987539,232.82927 32.632327,222.75152
12.939113,226.1283 27.896023,219.07899 24.290248,226.10371
36.594672,224.59181 39.033304,227.77791 54.660955,228.38301
41.556977,232.54864 34.38098,235.15904 32.542117,239.53427
40.5007,236.94849 24.406818,239.67094 22.426717,240.3488
20.760254,242.38351 18.528223,242.0 18.528223,242.0
18.528223,242.0 18.528223,242.0 18.528223,242.0
;
54.0,228.0 54.0,228.0 42.110278,227.3563
53.502824,220.26878 56.0,227.85231 56.09941,228.66762
54.703019,227.98712 54.0,228.0 54.0,228.0
54.0,228.0 54.0,228.0 54.0,228.0
;
40.809017,225.92971 40.809017,225.92971 41.495221,224.36228
31.427811,221.9558 32.719176,220.65831 39.883566,220.52928
46.361578,221.93693 50.543324,220.82905 47.521319,223.96213
39.307654,223.91941 40.809017,225.92971 40.809017,225.92971
40.809017,225.92971 40.809017,225.92971 40.809017,225.92971
;
21.643599,219.0 21.643599,219.0 23.432817,207.07237
7.9911068,216.90102 20.016267,207.37191 15.775939,188.14085
23.416297,207.65291 22.134545,217.59358 22.134545,217.59358
22.287199,219.0 22.287199,219.0 22.287199,219.0
21.643599,219.0 21.643599,219.0 21.643599,219.0
;
35.15156,218.68302 35.15156,218.68302 20.838862,220.12564
32.844107,205.23043 28.000698,213.5 32.48836,212.42946
42.732445,215.44309 35.15156,218.68302 35.15156,218.68302
35.15156,218.68302 35.15156,218.68302 35.15156,218.68302
;
48.368149,216.08149 48.368149,216.08149 38.667078,220.65153
64.155279,202.45637 51.736068,214.0 50.613428,214.69383
49.490789,215.38766 48.368149,216.08149 48.368149,216.08149
48.368149,216.08149 48.368149,216.08149 48.368149,216.08149
;
68.000996,214.28949 68.000996,214.28949 68.513902,212.38283
61.237877,208.01119 69.625969,207.0 69.390098,208.22687
71.89752,214.93787 68.000996,214.28949 68.000996,214.28949
68.000996,214.28949 68.000996,214.28949 68.000996,214.28949
;
22.903509,200.12188 22.903509,200.12188 28.975319,193.73804
3.6529257,187.48647 18.583091,190.11138 22.16249,189.1195
28.315028,203.44626 22.903509,200.12188 22.903509,200.12188
22.903509,200.12188 22.903509,200.12188 22.903509,200.12188
;
17.972619,479.0 17.972619,479.0 19.726998,470.0275
13.864198,471.06973 18.225095,461.60947 14.212587,450.94479
15.298088,456.63332 12.400525,444.70999 13.421156,437.51263
17.360067,443.45295 17.0,437.0 40.577972,434.14624
8.1966211,441.2298 10.885103,430.25724 11.126875,414.73603
6.5520485,408.17419 9.2636134,427.41048 10.667896,438.73489
9.2591134,450.56392 12.828095,461.5 16.834073,451.47136
13.309304,475.2811 12.914125,472.30014 13.996422,474.37387
17.181343,470.36938 17.222582,479.0 17.222582,479.0
17.972619,479.0 17.972619,479.0 17.972619,479.0
;
352.6978,479.0 352.6978,479.0 355.53031,470.60813
352.11253,456.24929 352.36132,445.54383 350.81709,421.86417
361.38417,398.24357 354.11938,374.65065 348.12726,364.65729
352.95054,352.84922 349.77742,342.0 336.40418,344.75893
330.54404,340.38142 328.18617,327.48194 324.80145,315.78495
338.12669,308.52446 334.81689,296.84118 338.20059,287.39688
333.44772,278.54946 338.19308,269.35332 340.86632,257.55153
338.13868,243.54345 343.17115,231.56701 344.46751,215.48572
349.21757,197.17007 366.5,191.72094 374.7007,179.73945
363.39834,165.35913 370.51706,152.61753 374.44349,137.88563
379.67944,115.3473 398.28362,115.33901 412.91107,114.33274
421.6806,126.96255 423.59959,140.13449 426.63407,155.30957
420.66189,174.27937 428.66148,187.01005 437.07044,192.83587
446.09851,197.50494 454.178,202.96478 463.24861,236.64162
464.54476,271.50647 463.25911,306.21399 464.89545,318.58517
460.36241,330.01909 460.00002,342.06283 449.79056,343.28293
449.72047,355.94472 437.69142,346.57165 427.53447,340.05442
433.31046,370.72315 429.33509,369.0 441.53008,360.46247
423.26516,377.59487 434.6774,376.61091 443.40537,372.72325
429.9259,387.50995 431.23151,393.5 426.22608,414.56713
439.02683,434.13215 435.69623,455.16644 435.48198,461.0263
433.615,488.06554 438.0375,474.25 439.0597,454.52448
440.06614,434.86829 433.72776,415.83004 431.08307,405.05945
436.42828,394.15058 436.08017,384.47114 441.38605,374.37141
455.2772,368.34454 452.64701,355.0 451.6676,343.20726
466.51244,346.4197 463.55418,333.08888 468.84345,317.20312
463.50588,300.09854 466.9443,283.75088 466.34374,258.49396
464.17149,233.27984 458.50505,208.71426 458.68412,196.07302
442.31449,192.91379 433.77191,186.86338 422.9672,176.10047
429.02911,157.78294 427.35028,143.90033 425.74651,133.34918
421.4753,122.0078 414.45742,115.06893 404.92731,112.02599
387.72073,108.8667 380.19308,120.79281 369.33781,132.69999
368.642,148.91071 365.00946,163.76071 370.442,173.04222
357.01692,186.73204 363.99995,186.83643 357.58836,194.81303
344.90849,200.01644 343.5499,212.43241 340.83578,230.52182
335.59773,248.75 336.3359,266.67335 328.84596,275.72583
336.46382,285.00345 332.00918,294.4186 335.59334,307.61268
319.10982,317.90945 326.67406,331.05253 333.35194,341.789
326.89613,355.34059 334.57135,366.09735 336.16668,380.78613
334.86546,363.50526 347.6595,365.91704 361.12157,394.74422
346.27668,426.194 350.18824,456.32775 351.47535,463.07309
349.19824,474.74139 352.6978,479.0 352.6978,479.0
352.6978,479.0 352.6978,479.0 352.6978,479.0
;
435.67516,373.57116 435.67516,373.57116 433.95374,373.59976
441.97381,347.59785 433.15952,357.16562 429.77523,376.14946
429.6006,336.20971 443.07506,351.20089 455.1369,351.50989
450.55242,368.72689 442.16583,371.9973 443.59229,365.0823
440.15942,375.83483 435.67516,373.57116 435.67516,373.57116
435.67516,373.57116 435.67516,373.57116 435.67516,373.57116
;
341.55177,366.0 341.55177,366.0 333.60265,364.58982
327.22618,344.0483 337.18409,344.07798 351.64257,334.83618
348.84471,367.64308 345.72157,355.96078 343.98171,338.76717
334.28438,364.14633 344.11803,364.0 343.29852,364.73108
343.29812,366.93131 341.55177,366.0 341.55177,366.0
341.55177,366.0 341.55177,366.0 341.55177,366.0
;
373.1063,479.0 373.1063,479.0 376.56173,472.02339
374.81102,457.48894 378.59148,447.72757 381.90333,435.92221
378.08464,422.59477 387.0,413.73028 387.27618,400.6509
391.65742,388.24965 392.15919,375.0 396.09148,380.1249
394.83923,393.3141 397.11754,401.44412 397.21264,414.61414
402.38341,426.92387 407.04012,438.40163 407.21276,452.19161
413.11537,465.25761 413.0,479.0 419.38714,475.78729
412.17686,460.68466 411.85053,452.7592 409.86675,442.07795
410.10238,431.64394 403.23846,422.5 399.73861,403.31172
397.31607,383.95509 394.50001,364.65991 388.85475,366.42806
389.01582,381.86958 387.14983,389.93688 385.22504,400.90762
385.3447,412.30162 379.22092,421.5 376.92276,436.16311
376.16632,451.17045 372.21288,465.66275 375.54044,469.13448
368.51985,479.35977 373.1063,479.0 373.1063,479.0
373.1063,479.0 373.1063,479.0 373.1063,479.0
;
507.5,478.66667 507.5,478.66667 512.43595,476.23993
501.4761,468.81772 505.5,478.16667 505.5,478.16667
506.0,478.66667 506.0,478.66667 506.0,478.66667
507.5,478.66667 507.5,478.66667 507.5,478.66667
;
628.52763,479.0 628.52763,479.0 632.26805,474.61411
650.12257,478.42136 659.87723,477.5183 669.15182,478.75072
672.97856,475.32057 685.29638,477.85893 741.19759,478.14811
797.09879,478.43729 853.0,478.72646 846.67533,473.47918
830.87668,477.59164 820.82846,476.02301 772.95529,475.28635
725.07267,475.71804 677.1953,475.50002 673.83784,466.54355
680.80647,467.92487 669.43084,464.16237 670.46864,476.26043
661.91838,474.61083 646.66279,474.40655 642.71311,475.68182
618.37284,471.40365 628.52763,479.0 628.52763,479.0
628.52763,479.0 628.52763,479.0 628.52763,479.0
;
557.0,476.58873 557.0,476.58873 575.50498,476.71884
574.94718,476.48602 557.0,475.92213 540.26602,476.61831
531.6271,476.63558 557.0,476.58873 557.0,476.58873
557.0,476.58873 557.0,476.58873 557.0,476.58873
;
536.5,475.49691 536.5,475.49691 551.39108,473.86911
571.79313,476.3249 583.5,474.27768 565.5,473.96734
547.5,473.657 529.5,473.34665 542.10889,472.95934
529.90564,476.67463 536.5,475.49692 536.5,475.49692
536.5,475.49691 536.5,475.49691 536.5,475.49691
;
456.0,474.0 456.0,474.0 476.75206,473.35569
440.02794,470.05749 452.80057,474.0 452.80057,474.0
454.75988,474.0 454.75988,474.0 454.75988,474.0
456.0,474.0 456.0,474.0 456.0,474.0
;
273.0,472.65059 273.0,472.65059 295.76224,472.60189
257.49664,471.662 268.4186,472.65059 269.94574,472.65059
271.47287,472.65059 273.0,472.65059 273.0,472.65059
273.0,472.65059 273.0,472.65059 273.0,472.65059
;
306.0,472.57249 306.0,472.57249 317.56904,472.56749
338.32492,472.6932 315.29149,472.19796 307.99988,471.55504
281.8685,472.61936 287.4186,472.57249 293.6124,472.57249
299.8062,472.57249 306.0,472.57249 306.0,472.57249
306.0,472.57249 306.0,472.57249 306.0,472.57249
;
417.71446,390.0 417.71446,390.0 424.60689,385.31683
419.19415,383.6183 416.94897,373.79136 417.44032,349.05086
414.6446,385.23864 415.43977,366.66494 416.51772,350.36795
413.64525,354.44456 414.30395,354.58581 417.16878,342.24352
408.92416,346.16409 416.95927,344.0 419.17316,341.04984
410.48988,334.1825 413.497,321.87824 411.17763,309.67118
414.38572,299.10567 413.23645,292.55342 413.65079,278.89438
415.69445,277.53907 421.60386,265.71051 431.2388,261.39531
423.22086,251.74839 429.99564,246.81989 429.8706,233.54573
438.49678,230.09199 450.53217,229.55103 461.06882,226.65222
439.97556,215.04977 448.9424,226.67837 441.46223,228.40285
425.97178,228.27924 429.18192,240.43266 431.04799,248.5016
415.91167,249.66023 421.97493,257.13867 417.38038,265.50561
413.01947,285.36497 415.5057,265.27672 415.4538,258.03012
425.76099,234.97614 412.46219,240.11388 408.74059,241.66881
399.51887,262.37801 395.768,253.50009 388.43902,259.6076
391.72435,273.09298 388.35839,283.20904 383.10949,302.42919
378.39877,321.6181 374.77253,341.24147 384.12742,344.10665
390.0916,348.42311 391.99327,348.32084 390.85484,351.20723
412.70135,338.21084 412.30213,349.4881 415.47783,362.90685
411.80973,377.02762 415.19568,390.00009 415.19568,390.00009
417.15498,390.00009 417.15498,390.00009 417.15498,390.00009
417.71449,390.00009 417.71449,390.00009 417.71449,390.00009
417.71446,390.0 417.71446,390.0 417.71446,390.0
;
395.45019,343.67836 395.45019,343.67836 386.86079,348.04562
372.68748,333.49721 381.84448,336.93901 382.5081,341.45884
391.85791,332.68923 384.90589,330.99993 402.66438,335.31517
379.77041,327.1207 383.81253,319.68729 388.26563,310.38286
401.21308,316.18086 409.5,315.3531 387.72221,318.92473
404.92384,312.07427 410.24107,321.24993 406.29525,332.46528
412.94993,333.66319 400.5,337.10766 406.36801,337.59575
407.81315,340.41196 404.48897,342.07122 401.75806,344.37025
398.71536,343.55485 395.45019,343.67836 395.45019,343.67836
395.45019,343.67836 395.45019,343.67836 395.45019,343.67836
;
409.35699,313.884 409.35699,313.884 409.16952,307.71425
388.07847,307.00455 388.56638,309.88577 385.77533,309.13578
387.27233,295.50538 390.39082,287.99374 395.57596,280.7746
388.73921,262.7299 398.03083,261.35617 404.8606,261.36017
410.57373,249.56752 410.90524,249.41896 420.91562,252.50077
409.47195,269.18018 411.01375,277.5 410.50991,286.03523
409.74295,310.06149 408.30628,288.79985 404.76533,275.84562
407.38436,303.13916 408.45706,308.38907 407.22047,309.66931
412.02584,314.7691 409.35699,313.884 409.35699,313.884
409.35699,313.884 409.35699,313.884 409.35699,313.884
;
408.3922,268.91667 408.3922,268.91667 412.42801,262.11877
415.54158,244.55505 409.703,261.19437 409.51388,262.97581
407.00489,268.79072 408.3922,268.91667 408.3922,268.91667
408.3922,268.91667 408.3922,268.91667 408.3922,268.91667
;
368.40009,381.69997 368.40009,381.69997 374.94396,371.66116
358.00442,377.43865 368.40009,381.69997 368.40009,381.69997
368.40009,381.69997 368.40009,381.69997 368.40009,381.69997
;
18.988516,330.58795 18.988516,330.58795 27.453332,324.1731
-5.2523432,326.91336 9.0249594,329.21649 11.330697,327.18463
14.095481,332.204 18.988516,330.58795 18.988516,330.58795
18.988516,330.58795 18.988516,330.58795 18.988516,330.58795
;
3.559017,306.0 3.559017,306.0 -1.4445005,302.04981
18.747075,305.64795 9.6041667,301.9571 -5.56719,301.62412
14.308632,300.15249 1.0,297.0 2.1777763,299.41006
-1.657808,307.87626 3.559017,306.0 3.559017,306.0
3.559017,306.0 3.559017,306.0 3.559017,306.0
;
374.04422,257.0 374.04422,257.0 388.50743,248.49492
360.82036,248.97927 374.04422,257.0 374.04422,257.0
374.04422,257.0 374.04422,257.0 374.04422,257.0
;
394.13096,253.26904 394.13096,253.26904 401.35517,239.80703
406.43441,225.0752 403.79744,209.5407 405.48965,195.02544
398.46764,177.13872 411.82441,166.74904 414.43595,152.27337
414.04491,136.47485 407.05409,123.23275 392.23891,117.22298
389.09854,136.55521 386.96179,147.0 378.50692,150.04922
373.34279,163.35351 380.79314,171.20436 386.79798,172.14715
395.70078,194.86077 395.99989,182.15352 385.78233,171.62986
410.12976,170.30784 398.48421,184.95304 397.40493,189.6127
402.29939,212.02571 396.87933,204.94479 390.71609,199.15678
393.85839,185.63422 387.5047,180.35336 383.59325,184.29279
398.26798,205.80631 387.4712,195.48783 379.9677,185.04272
382.67036,210.71945 385.8081,216.21295 387.59175,228.35178
390.4301,240.39672 392.09255,252.17317 392.87719,251.82828
392.9388,256.3661 394.13098,253.26904 394.13098,253.26904
394.13096,253.26904 394.13096,253.26904 394.13096,253.26904
;
395.21674,240.0 395.21674,240.0 398.50987,236.44897
390.61646,212.05077 394.32295,220.55447 400.51252,228.89879
402.98886,229.80727 395.21674,240.0 395.21674,240.0
395.21674,240.0 395.21674,240.0 395.21674,240.0
;
393.80261,229.81978 393.80261,229.81978 391.25909,232.15856
388.85701,209.84606 393.88941,229.08532 393.88941,229.08532
393.80261,229.81978 393.80261,229.81978 393.80261,229.81978
;
399.67387,225.65947 399.67387,225.65947 397.53513,223.0924
386.37365,199.76372 394.70906,206.49431 405.19344,213.37009
396.21695,216.75253 399.67387,225.65947 399.67387,225.65947
399.67387,225.65947 399.67387,225.65947 399.67387,225.65947
;
393.24541,172.57675 393.24541,172.57675 382.29676,174.98707
377.20393,156.90381 387.06107,151.5 380.72972,158.2551
384.61292,174.05624 394.0,167.89301 378.26208,169.64326
396.74177,158.06279 394.67852,166.33734 409.49611,161.30773
380.87857,158.16149 389.00006,155.6706 398.67926,153.76331
383.68464,149.61826 394.24495,140.0 408.15091,136.03075
411.49323,145.62612 408.57383,157.50637 409.55461,166.26371
400.97279,171.78254 393.24541,172.57675 393.24541,172.57675
393.24541,172.57675 393.24541,172.57675 393.24541,172.57675
;
399.5567,148.0 399.5567,148.0 407.54687,148.84478
411.42787,139.19409 397.91315,141.00621 391.68458,140.34187
395.32772,149.37531 399.5567,148.0 399.5567,148.0
399.5567,148.0 399.5567,148.0 399.5567,148.0
;
408.87473,139.40503 408.87473,139.40503 406.29577,131.98878
390.24493,135.93272 392.0,137.23002 397.36965,128.20659
404.4503,121.8002 408.66527,137.87259 408.66527,137.87259
409.24946,139.08387 409.24946,139.08387 409.24946,139.08387
408.87473,139.40503 408.87473,139.40503 408.87473,139.40503
;
850.25,223.90603 850.25,223.90603 856.54349,220.20964
831.39364,220.63017 826.41936,215.45444 809.07934,214.0378
824.3674,200.80645 827.21246,192.28386 835.24309,176.6609
848.19581,163.49731 851.50016,145.99969 856.0236,127.68527
845.45597,153.50354 844.54821,160.13301 833.26659,176.85532
822.5664,194.03519 813.84925,212.24931 824.85374,218.34176
837.53074,222.96527 850.25,223.90603 850.25,223.90603
850.25,223.90603 850.25,223.90603 850.25,223.90603
;
