427.0,480.0 427.0,480.0 284.66667,480.0
142.33333,480.0 0.0,480.0 0.0,320.0
0.0,160.0 0.0,0.0 284.66667,0.0
569.33333,0.0 854.0,0.0 854.0,160.0
854.0,320.0 854.0,480.0 711.66667,480.0
569.33333,480.0 427.0,480.0 427.0,480.0
427.0,480.0 427.0,480.0 427.0,480.0
;
28.146703,479.0 28.146703,479.0 29.963895,466.02181
25.973291,449.04548 25.403273,434.65369 25.156443,423.42869
23.310712,415.89613 18.760187,411.5 18.704157,393.30833
18.122437,374.6308 16.586791,356.85957 23.575094,357.87841
19.545334,377.34793 22.128283,385.5 25.97104,401.22078
22.506712,371.60041 21.928278,365.54515 15.834387,353.65911
30.787315,346.66281 31.999999,347.69325 42.125524,339.45089
49.08633,327.52362 44.828091,314.30943 54.835692,305.53157
48.37351,297.81541 46.10337,288.80508 45.225021,272.74494
48.692786,256.01532 44.942917,240.3975 32.161835,231.32017
51.33585,248.75181 44.372729,257.45861 43.969247,269.30134
44.114124,281.15271 44.0,293.0 25.145451,293.0242
51.850301,293.0623 48.908,303.39685 44.348231,319.09517
41.446488,309.82283 33.096979,302.14626 47.355915,293.63156
40.084528,296.7041 33.321771,297.60386 31.708308,277.71749
32.676665,257.02192 35.101053,236.94442 35.485747,233.83235
42.645452,210.85111 29.344294,216.5 24.841099,208.36464
34.837629,209.12523 40.366631,203.87991 40.752276,206.38867
29.162696,193.13891 34.396244,183.28567 33.396058,163.69823
31.354649,179.15208 32.468488,190.58541 34.376854,202.42854
34.436561,208.73865 21.157949,211.23489 19.934526,214.08411
20.409992,215.58165 8.6806076,215.44548 -9.3055073,217.19607
13.740496,219.54983 20.789754,217.81982 25.548732,231.48485
1.7961363,217.38493 1.0,226.0 14.270592,225.63014
2.4589248,241.35521 3.1092264,248.83545 1.4017966,248.05717
0.17708777,268.63838 2.4424407,262.78044 6.0136897,253.20687
7.143356,243.27988 11.968792,234.64496 27.742794,233.27442
7.9527929,231.47657 17.918606,228.0 31.640495,224.21009
25.805179,242.48572 25.875339,250.32233 25.190084,261.55609
22.704215,272.82194 25.143915,284.0 33.430823,274.78266
27.577219,271.3655 30.299282,288.91141 25.923041,298.16737
37.076385,309.03887 26.343759,305.96053 18.692913,309.77164
2.4585944,311.0133 1.0,319.72068 11.500755,316.81803
24.83468,304.14579 36.072972,309.56806 48.22924,319.64176
30.735984,331.48032 30.294379,342.18675 32.537298,342.82192
41.410758,314.50238 41.99701,323.4186 43.110164,334.35197
32.418427,341.40469 27.748971,348.39977 35.873664,336.47853
20.999321,357.20115 15.148005,350.62144 13.998229,339.54085
13.510287,328.42686 13.5,317.28878 1.625207,319.46648
12.609062,335.78072 10.98183,344.21661 16.59995,361.6772
1.3942145,348.2901 4.4483344,338.32704 3.6665714,319.58335
-0.60474687,325.45437 1.4447902,340.87694 -1.5045686,354.52992
16.899917,355.17621 13.5707,368.13481 13.55576,380.94154
19.815331,396.31216 14.653266,406.86431 20.38436,419.14656
6.7328551,430.86016 12.389288,411.5 17.577598,403.76098
0.05892044,381.92321 2.3450102,392.50834 14.356749,401.73225
7.9003774,416.36209 7.7369856,429.0 17.920178,420.02884
23.889068,417.24348 22.378076,434.86285 23.804451,449.33637
24.403697,466.05493 28.146703,479.0 28.146703,479.0
28.146703,479.0 28.146703,479.0 28.146703,479.0
;
33.591993,228.0 33.591993,228.0 24.435346,230.31594
21.990936,208.93553 25.58922,213.632 28.246032,224.88115
38.291928,212.81236 33.591993,228.0 33.591993,228.0
33.591993,228.0 33.591993,228.0 33.591993,228.0
;
111.28138,478.92105 111.28138,478.92105 134.02092,478.89475
156.76046,478.86845 179.5,478.84215 135.11903,476.29457
90.092407,477.86173 45.5,476.26442 44.652393,449.65376
39.895834,423.32401 37.5,396.82013 35.806434,409.34034
40.170136,424.66883 40.571616,438.24653 41.229577,451.7517
44.793986,465.7596 43.06277,479.0 65.80229,478.9737
88.541943,478.9473 111.28138,478.921 111.28138,478.921
111.28138,478.92105 111.28138,478.92105 111.28138,478.92105
;
350.71616,479.00005 350.71616,479.00005 352.36322,470.73371
349.41725,455.49438 349.78877,444.50005 351.76654,428.23242
357.96579,410.86998 355.64389,395.25382 357.23744,386.4097
349.34647,374.5798 356.99881,370.22799 355.74858,362.83357
360.36362,346.91431 352.17393,345.37508 340.41909,347.39068
328.06493,350.39263 328.73834,335.24076 316.50773,320.90203
331.3518,302.94411 328.55427,286.78535 328.98603,250.70809
330.60675,213.82007 343.89677,180.00083 349.31021,167.17317
369.79252,167.516 368.98813,151.6408 365.41944,140.86229
366.74036,129.91685 367.85161,119.95729 372.69338,118.04233
370.67511,99.796407 375.55097,92.294823 379.67227,74.331775
403.19749,64.777199 417.1134,78.120584 435.55733,95.963421
432.09255,123.94097 433.1368,147.5 435.02222,159.34644
445.44919,162.56573 454.49994,167.93157 464.21045,174.91689
469.28676,172.27213 470.56259,183.6645 473.86641,211.42587
476.28432,239.50015 477.81982,267.36975 476.91298,283.47431
474.18225,299.83705 482.3028,314.66375 488.28174,327.62025
474.45755,332.89157 470.65778,340.51852 463.99032,346.00874
447.80175,329.68608 449.76405,347.24496 446.82688,355.72149
446.02711,370.97178 454.99999,363.76829 448.40627,373.44322
451.20055,377.03477 446.30457,388.13901 440.66461,404.77959
444.00156,421.8547 447.22098,438.45795 446.30332,451.96279
447.17838,465.65014 444.73831,479.0 452.89361,474.3958
447.76308,457.36158 449.83581,447.6259 451.81025,432.03124
444.04271,417.39425 446.76259,401.66345 448.37712,389.49856
450.2344,372.81823 464.68769,370.27418 477.85445,362.23461
464.70549,338.17551 481.8459,334.8445 490.00665,322.4337
482.79087,308.02579 479.38341,295.54119 479.90664,275.12373
481.84083,255.00855 478.20559,234.74287 475.86378,214.26548
476.34476,193.3601 471.00987,173.32328 460.98352,167.06863
449.30191,162.09433 440.32125,155.2542 431.98898,134.04433
440.19043,108.67259 428.06562,88.076789 421.93765,67.009016
391.23023,60.716014 378.99991,79.59559 373.50003,87.885413
362.07832,95.881331 367.86689,107.02299 363.37122,120.76428
360.44472,136.11895 366.03708,149.93568 363.38822,161.56362
352.46578,163.8845 345.81092,172.0881 333.47134,189.68139
331.95069,212.58963 328.7174,233.30686 326.45305,254.50021
324.26592,276.48612 326.38181,297.34916 321.04122,310.73817
318.11528,327.18247 327.29052,339.5 330.98946,350.24456
325.44474,363.2241 336.08186,370.82879 340.99476,379.48196
355.66277,372.19314 352.44904,387.58206 356.41101,412.94605
344.5195,437.27744 347.51352,462.7556 348.85833,467.41406
346.94012,477.02203 350.71616,479.00005 350.71616,479.00005
350.71616,479.00005 350.71616,479.00005 350.71616,479.00005
;
346.83179,374.41837 346.83179,374.41837 336.81702,373.48797
329.03407,360.19756 332.18178,350.30816 341.56595,349.98953
359.09237,342.71188 354.34202,359.45734 353.42885,380.37427
351.50711,346.98799 349.19937,360.5 349.49723,342.69904
342.36357,373.48412 348.89952,371.80148 355.73414,365.60016
350.03401,375.38065 346.83179,374.41837 346.83179,374.41837
346.83179,374.41837 346.83179,374.41837 346.83179,374.41837
;
452.32648,373.0 452.32648,373.0 457.73414,370.98597
462.46317,348.81136 457.27639,351.17082 451.34495,363.32239
450.04241,360.42631 453.23418,346.22181 452.64023,336.57675
476.79981,344.18951 469.15446,354.33525 469.00522,365.75843
461.85892,369.69267 452.32648,373.0 452.32648,373.0
452.32648,373.0 452.32648,373.0 452.32648,373.0
;
375.16415,478.77862 375.16415,478.77862 381.69587,465.74809
381.60008,448.16655 384.02669,433.71345 395.30084,417.31589
393.75544,395.87103 399.72279,377.23493 403.10456,357.91063
405.9428,386.4822 405.77293,393.22338 404.84042,414.29836
416.75365,432.76381 415.79488,453.76624 418.00669,459.26944
419.18609,485.69957 422.01767,475.12927 418.37742,460.30927
419.40558,444.33359 416.3123,429.85596 408.63064,416.22487
409.45169,399.16723 408.07135,383.6856 405.5225,377.14893
406.70016,355.96258 399.99856,359.81265 396.76125,381.00147
391.46183,402.45302 387.18156,423.24101 376.11012,436.57839
381.47442,455.40675 375.13556,470.90684 375.17346,472.32971
372.08821,480.01118 375.16416,478.77862 375.16416,478.77862
375.16415,478.77862 375.16415,478.77862 375.16415,478.77862
;
33.68119,474.0 33.68119,474.0 33.053206,453.88447
29.250424,430.60111 27.661983,410.64958 22.618873,407.13287
29.974216,426.68861 28.917822,432.92986 27.296347,449.8366
31.036508,433.44526 29.287949,452.87232 30.462903,446.0944
31.573394,458.48982 32.647337,469.75 33.425116,470.56086
32.202872,474.01525 33.68119,474.0 33.68119,474.0
33.68119,474.0 33.68119,474.0 33.68119,474.0
;
26.75,406.92105 26.75,406.92105 28.556765,401.61578
24.77432,404.91176 24.213325,398.41698 24.854557,401.55704
21.892417,406.63982 26.75,406.92105 26.75,406.92105
26.75,406.92105 26.75,406.92105 26.75,406.92105
;
438.29028,389.81104 438.29028,389.81104 445.7205,383.78622
437.50199,381.39155 436.93032,372.54419 435.67765,361.2195
436.6679,349.18468 434.06052,338.28891 446.37097,336.6918
428.51029,335.76122 434.04872,324.19518 431.37676,309.39128
433.46002,293.47908 434.04172,278.83853 435.13792,266.8263
439.68154,253.79235 445.87452,243.48146 442.30645,232.87899
451.81612,223.87582 452.12431,213.84021 452.9804,205.32574
459.79264,213.66853 470.00082,205.96447 477.7106,200.31978
459.60715,193.74946 467.45201,202.32817 472.25616,205.85174
447.96606,205.036 452.30928,212.30902 444.40898,210.89596
449.465,231.28393 440.87712,233.0 440.40248,238.71672
439.19158,253.19095 434.37229,262.84258 430.7724,264.54243
435.70584,242.87294 436.12949,235.54558 438.04349,225.41073
438.26226,213.18978 427.13504,223.0 424.82484,232.89348
416.13113,238.21831 407.97263,241.49313 407.37891,275.47657
397.57794,308.58029 392.6853,342.18706 406.27176,347.39574
405.68973,346.64252 419.36233,343.31804 433.70593,333.47439
433.42718,349.37974 433.26518,360.05914 435.87081,370.17023
430.60279,380.92433 436.08081,390.1283 436.08081,390.1283
438.02019,389.84964 438.02019,389.84964 438.02019,389.84964
438.29054,389.81074 438.29054,389.81074 438.29054,389.81074
438.29028,389.81104 438.29028,389.81104 438.29028,389.81104
;
410.5,342.25992 410.5,342.25992 397.8634,343.2114
393.49242,339.1728 399.45608,332.6123 412.36646,335.14375
396.49583,331.74784 398.0,325.94864 404.62648,331.20396
416.2656,330.06563 406.0,325.5 395.23029,319.84476
401.34959,321.39855 401.25562,309.0 402.04172,317.42994
404.72443,307.19823 416.38877,308.49997 422.33643,303.45336
403.77897,310.07968 407.29733,306.48683 401.16392,304.40452
405.7019,290.69257 406.76184,281.56386 409.34443,269.2889
409.13754,256.69667 411.11698,244.34809 422.20592,247.8899
426.32914,225.17597 432.43759,232.3711 428.45896,240.5349
426.15518,259.87117 431.26697,241.42876 435.28209,237.81449
428.06928,260.18388 430.07133,266.3729 430.92631,271.51744
430.9833,298.03998 428.53946,283.24997 425.13325,266.83655
426.69197,292.92443 427.85637,298.45068 436.092,311.21171
409.2389,305.94425 429.5,308.49997 432.26795,318.53585
422.48559,325.66666 429.00003,326.68549 425.0753,333.69376
425.00724,334.57873 429.00003,336.92957 423.31154,339.84286
416.74668,341.03391 410.5,342.25992 410.5,342.25992
410.5,342.25992 410.5,342.25992 410.5,342.25992
;
382.40699,389.0 382.40699,389.0 395.79187,380.52823
373.0625,380.23815 382.40699,389.0 382.40699,389.0
382.40699,389.0 382.40699,389.0 382.40699,389.0
;
34.478651,372.82536 34.478651,372.82536 35.210558,367.32977
31.506092,341.06402 32.352974,359.31468 32.978382,363.59037
32.331404,370.00556 34.478651,372.82536 34.478651,372.82536
34.478651,372.82536 34.478651,372.82536 34.478651,372.82536
;
20.559017,299.0 20.559017,299.0 36.814593,293.85279
3.0003092,293.77938 20.559017,299.0 20.559017,299.0
20.559017,299.0 20.559017,299.0 20.559017,299.0
;
7.5,297.65637 7.5,297.65637 21.032988,289.79399
-12.217483,293.05025 6.4566459,297.71077 6.4566459,297.71077
7.5,297.65637 7.5,297.65637 7.5,297.65637
;
16.739991,284.0 16.739991,284.0 25.475429,279.8074
5.0296385,279.38956 16.292635,284.0 16.292635,284.0
16.739991,284.0 16.739991,284.0 16.739991,284.0
;
384.68819,244.0 384.68819,244.0 400.35757,237.69015
372.7845,230.08463 384.68819,244.0 384.68819,244.0
384.68819,244.0 384.68819,244.0 384.68819,244.0
;
408.25053,237.7787 408.25053,237.7787 417.28056,224.84309
420.9036,205.67523 416.79048,189.84397 412.08594,185.77314
416.13102,160.22891 411.9015,171.19925 411.26201,175.24471
411.8571,151.95859 414.4597,145.27214 422.04726,136.81716
425.4555,127.04634 424.67484,115.5 423.90773,102.86849
418.62678,91.346615 413.19095,80.131799 399.6413,76.173587
398.69136,91.212377 395.75549,100.44692 395.32562,115.65046
391.84988,105.46045 386.28142,119.99995 377.10707,130.0369
385.22359,141.76606 395.19786,147.01456 403.75414,161.6854
406.39447,154.54645 395.75526,144.45134 397.07213,144.59363
420.10731,135.6526 410.56101,147.12917 404.22417,158.83793
409.11335,163.95645 409.30959,172.42499 415.79997,194.86905
405.58093,167.66023 404.99985,172.97856 415.35532,191.83482
397.80421,177.5031 399.55997,166.73103 397.2227,158.95096
384.64987,138.32033 392.09256,156.95191 398.89709,165.51835
400.05151,179.43731 396.27239,170.38678 394.69653,173.32953
382.77358,157.1948 387.49155,175.40938 392.57674,191.28791
398.64365,207.37823 404.19731,223.58912 405.80394,227.51579
404.3245,236.94341 408.25053,237.7787 408.25053,237.7787
408.25053,237.7787 408.25053,237.7787 408.25053,237.7787
;
410.30902,222.92105 410.30902,222.92105 405.0175,216.68801
404.36355,204.52006 398.94615,196.77098 396.07996,191.52075
411.39543,210.41974 409.0,216.05148 407.07173,219.34207
411.54974,223.58817 410.30902,222.92105 410.30902,222.92105
410.30902,222.92105 410.30902,222.92105 410.30902,222.92105
;
413.73973,212.5936 413.73973,212.5936 409.2786,209.84567
397.9374,188.35942 407.82908,203.41959 409.34443,206.36225
413.85467,209.81317 413.73973,212.5936 413.73973,212.5936
413.73973,212.5936 413.73973,212.5936 413.73973,212.5936
;
413.60991,207.0 413.60991,207.0 406.93696,199.94524
400.96737,187.62439 399.10651,179.43417 404.64955,185.71606
416.93188,186.98369 412.87491,198.33862 412.76292,201.13421
412.46317,205.61217 413.60991,207.0 413.60991,207.0
413.60991,207.0 413.60991,207.0 413.60991,207.0
;
403.7532,140.61417 403.7532,140.61417 395.57072,141.78598
382.70459,137.77266 387.18115,126.67599 395.21629,110.83753
390.28334,131.38876 395.41986,132.12967 409.3958,133.37079
406.14217,121.24975 406.5,127.96932 398.82569,122.00939
394.2303,136.94334 394.72889,120.6379 391.39467,113.45035
394.70629,114.90385 399.00001,121.0 405.24134,123.1461
408.97039,113.08861 403.74945,116.75 392.86641,119.58613
399.33903,100.86798 401.89012,94.911886 400.77264,81.162378
412.77033,82.383839 415.63312,94.093981 421.70005,106.23046
411.9395,88.369916 402.33333,97.758671 404.84932,103.75217
424.74265,95.400533 420.7579,111.94321 421.32127,125.08691
420.42673,139.69537 403.7532,140.61417 403.7532,140.61417
403.7532,140.61417 403.7532,140.61417 403.7532,140.61417
;
408.08356,111.0 408.08356,111.0 414.67212,108.8123
423.89276,102.09549 410.68426,102.01361 403.23045,100.99518
401.39244,108.11826 408.08356,111.0 408.08356,111.0
408.08356,111.0 408.08356,111.0 408.08356,111.0
;
2.5313848,212.0 2.5313848,212.0 6.9078757,206.23462
25.822861,210.38575 27.048332,202.715 26.451481,204.19277
19.617648,201.03706 12.740821,198.37276 12.094951,184.28853
7.4480282,176.62647 10.573405,195.24811 20.141247,207.56028
9.6041391,205.55357 4.4575843,205.19033 14.833621,204.09717
4.3091809,185.6331 6.0173791,177.5 -5.915057,175.02486
9.604824,185.61037 1.0,187.0 -1.0203244,191.36292
10.348557,191.44664 1.0,194.0 4.8254987,201.23532
6.5180952,198.75988 1.0,208.01832 6.9956045,207.84488
-3.1740312,210.99955 2.5313848,212.0 2.5313848,212.0
2.5313848,212.0 2.5313848,212.0 2.5313848,212.0
;
394.18762,206.38405 394.18762,206.38405 393.22174,197.62751
381.2354,202.16194 394.18762,206.38405 394.18762,206.38405
394.18762,206.38405 394.18762,206.38405 394.18762,206.38405
;
16.353119,192.54027 16.353119,192.54027 36.381821,192.48687
8.7352557,189.63936 20.209182,189.00875 29.281127,189.80198
25.488846,167.83145 26.608556,169.37571 28.895639,169.33161
21.161981,152.79958 15.310971,162.45016 12.520074,173.54306
-0.29355047,170.70186 10.0,160.88159 4.0646825,146.99691
0.449386,163.95501 5.6275553,157.01531 17.833172,162.48618
-9.5283372,159.66368 7.2448894,162.0 -8.1443374,170.14046
8.5690758,174.23151 19.435789,170.60388 33.094369,174.49718
3.1475394,173.08032 12.885805,186.5 13.816418,189.24049
11.033007,194.62977 16.353119,192.54027 16.353119,192.54027
16.353119,192.54027 16.353119,192.54027 16.353119,192.54027
;
19.75,186.52211 19.75,186.52211 17.921145,185.7214
11.015394,179.28586 20.392374,177.46487 23.832324,173.82213
27.002672,189.75531 19.75,186.52211 19.75,186.52211
19.75,186.52211 19.75,186.52211 19.75,186.52211
;
