193.5879,480.0 193.5879,480.0 129.0586,480.0
64.5293,480.0 0.0,480.0 0.0,320.0
0.0,160.0 0.0,0.0 284.66667,0.0
569.33333,0.0 854.0,0.0 854.0,160.0
854.0,320.0 854.0,480.0 727.96066,480.0
601.92131,480.0 475.88197,480.0 480.60737,459.76101
480.01873,437.52338 479.39771,416.65997 474.92821,399.88785
474.67556,381.30457 481.28657,365.09601 492.20786,361.07883
499.92007,352.2734 498.90874,340.10521 495.73649,327.27363
513.15705,327.71747 512.0,315.22105 511.47904,307.43719
506.39002,300.63648 507.10416,290.73933 505.57201,271.37062
506.36041,252.08557 502.04835,233.0 498.79918,215.70251
501.52437,196.45315 495.67525,180.24668 486.66076,172.98218
474.28208,168.17784 466.55898,160.27068 458.84965,137.69361
466.60028,110.56659 449.71017,91.025713 439.8617,77.115955
416.50063,80.35339 407.63894,94.408633 396.93654,100.99959
396.19403,112.27014 398.22636,122.80352 394.57568,134.22424
395.72793,146.29954 395.64146,157.5038 391.13748,171.1329
372.6619,170.70296 368.44121,185.30997 358.00446,198.02436
352.93561,213.70983 346.98953,229.0 340.01597,241.1858
345.76037,254.55456 348.8742,266.45394 349.35993,278.82233
349.9893,296.41787 364.63066,298.98836 379.63588,303.1378
366.56468,320.88796 370.46349,331.38471 370.53809,340.81543
375.14342,349.99248 378.23693,357.81607 384.52137,361.02992
387.00306,372.36422 388.13025,381.5 389.05262,391.61006
389.55232,396.96356 387.74504,405.0 381.9294,429.47831
384.57881,455.21234 387.17529,480.0 322.6465,480.0
258.11499,480.0 193.5879,480.0 193.5879,480.0
193.5879,480.0 193.5879,480.0 193.5879,480.0
;
399.98659,480.0 399.98659,480.0 385.62805,482.94163
392.11728,463.9219 390.03106,455.54272 387.65284,435.67308
389.96966,416.00389 393.60544,396.54182 394.23705,379.34435
390.95637,361.93125 379.07925,348.85014 374.38501,339.53408
371.34879,328.66836 380.0,323.22691 391.47839,312.1007
382.97376,307.96251 376.3637,320.49759 370.40967,322.52061
381.70557,300.59667 371.17145,297.56202 355.59461,295.20379
352.20169,278.90069 352.5021,265.64888 350.64033,252.91362
344.00644,239.37026 352.7563,227.5 356.34535,209.7284
367.04131,194.41788 377.55984,180.04889 386.68679,172.51147
403.94514,169.18034 400.44552,153.66283 398.7979,133.69191
402.80819,111.99835 413.00032,95.571654 420.92751,83.016762
444.39626,85.056903 449.99578,99.79177 461.53095,117.471
455.91327,139.93158 460.91514,159.01966 466.19779,172.83232
483.59731,175.47289 493.94548,184.5 493.27598,195.86005
500.18934,204.0544 489.01138,202.23571 494.52522,211.42309
481.40258,204.10139 477.48847,212.2486 470.66599,218.79903
471.96976,231.1741 465.00032,235.12235 471.07811,237.33494
457.78499,267.71193 461.7734,251.55341 462.68368,241.75929
467.64915,226.73644 463.34277,219.99991 453.73643,220.9986
456.44904,241.53562 444.18594,236.80014 448.15787,225.04724
451.98259,214.70478 451.00042,202.39991 448.45738,196.91587
445.49865,183.72059 447.00042,188.62588 453.3713,193.20894
443.43963,180.18518 444.68951,173.49991 442.83099,162.27135
448.53404,153.20922 453.93613,144.43823 460.91236,127.57125
453.90213,108.22566 443.86423,93.99991 429.54112,90.426596
427.56523,108.82033 420.00042,115.99991 415.35733,123.36874
409.73432,133.58317 414.84531,143.73222 422.39952,155.0476
422.05166,153.11134 421.69351,163.09018 429.40207,176.32179
425.01916,173.97918 418.68,170.08473 413.46276,182.58839
423.85318,196.24759 426.69347,208.75284 414.19805,196.55463
413.01463,207.37886 425.76958,213.52563 431.63919,222.05056
429.17322,230.23148 431.0,238.07037 435.19357,245.97678
430.9303,258.05763 431.1411,267.95781 428.79583,288.05039
422.08424,311.44234 419.90454,333.18005 427.67089,335.80549
438.30204,342.29286 441.92171,336.98494 452.33235,334.99411
462.0753,328.36895 459.44863,344.31245 462.15406,355.97773
458.09872,368.34901 463.02684,379.0 470.46117,377.22836
471.5293,369.24566 466.0,365.80744 465.39791,356.05222
464.14725,347.54128 463.32987,336.54988 464.99691,328.51207
466.38886,328.47082 461.63845,319.02415 461.1195,307.66826
459.3362,293.9887 460.74691,284.0 461.36879,274.07163
463.23317,261.53461 468.91049,251.53056 473.47958,240.56097
472.0093,231.31577 478.1915,220.5659 476.7158,212.27971
498.14262,212.93395 496.31239,211.5 497.81514,238.33172
503.94294,264.48221 502.90255,291.47963 502.4279,302.95984
514.6202,320.81842 498.58331,326.23254 497.71319,341.3352
476.04317,320.6756 477.52572,339.52845 468.67155,351.17508
482.08752,353.36167 478.99988,359.07733 475.64389,367.90876
473.12652,371.28362 472.3216,382.2972 469.6207,395.39764
472.3246,410.3748 475.96451,420.67728 475.80814,439.91744
475.11874,459.07545 471.81968,478.02607 462.43187,484.78162
452.5582,476.75024 455.69801,465.71815 455.50498,449.69642
450.42588,434.04144 450.27899,418.41132 438.92849,397.57089
442.40234,372.23406 435.82126,349.5 434.81165,337.30467
428.0249,353.93939 429.37726,359.62901 425.78111,376.99941
424.10473,395.33045 419.29256,412.12133 411.24623,425.17755
415.66645,441.88462 410.19955,456.17395 408.36207,464.02334
413.76651,482.9822 399.98659,480.0 399.98659,480.0
399.98659,480.0 399.98659,480.0 399.98659,480.0
;
411.73605,374.80537 411.73605,374.80537 424.24708,365.43838
400.10378,365.46518 411.73605,374.80537 411.73605,374.80537
411.73605,374.80537 411.73605,374.80537 411.73605,374.80537
;
378.06848,258.0 378.06848,258.0 385.83247,253.26051
378.28578,237.50197 372.0,248.50536 373.37836,251.36325
374.36178,257.89667 378.06848,258.0 378.06848,258.0
378.06848,258.0 378.06848,258.0 378.06848,258.0
;
414.46406,241.79739 414.46406,241.79739 426.48749,237.09702
405.421,228.27656 410.71406,241.38073 411.44146,242.97896
413.22474,241.62867 414.46406,241.79739 414.46406,241.79739
414.46406,241.79739 414.46406,241.79739 414.46406,241.79739
;
432.99041,480.0 432.99041,480.0 420.45282,480.2976
407.16057,483.30846 413.41118,466.67098 414.16813,451.41228
419.14046,436.71881 418.95751,421.26267 428.95738,406.1014
427.79032,387.69828 432.36386,370.18762 434.88045,351.70972
436.72343,376.83802 437.53639,383.35479 436.61993,402.44344
448.58062,419.7255 446.85071,437.94943 453.23638,450.64252
450.09751,466.29197 454.21398,480.0 447.13946,480.0
440.06493,480.0 432.99041,480.0 432.99041,480.0
432.99041,480.0 432.99041,480.0 432.99041,480.0
;
488.84501,356.0 488.84501,356.0 490.88667,343.02479
482.98027,340.2101 483.16257,335.5041 495.58837,331.8848
498.45461,345.63158 491.43517,353.982 490.62101,354.704
490.15603,356.36704 488.84501,356.0 488.84501,356.0
488.84501,356.0 488.84501,356.0 488.84501,356.0
;
438.5,333.37368 438.5,333.37368 422.56087,333.24903
430.14097,318.51682 431.71348,320.58672 426.60034,317.90188
441.7997,314.34376 444.15065,310.8513 467.46898,308.4464
435.68452,302.47006 438.24918,311.33768 428.90472,317.29572
431.76337,300.82743 432.64307,292.01947 433.46245,279.32268
434.88247,272.67761 439.99918,278.04067 435.68155,269.50929
436.11112,260.18055 437.44639,250.56942 434.57358,237.98802
454.32748,250.17842 456.50935,238.69998 461.36793,228.2508
454.62208,250.20108 454.6158,254.50117 453.3622,268.51793
451.47018,283.80831 455.99365,297.27911 445.69789,294.18778
433.64657,299.8413 448.00039,299.86833 456.93832,299.1367
459.59677,315.04275 450.10588,316.89451 435.68224,319.45186
446.65487,324.84903 454.4131,321.004 452.71342,326.78832
453.79999,326.88873 444.50039,330.25822 460.78615,327.71126
442.31689,334.06332 438.5,333.37368 438.5,333.37368
438.5,333.37368 438.5,333.37368 438.5,333.37368
;
437.77955,331.5311 437.77955,331.5311 452.93723,327.8933
426.49303,328.71636 437.77955,331.5311 437.77955,331.5311
437.77955,331.5311 437.77955,331.5311 437.77955,331.5311
;
441.25,222.93232 441.25,222.93232 432.2299,219.90544
431.95423,206.34945 429.09307,198.49998 430.48213,207.47322
444.77372,215.24805 441.25,222.93232 441.25,222.93232
441.25,222.93232 441.25,222.93232 441.25,222.93232
;
443.91054,210.37435 443.91054,210.37435 437.48495,204.61389
431.30443,192.02352 429.75641,183.91026 437.8156,190.78619
444.60142,192.82447 444.03329,205.16999 437.32007,204.1098
442.83749,206.82561 443.91054,210.37435 443.91054,210.37435
443.91054,210.37435 443.91054,210.37435 443.91054,210.37435
;
438.86663,185.97069 438.86663,185.97069 427.61453,182.51722
432.0166,168.76268 425.7853,160.41032 423.00344,152.99109
434.81248,154.32655 436.54166,156.88933 432.37046,156.12602
442.41964,166.76317 437.98151,177.36245 436.89421,178.90762
442.40373,187.0393 438.86663,185.97069 438.86663,185.97069
438.86663,185.97069 438.86663,185.97069 438.86663,185.97069
;
437.96898,151.46243 437.96898,151.46243 428.87136,151.94272
418.2554,145.71195 419.43114,135.79517 414.56727,124.31438
436.70497,124.94265 431.0407,118.0 429.35605,117.9443
434.38526,109.03811 435.58978,101.51431 444.90769,95.760449
449.96509,112.86129 436.46078,111.03255 433.44723,115.10741
443.22795,129.86592 449.62009,120.29128 454.63386,120.71931
451.92319,140.66721 448.56186,144.9988 445.25388,147.84529
443.02464,152.27704 437.96898,151.46243 437.96898,151.46243
437.96898,151.46243 437.96898,151.46243 437.96898,151.46243
;
436.03213,148.0 436.03213,148.0 449.30979,144.60418
422.21685,143.03554 441.24572,143.64407 452.65136,137.57873
435.55399,131.46548 428.5,135.06934 422.39673,141.98958
429.10669,147.19827 436.03213,148.0 436.03213,148.0
436.03213,148.0 436.03213,148.0 436.03213,148.0
;
432.5,133.2193 432.5,133.2193 435.87773,131.94579
448.4334,132.91051 439.84818,125.0 442.08226,135.00114
427.02979,119.26678 426.49234,130.1745 423.59666,134.11673
430.43952,133.76797 432.5,133.2193 432.5,133.2193
432.5,133.2193 432.5,133.2193 432.5,133.2193
;
