192.96482,480.0 192.96482,480.0 128.64321,480.0
64.321607,480.0 0.0,480.0 0.0,320.0
0.0,160.0 0.0,0.0 284.66667,0.0
569.33333,0.0 854.0,0.0 854.0,160.0
854.0,320.0 854.0,480.0 727.33333,480.0
600.66667,480.0 474.0,480.0 478.00655,467.43145
477.2154,453.81153 479.08085,440.72266 482.46408,426.74283
479.43095,412.76211 475.82325,398.82414 475.66151,384.71724
473.11613,363.68 490.65585,359.14115 499.72729,352.27433
495.66836,337.53447 501.04214,330.71057 514.15925,327.35037
511.67214,309.25141 511.49299,298.64715 507.67696,272.5847
510.64628,245.88001 506.27386,219.74181 504.30235,205.22605
504.91805,188.89876 498.97435,175.83735 491.80333,167.899
480.64524,164.62672 473.22769,157.82541 462.69251,140.07398
471.73472,117.68563 463.34186,98.872831 459.40891,84.950739
446.58872,72.484244 431.17922,76.059835 410.35601,79.06475
403.14391,103.58571 398.71809,121.27204 393.04756,132.30264
403.83396,151.38035 389.01769,156.48039 396.09519,165.73477
376.80806,165.73298 374.86965,176.02244 364.23809,189.86737
357.85795,206.27484 352.94417,222.56728 352.04655,228.66623
345.7801,242.29524 353.70721,248.5 358.30096,259.42365
360.99801,269.33294 363.37606,280.55971 369.41021,288.28488
375.73724,294.85685 372.87225,303.79488 370.14076,314.0742
369.92726,327.9375 373.36023,335.75 375.30019,349.16161
388.49427,358.85411 388.1216,373.42534 391.14521,397.45472
382.24575,420.88079 385.51905,444.9585 384.68499,455.93607
387.74376,467.59544 387.08786,477.83669 378.24688,482.97885
363.63856,478.49126 352.6215,480.0 299.4026,480.0
246.18371,480.0 192.96482,480.0 192.96482,480.0
192.96482,480.0 192.96482,480.0 192.96482,480.0
;
398.0,480.0 398.0,480.0 375.27371,478.00958
416.18793,473.0285 401.0814,480.0 401.0814,480.0
399.12209,480.0 399.12209,480.0 399.12209,480.0
398.0,480.0 398.0,480.0 398.0,480.0
;
430.44032,480.0 430.44032,480.0 419.38715,480.62257
400.68862,482.65979 412.02447,466.86387 413.0179,448.80641
417.70271,431.03577 419.43448,413.39389 424.55989,404.2926
425.9498,397.63942 427.67545,387.675 429.43102,378.05731
429.77363,366.11315 433.15669,358.0 434.33903,366.79026
437.94706,379.59414 438.39171,390.43581 439.24207,405.8287
449.09439,418.06621 447.45125,433.65716 448.96394,448.1461
450.34711,463.45429 451.90998,477.39114 454.07426,483.11075
434.1926,478.49615 430.44032,480.0 430.44032,480.0
430.44032,480.0 430.44032,480.0 430.44032,480.0
;
464.05887,478.884 464.05887,478.884 449.87018,480.14348
457.64875,462.07191 454.45992,453.70591 452.58574,443.74424
453.26942,432.06794 450.0,423.92267 450.89891,410.45635
440.88941,399.31046 441.7023,385.45169 439.61233,371.93463
437.48591,358.41416 434.80122,345.0 425.4879,344.35102
430.01342,359.5356 426.27794,366.41586 422.52064,379.21377
424.02754,394.26159 418.05165,405.6861 412.51744,420.7912
413.36728,437.77804 408.99742,453.35799 409.77138,461.6404
407.59574,475.59678 396.04538,472.0 384.88366,469.91628
391.99962,451.74926 389.49573,442.90777 387.7757,427.8769
389.80134,413.22996 392.32164,398.5814 391.71622,381.76872
395.28885,361.98159 382.85082,348.7296 377.48769,339.73969
376.90644,330.58641 374.02165,321.22738 389.23381,313.57867
370.8475,315.36453 376.36144,307.97836 374.81965,297.49339
382.99553,287.37782 369.05791,282.65641 363.09507,273.00382
366.19838,262.71166 359.65646,253.85368 354.38545,243.33386
354.04159,233.25285 357.95105,221.73112 364.86627,198.80345
375.3205,172.00087 399.55823,163.10827 402.39591,154.4663
403.39695,148.87514 401.7513,140.50546 401.49901,130.80166
402.67176,121.24164 406.99916,112.82441 409.30718,97.033273
421.16643,76.106407 440.17148,82.061279 458.51948,84.978658
463.02056,108.43413 462.73605,124.20618 462.40477,141.02285
462.65245,162.07948 481.02229,169.5 491.04895,174.72687
501.11346,180.3653 498.67182,193.53395 500.83608,222.50164
506.22812,251.29836 504.74181,280.31763 505.77541,295.68986
509.34295,310.00148 504.40728,325.36396 494.19428,328.45006
493.72923,338.38913 480.97319,331.01843 472.45572,331.20222
472.25043,348.39348 472.21398,355.0 485.89099,349.59592
477.89825,354.36851 475.38747,365.15788 469.23324,382.3525
471.23922,401.68163 476.0,419.31859 475.89783,437.52422
473.94117,455.98576 471.0965,473.76407 470.82707,476.7874
467.08634,479.75203 464.05887,478.884 464.05887,478.884
464.05887,478.884 464.05887,478.884 464.05887,478.884
;
459.62244,377.0 459.62244,377.0 469.95596,371.73932
458.37772,366.8538 460.0,358.5407 458.07217,350.45595
458.43952,340.07517 458.5,330.00137 466.64182,326.7705
452.37725,314.6519 457.0,302.82033 455.63744,289.85785
459.7805,279.88977 457.73988,267.37758 461.53273,257.01989
467.15137,246.05431 470.57913,238.18133 463.67458,230.28921
477.16179,229.98446 476.62328,216.63314 478.56299,205.89105
499.30647,215.21794 499.0,203.0 491.67795,192.08304
493.54391,206.30711 487.54594,205.51774 475.3382,204.05016
472.46885,215.84764 470.08008,224.64373 460.70476,230.95184
467.62239,237.0541 461.45618,247.4326 455.91474,258.50125
463.24444,229.97422 463.59587,224.93393 463.21623,209.78498
447.94322,227.78538 443.24193,233.04659 428.81178,234.83096
439.34302,233.43936 443.74785,223.1201 456.75065,199.37533
440.45381,173.64845 445.16015,148.99172 459.60777,133.36991
453.99883,110.33753 446.11897,93.039283 440.51481,78.217122
421.77962,89.230648 418.16374,100.24473 411.4155,110.22461
406.56172,123.79981 413.72866,135.52012 418.0991,145.14229
423.71035,153.17771 423.99213,164.16864 424.09568,161.75208
413.6036,167.15784 418.0,177.89676 420.41066,185.17651
426.19662,204.51981 423.9019,203.19068 414.18034,190.18108
405.64854,198.22205 421.0602,205.05516 428.86344,211.45021
428.58439,223.70248 427.38878,228.0 433.2658,234.598
425.88034,246.99728 427.99965,256.08379 423.75187,280.58531
415.66786,304.19298 412.74277,328.95184 421.30732,330.47069
431.34883,336.3473 435.94929,333.0957 448.32302,330.36364
457.63189,329.52494 453.98631,345.04294 456.05617,355.40434
452.80511,367.5885 457.24454,377.0 457.24454,377.0
459.20384,377.0 459.20384,377.0 459.20384,377.0
459.62209,377.0 459.62209,377.0 459.62209,377.0
459.62244,377.0 459.62244,377.0 459.62244,377.0
;
433.125,329.89764 433.125,329.89764 417.51799,326.25085
428.20961,327.74564 438.0,328.0 433.86689,327.62418
413.70681,320.45359 426.50499,320.06 430.73368,315.81959
421.73903,312.50545 433.5,310.9364 421.40244,309.01138
425.73714,299.71487 428.0,289.91051 427.37216,280.55375
428.79869,265.23411 436.39366,271.93968 431.20343,262.73505
432.4854,252.06638 435.56547,243.1169 434.83484,238.62516
449.62969,239.72062 454.12572,233.0 456.19132,220.00486
459.29531,236.12067 453.9815,242.26639 452.99408,250.74937
448.18984,259.66125 449.72414,270.25529 447.03822,278.68396
457.41228,297.35441 442.11499,291.88387 442.57659,296.37556
454.26282,297.12186 452.72023,306.0127 454.0752,316.17772
438.70594,312.05299 437.0,318.87745 450.07274,320.11681
449.88571,317.62594 449.19098,323.96958 441.60784,324.95964
441.24021,328.19194 433.125,329.89764 433.125,329.89764
433.125,329.89764 433.125,329.89764 433.125,329.89764
;
441.94098,306.0 441.94098,306.0 461.60382,305.00666
431.07962,301.21798 437.9593,306.0 439.28653,306.0
440.61375,306.0 441.94098,306.0 441.94098,306.0
441.94098,306.0 441.94098,306.0 441.94098,306.0
;
437.08948,217.96959 437.08948,217.96959 429.36284,214.25515
431.28499,200.1467 428.76517,192.90151 430.54571,201.90772
443.79087,208.2843 438.02711,217.23591 438.02711,217.23591
437.67897,218.00001 437.67897,218.00001 437.67897,218.00001
437.08948,217.96961 437.08948,217.96961 437.08948,217.96961
437.08948,217.96959 437.08948,217.96959 437.08948,217.96959
;
441.75112,205.0 441.75112,205.0 439.51122,199.68616
424.8018,176.93713 433.86437,181.75736 444.15385,186.13201
442.64228,196.70497 442.0531,204.74265 442.0531,204.74265
442.13478,205.0 442.13478,205.0 442.13478,205.0
441.75112,205.0 441.75112,205.0 441.75112,205.0
;
439.59651,181.0 439.59651,181.0 434.9459,176.93814
428.30954,170.63503 429.37627,161.59753 424.63316,148.52513
433.28044,148.83098 439.23139,153.43528 434.31155,162.76984
443.95692,174.50732 439.59651,181.0 439.59651,181.0
439.59651,181.0 439.59651,181.0 439.59651,181.0
;
431.41214,145.96959 431.41214,145.96959 418.52953,147.38561
415.145,128.4266 415.89487,119.62669 425.09803,119.22481
426.71349,112.57814 425.13627,109.09075 422.55879,105.51046
425.20747,95.547397 433.0,93.00001 438.66981,85.722441
451.32239,113.76995 441.92209,101.00001 427.9078,99.264064
429.92305,106.59494 431.00852,111.8526 433.98408,120.04031
449.14708,115.87482 445.33716,107.93717 450.47849,117.68805
447.38543,130.5737 444.76568,141.05302 440.33266,143.27637
436.80991,147.24947 431.41214,145.96959 431.41214,145.96959
431.41214,145.96959 431.41214,145.96959 431.41214,145.96959
;
429.67431,141.0 429.67431,141.0 434.99093,140.82542
422.27167,134.03104 435.68315,136.90079 443.8426,130.04058
419.54291,123.61303 421.67227,133.31501 421.8788,136.97849
425.54098,142.1902 429.67431,141.0 429.67431,141.0
429.67431,141.0 429.67431,141.0 429.67431,141.0
;
423.19879,127.0 423.19879,127.0 431.55793,128.50456
438.7843,119.40885 430.83333,121.0 427.18301,118.63152
415.82938,120.61269 423.19879,127.0 423.19879,127.0
423.19879,127.0 423.19879,127.0 423.19879,127.0
;
405.20536,369.0 405.20536,369.0 419.92979,357.94653
391.14013,361.87722 405.20536,369.0 405.20536,369.0
405.20536,369.0 405.20536,369.0 405.20536,369.0
;
381.17167,311.81955 381.17167,311.81955 392.01071,305.75996
372.07892,306.63138 381.17167,311.81955 381.17167,311.81955
381.17167,311.81955 381.17167,311.81955 381.17167,311.81955
;
383.45885,245.79218 383.45885,245.79218 397.63181,234.59595
367.27214,241.97052 383.45885,245.79218 383.45885,245.79218
383.45885,245.79218 383.45885,245.79218 383.45885,245.79218
;
410.64345,235.81697 410.64345,235.81697 423.85366,232.71066
403.05233,221.79215 407.41523,234.6397 407.18051,237.20514
409.34229,235.79769 410.64345,235.81697 410.64345,235.81697
410.64345,235.81697 410.64345,235.81697 410.64345,235.81697
;
484.91628,357.82802 484.91628,357.82802 477.53704,364.57234
490.79799,346.03266 484.4476,339.5173 474.07096,349.37791
477.94223,331.17725 489.362,336.59119 499.58691,335.2218
491.91261,356.98555 484.91628,357.82802 484.91628,357.82802
484.91628,357.82802 484.91628,357.82802 484.91628,357.82802
;
