427.0,480.0 427.0,480.0 284.66667,480.0
142.33333,480.0 0.0,480.0 0.0,320.0
0.0,160.0 0.0,0.0 284.66667,0.0
569.33333,0.0 854.0,0.0 854.0,160.0
854.0,320.0 854.0,480.0 711.66667,480.0
569.33333,480.0 427.0,480.0 427.0,480.0
427.0,480.0 427.0,480.0 427.0,480.0
;
394.0,456.47327 394.0,456.47327 406.17626,458.81173
406.91226,443.36592 406.95916,435.50007 408.81662,425.80149
409.1754,418.72044 411.01038,408.05278 411.41977,393.03257
415.67402,378.05968 415.83352,363.20509 423.5368,352.46152
420.87338,338.49652 426.25169,326.07041 424.99149,320.58675
429.66593,300.44503 429.3844,316.76871 433.0686,327.47859
429.94918,341.09808 435.15665,350.39724 443.4168,361.22853
438.1425,377.10978 443.0797,389.78013 445.68732,401.58471
445.98621,413.64879 449.00004,425.17012 448.80139,435.43396
449.819,452.34568 461.57883,454.60821 472.67513,456.05216
487.90561,443.44274 476.36682,433.57442 469.4021,426.31512
465.36756,417.01588 471.13082,408.17247 470.36676,391.98357
472.89075,374.91347 470.79158,359.29387 468.17915,349.76771
465.68897,336.14774 468.12204,324.42753 470.10566,317.12946
470.84188,304.89751 480.79881,305.09024 489.27568,297.51055
483.20087,281.06674 493.53927,278.61456 503.91396,269.08537
494.73424,252.76291 494.80129,240.54071 495.8165,224.84499
494.10451,209.45647 491.99998,194.10461 491.88885,183.88584
488.66663,175.07695 489.5697,164.5333 485.88684,156.68165
490.75437,143.21406 480.75081,138.956 470.69353,131.86293
456.80008,126.23186 458.23683,111.54885 456.52641,93.922516
455.85396,74.555301 445.4335,59.073005 434.98259,43.983442
413.29519,52.765515 403.05159,63.672549 393.71024,70.987066
401.83564,83.609521 395.18938,92.629516 391.83625,101.25125
391.39811,109.0538 393.72781,117.50675 399.99581,129.7688
379.19141,130.9715 374.84748,140.14205 363.76957,160.63556
348.32392,180.43419 344.61662,203.58949 345.78246,213.68424
349.12039,222.72995 356.83059,229.65714 356.69954,242.62953
376.69726,246.00882 370.52698,259.85818 369.90665,276.47889
364.899,297.68222 380.60305,309.03835 390.16197,321.81296
385.9367,340.26379 385.70903,355.34256 381.73619,375.77451
383.75608,397.46918 387.1505,417.73306 392.58111,430.17907
371.4501,438.19897 378.70759,450.14375 383.78921,452.31847
387.98653,458.33072 394.0,456.47327 394.0,456.47327
394.0,456.47327 394.0,456.47327 394.0,456.47327
;
392.10635,451.11554 392.10635,451.11554 393.20768,448.3243
377.64788,450.81403 384.32834,439.1694 392.18214,433.26595
387.11755,418.12454 399.50001,421.9727 408.9951,419.10457
401.35625,439.3736 401.60015,446.00001 399.57317,457.72607
393.22049,437.64399 392.10551,451.11555 392.10551,451.11555
392.10635,451.11554 392.10635,451.11554 392.10635,451.11554
;
461.42243,451.0 461.42243,451.0 453.40498,444.28489
451.51385,430.21515 452.006,419.5 465.39612,415.15009
465.57754,427.44084 472.72066,435.45396 481.36127,447.42244
468.62735,445.54473 461.79241,444.33341 461.1831,445.66069
464.78295,452.32187 461.42243,451.0 461.42243,451.0
461.42243,451.0 461.42243,451.0 461.42243,451.0
;
397.20044,419.0 397.20044,419.0 384.31621,418.32168
390.79454,399.89654 387.87219,391.06654 384.63091,365.50508
395.96441,340.09982 388.03317,314.91174 386.51442,304.26581
371.8349,298.94088 374.06584,286.5 366.92008,278.93483
387.45778,266.87549 372.9433,272.17166 375.68933,265.96559
375.67891,255.09801 376.14731,246.99002 363.72555,242.139
362.64362,228.10501 354.37386,219.5 348.71401,209.01686
348.0317,197.614 353.96284,187.09737 362.1085,170.37947
370.58005,155.09436 380.96697,140.47695 385.46555,131.40352
403.16519,134.96385 399.97858,122.13572 395.95337,111.05192
396.24266,99.234895 401.97442,88.504673 404.75595,75.020462
410.08427,55.369399 427.691,56.995008 436.29238,53.016688
444.03309,62.258213 446.71678,71.185743 456.51417,89.585038
447.06059,113.2598 459.14625,130.36066 466.36833,137.53496
481.16271,140.13868 483.44723,150.39853 484.65244,164.70399
486.7754,161.80519 479.00002,162.95921 477.11548,168.12313
467.96273,168.95479 463.76687,174.0 467.84826,183.32374
452.56587,187.78306 457.19746,196.35504 451.03674,217.61508
454.66879,197.79545 454.48396,186.56065 453.89336,173.66327
439.68895,208.16408 441.67099,192.73524 440.35107,187.0714
449.672,174.96869 445.1401,165.715 441.77294,153.36348
437.79401,140.967 438.5966,128.0 429.69164,123.74719
447.57681,114.16289 445.01941,106.06496 449.09215,93.213665
440.80967,80.353526 436.8882,69.430902 433.26556,68.082226
421.1292,70.151989 419.39065,81.896657 415.57078,92.709558
403.9387,102.52456 411.22498,114.40195 419.47669,120.89485
423.43417,129.65275 424.0,140.30602 417.37805,123.8683
413.49643,140.23592 418.19696,150.30872 420.4851,160.96535
422.18127,165.91301 420.96787,169.92855 427.43338,178.51322
421.16488,183.48306 426.92903,191.54377 427.06297,194.63832
426.7376,202.41918 426.5,211.49991 421.81444,232.92088
417.98232,256.49511 413.91437,278.72514 415.41019,288.66162
434.10539,283.72925 442.29264,283.70921 450.37069,279.00311
451.85955,291.81657 453.0,280.21395 459.0727,275.31662
446.95816,267.01151 452.20784,256.06087 452.66933,242.77218
452.81727,229.47043 453.5,216.19095 452.92688,208.8288
452.18391,213.55261 459.37431,206.30926 464.15137,199.62904
461.29705,192.20267 465.39259,185.24997 467.52841,175.47015
469.67241,171.05498 480.23726,171.08198 491.2114,166.31135
483.99526,190.34276 487.85243,197.28038 490.77449,217.14295
487.98519,237.3907 493.04788,256.27396 496.35319,264.7688
495.34889,277.16564 484.00001,277.95079 485.17507,289.33964
461.71647,271.05779 466.44759,291.15462 461.14524,304.74968
474.88876,302.93459 465.60381,315.35141 460.51919,332.71268
464.89368,350.19936 467.31382,367.41855 467.40342,383.02164
466.63972,398.58674 465.21526,414.12241 457.38322,422.19719
446.08504,414.08851 449.98933,403.60917 446.47845,388.22404
446.43953,371.54028 442.49019,356.68349 438.65411,348.30614
435.89006,340.31186 434.99953,329.67366 434.75812,318.677
432.35543,306.61158 428.30804,296.84135 420.72393,298.41613
424.33817,316.66012 421.35161,324.37022 418.61178,337.46062
419.65628,351.82143 411.20512,362.61593 410.76071,379.97552
405.17411,396.74526 405.99931,414.09119 403.26763,416.5222
401.48657,420.31816 397.20044,419.0 397.20044,419.0
397.20044,419.0 397.20044,419.0 397.20044,419.0
;
454.63337,322.98469 454.63337,322.98469 468.53683,316.84333
444.14099,306.07072 450.22965,318.70294 450.78935,320.63325
452.25699,323.28652 454.63337,322.98469 454.63337,322.98469
454.63337,322.98469 454.63337,322.98469 454.63337,322.98469
;
407.80086,317.79289 407.80086,317.79289 420.5064,309.6233
393.34516,309.16922 407.80086,317.79289 407.80086,317.79289
407.80086,317.79289 407.80086,317.79289 407.80086,317.79289
;
452.0,312.0 452.0,312.0 454.87017,307.7399
452.0649,301.95269 453.0,298.5 454.05211,296.04179
450.48378,279.62345 450.0,295.83721 451.29995,299.68479
447.24399,312.20546 452.0,312.0 452.0,312.0
452.0,312.0 452.0,312.0 452.0,312.0
;
381.20765,267.99189 381.20765,267.99189 388.01799,253.85358
369.39185,274.51558 381.20765,267.99189 381.20765,267.99189
381.20765,267.99189 381.20765,267.99189 381.20765,267.99189
;
378.53615,212.0 378.53615,212.0 390.54595,204.58677
370.90272,194.81058 375.45708,208.55017 376.69252,209.35004
376.26299,212.93761 378.53615,212.0 378.53615,212.0
378.53615,212.0 378.53615,212.0 378.53615,212.0
;
410.0,196.0 410.0,196.0 421.34937,190.05095
399.29595,185.43327 408.9593,196.0 408.9593,196.0
410.0,196.0 410.0,196.0 410.0,196.0
;
476.64416,302.30631 476.64416,302.30631 475.91702,298.47047
477.258,283.59358 469.99968,290.11803 470.82419,279.66479
490.40866,287.30916 480.54607,296.90845 479.12718,298.50157
479.23181,302.042 476.64416,302.30631 476.64416,302.30631
476.64416,302.30631 476.64416,302.30631 476.64416,302.30631
;
437.25,279.884 437.25,279.884 431.29517,281.18842
423.34011,271.35285 428.37244,268.11842 422.67735,260.62593
455.20963,265.48586 435.5,267.8463 419.53952,270.8949
441.55474,270.9071 442.55822,274.82578 450.37902,277.333
430.94962,277.31695 437.25,279.884 437.25,279.884
437.25,279.884 437.25,279.884 437.25,279.884
;
447.34166,262.18323 447.34166,262.18323 440.79834,262.61694
417.10646,264.90474 427.0,255.88197 423.60813,255.0023
426.9328,240.90336 427.1743,234.56671 433.23675,227.9954
430.56515,226.85771 430.0,212.79626 425.14483,202.36388
450.40519,198.01008 446.00097,206.6866 439.80762,218.82194
444.52902,233.7606 446.99389,246.73531 433.46573,245.25779
429.42069,250.76976 443.50001,252.0 455.60635,259.54364
426.61804,254.40876 430.02897,259.08376 433.38921,262.77031
448.73311,255.72909 447.34166,262.18323 447.34166,262.18323
447.34166,262.18323 447.34166,262.18323 447.34166,262.18323
;
448.76794,226.5 448.76794,226.5 445.45506,231.02808
447.82364,203.49722 448.86154,225.45153 448.86154,225.45153
448.76794,226.5 448.76794,226.5 448.76794,226.5
;
434.42701,179.69146 434.42701,179.69146 428.159,178.03031
423.36421,155.28331 431.71469,170.87091 432.92756,173.71959
439.05813,177.22488 434.42701,179.69146 434.42701,179.69146
434.42701,179.69146 434.42701,179.69146 434.42701,179.69146
;
437.70564,165.92971 437.70564,165.92971 429.83219,163.57202
428.34111,151.44311 425.31047,147.49998 420.84067,140.67387
439.00683,153.48995 435.6519,159.5962 436.16764,161.45596
437.705,164.63414 437.70564,165.92971 437.70564,165.92971
437.70564,165.92971 437.70564,165.92971 437.70564,165.92971
;
434.0,146.96881 434.0,146.96881 427.1408,144.85391
423.52905,129.49415 428.0,129.0 419.70852,111.08722
437.64678,137.40203 433.92777,131.05781 435.67106,128.18781
434.5961,145.35795 433.99997,146.96881 433.99997,146.96881
434.0,146.96881 434.0,146.96881 434.0,146.96881
;
428.48978,118.55078 428.48978,118.55078 413.20399,118.81684
422.26012,110.93013 433.5,113.5 431.24459,106.32107
422.26542,108.06214 424.64939,102.58105 420.2282,96.325858
426.22024,83.948713 426.35509,78.580849 432.29993,66.913047
444.01535,90.75367 429.84144,85.042702 419.18919,87.202404
427.90963,103.39918 437.77316,96.446343 439.68168,95.681352
440.74583,113.46751 433.04705,117.37569 432.37292,119.26284
429.78255,117.74586 428.48978,118.55078 428.48978,118.55078
428.48978,118.55078 428.48978,118.55078 428.48978,118.55078
;
425.16821,117.92105 425.16821,117.92105 440.7499,113.24847
411.25304,114.38165 425.16821,117.92105 425.16821,117.92105
425.16821,117.92105 425.16821,117.92105 425.16821,117.92105
;
429.93031,105.13922 429.93031,105.13922 433.37606,89.723694
421.23288,108.02977 429.93031,105.13922 429.93031,105.13922
429.93031,105.13922 429.93031,105.13922 429.93031,105.13922
;
418.08327,110.60036 418.08327,110.60036 414.45456,116.69343
416.62572,93.436673 418.37161,109.58544 418.37161,109.58544
418.08327,110.60036 418.08327,110.60036 418.08327,110.60036
;
