427.0,480.0 427.0,480.0 284.66667,480.0
142.33333,480.0 0.0,480.0 0.0,320.0
0.0,160.0 0.0,0.0 284.66667,0.0
569.33333,0.0 854.0,0.0 854.0,160.0
854.0,320.0 854.0,480.0 711.66667,480.0
569.33333,480.0 427.0,480.0 427.0,480.0
427.0,480.0 427.0,480.0 427.0,480.0
;
54.861405,479.0 54.861405,479.0 45.576067,471.11034
61.685993,471.21723 71.298962,470.98668 88.356695,468.23632
72.710252,458.61863 62.175009,463.5435 42.326699,464.59201
53.363993,466.74829 66.66527,465.11549 87.634851,463.41843
67.734439,471.09859 57.959569,469.71704 49.610586,469.00554
45.269203,476.07337 54.861405,479.0 54.861405,479.0
54.861405,479.0 54.861405,479.0 54.861405,479.0
;
180.31784,479.0 180.31784,479.0 191.80211,465.24476
198.60116,445.16407 207.94806,428.76061 213.60101,414.70562
224.07945,402.06381 228.0,387.78577 192.0143,387.48619
155.91007,389.6817 120.0,387.78977 122.39388,379.97248
117.63971,372.44165 117.58968,360.57762 114.1013,335.90586
112.46847,311.01947 108.78935,286.36886 117.28644,277.53917
133.16894,267.48177 124.2116,253.62714 121.7954,242.11911
117.88788,231.44711 119.58296,219.16161 121.8542,206.66082
116.67718,198.25391 113.97204,187.82696 110.82548,180.30367
119.40217,177.82984 112.47622,176.64292 100.71383,182.76529
112.44832,164.29262 116.88617,170.69293 121.03977,170.36143
102.96321,164.54446 109.26112,154.88814 109.03622,133.60558
105.85062,152.51309 107.00293,163.91223 116.58765,172.03323
95.938138,174.39237 99.99942,175.89288 95.383077,181.02357
81.045004,175.99048 73.653304,182.11684 65.546887,185.1563
71.532546,178.90518 82.99942,176.50689 95.888298,171.81003
99.125228,171.66349 103.91747,168.73155 105.43941,161.69939
99.122834,165.76177 96.695155,158.79666 91.589635,145.80171
105.94653,166.2001 102.10444,157.26228 100.39845,158.15414
110.15539,145.68348 105.71308,137.49984 101.23991,123.13116
91.950798,147.70841 91.225466,138.8298 97.786563,134.08622
91.34987,122.68832 84.3,129.0 82.57087,135.95056
76.749258,131.31719 74.332352,132.97295 66.823766,124.50944
73.308391,134.70344 70.999999,136.5 75.817025,138.37353
61.216115,142.23703 61.393011,131.58179 58.482715,127.49885
30.366688,130.83332 43.343344,134.50062 41.418234,133.7989
40.531711,144.54736 47.033808,150.68711 55.317922,150.56925
42.229511,172.97202 44.178294,154.26696 39.558741,143.65093
37.830491,132.01048 36.646141,119.97923 49.031402,108.98943
28.216804,107.44885 27.514042,99.705376 27.698244,92.690967
20.822403,72.706357 24.0,89.4 27.481013,76.937757
-0.07245051,79.193357 13.544573,78.0 25.457939,80.69406
16.010904,67.509712 19.362804,61.2603 15.388944,52.136721
21.913044,30.998817 7.877205,32.0 -5.1116988,29.234532
3.8918306,48.461498 1.2068966,56.0 6.6526846,51.304065
23.419843,52.541684 6.2993419,55.843344 -4.502442,60.711075
1.5406248,76.28924 7.3380913,78.883172 12.491236,94.68947
-2.5173918,80.659291 2.25,93.29969 -3.9805965,100.5841
7.8969762,113.7646 4.25,112.60541 -6.8466789,117.90282
19.201732,115.53917 24.994772,115.26675 21.701326,116.59415
-2.8372909,117.63635 3.5,120.9532 12.704079,120.5328
25.869725,113.70174 33.0,117.3 27.88516,120.13263
29.119909,125.45214 28.667485,136.3513 32.89913,145.67416
28.726375,164.83484 38.96119,167.13065 48.363397,167.21465
24.261361,169.81634 19.0,170.0 22.160927,173.46454
40.676009,179.75786 22.034085,179.0 12.375814,174.53878
-0.68466617,174.57609 10.155594,166.58458 17.249925,165.80591
5.7747162,156.51041 9.6687495,151.35262 -4.9056138,146.83613
7.3889169,151.84063 6.8246177,162.44037 8.9474991,170.84672
-8.5310894,176.32664 10.418604,176.0 11.456884,179.1834
-5.0502691,175.57024 6.0,183.90062 13.430254,191.98068
8.9325308,207.64139 11.562901,218.77194 22.275614,233.28234
-10.572959,228.55402 7.75,230.79569 21.416021,231.96681
10.924742,210.74154 12.506022,201.85542 7.4752074,188.1637
13.324689,181.4107 27.468629,185.0 41.858923,187.04983
40.184813,185.80367 54.715114,185.0 70.652203,180.11633
71.859808,191.52842 71.663775,204.4934 71.174231,213.1787
76.56987,227.79057 73.078802,233.0 64.978579,235.4761
81.843704,240.7296 76.903074,251.35071 77.632791,261.85693
92.67487,260.58008 76.097879,259.01023 64.129867,259.17112
56.107949,259.74728 53.158408,269.19372 46.558183,278.05163
34.505145,275.65656 23.588445,277.90772 28.811274,271.48025
23.588778,274.58824 19.678928,275.01226 30.292871,263.59805
-0.51711583,281.27469 4.5828146,274.18065 9.8639765,272.88164
2.2780516,270.54776 1.0,270.0 -4.460206,288.21112
19.423896,267.61936 17.681285,278.17091 8.1401976,278.58879
-8.1889801,280.76703 12.667723,281.24752 33.064897,281.9714
55.723322,284.38609 72.231459,269.699 60.232651,287.92994
35.034544,281.7921 16.412842,282.94473 1.3636511,281.59353
0.69278461,282.98083 1.6725565,296.5 2.0704095,318.04191
-0.4858131,284.21768 8.0115866,285.98687 21.798106,285.66827
35.662687,286.61822 49.400014,285.50021 51.320509,296.13291
50.17117,309.22987 54.480491,318.33809 64.372987,310.70297
57.246507,295.25081 55.97127,284.33433 67.460557,277.53651
62.637009,303.06532 63.37111,280.98264 68.48707,297.71472
63.178851,280.15392 68.0,279.0 73.435325,288.21196
72.923345,270.33442 83.524582,267.82134 91.603806,265.31879
83.302387,279.63231 89.201441,285.35508 90.16331,297.26319
93.506086,309.59774 85.5,319.89959 70.475477,324.35246
72.16951,313.89968 69.914964,303.12564 69.25628,293.6524
71.687632,274.87097 67.410484,293.43804 65.356809,301.74291
68.290465,297.14797 69.685092,309.11855 71.158815,312.33653
69.914779,321.79347 68.09968,317.75 61.302243,327.64055
60.701619,309.16431 55.952592,318.49989 46.411491,328.75894
49.713436,318.28947 43.0,323.0 43.252488,326.24915
39.152418,323.51046 33.881843,329.36914 23.176144,335.55488
30.876854,340.07016 19.70708,340.68736 23.020966,351.26265
13.825831,340.52757 8.611645,350.25114 -4.9575589,357.01401
3.8240707,372.13879 4.5313728,383.48579 13.261947,381.52745
-0.6166383,394.93632 9.2273986,403.72943 13.253593,407.42505
29.094596,428.17754 20.702646,413.6385 14.952831,406.12721
5.4104923,398.42426 9.6894214,390.35379 20.818234,381.77743
24.782233,399.78052 24.985683,408.31861 23.640415,428.891
29.261122,416.14935 27.487699,403.44449 28.099375,395.50306
10.835721,378.2743 26.006167,387.77087 38.0292,399.60193
35.351615,419.13881 32.106305,434.31969 37.642151,441.94746
48.615619,442.85674 46.881579,447.25 43.458873,439.45881
68.540151,442.99937 55.5,440.5809 69.676088,448.88293
69.392988,419.53713 70.371631,432.33399 72.726375,449.57254
73.064486,438.28614 71.15341,427.70723 67.932287,391.10872
59.935161,355.09069 56.797062,318.49995 61.987055,328.90164
79.151815,317.11055 85.346995,323.60987 84.396241,334.3273
99.662494,344.11409 89.623805,351.42616 78.3303,359.17383
78.949507,371.56826 81.725528,383.61834 83.198389,394.40962
84.215153,405.26777 86.090626,416.0 103.52375,408.41754
72.168686,437.03342 77.67461,418.58568 72.117361,404.04816
76.477506,422.93861 72.873236,429.01413 77.631265,433.14938
89.508772,439.21879 76.335295,446.82056 67.143201,450.3663
54.253608,446.97161 46.0,450.15401 55.057116,450.94211
69.709351,453.23487 78.806354,447.66812 84.420229,437.71566
91.64518,443.11269 97.868122,435.51163 106.41643,417.66967
95.920711,438.52212 91.0,435.42273 96.89321,425.42935
105.62585,415.33868 114.0,406.88195 110.54074,418.09345
115.25144,410.74437 127.05685,414.03496 139.44178,411.48509
156.31815,410.45082 163.49631,399.06315 173.28564,390.09221
152.31862,393.61121 168.76671,390.95459 187.76069,390.88039
206.75426,390.77555 225.74174,390.2325 208.81385,419.13918
195.68896,450.04822 178.81923,479.0 178.81923,479.0
180.31784,479.0 180.31784,479.0 180.31784,479.0
180.31784,479.0 180.31784,479.0 180.31784,479.0
;
50.3452,440.42882 50.3452,440.42882 34.718049,439.13717
70.258502,436.25016 50.3452,440.42882 50.3452,440.42882
50.3452,440.42882 50.3452,440.42882 50.3452,440.42882
;
41.842193,440.0 41.842193,440.0 32.059406,436.51707
35.713277,424.5797 41.768984,425.18523 43.474912,426.63546
32.162075,416.28172 37.0,404.01583 35.361265,392.20088
27.149803,378.0223 13.25,382.0 0.90196821,379.84098
5.5873223,369.50286 13.0,369.0026 9.8757212,354.51819
30.178051,366.53111 37.5,361.20266 55.742036,356.03564
39.964717,354.66349 29.628554,358.1729 12.872396,363.73764
16.370475,351.32705 12.5,355.7292 15.325526,364.51097
30.318217,358.91643 9.6456235,361.12679 -3.5152941,363.04345
11.685652,346.80049 17.520653,349.56981 26.325042,348.63476
31.875982,340.33229 31.544528,333.24965 42.816699,322.56495
30.717751,343.32108 44.993736,331.5 47.797634,316.6567
60.934014,327.88675 56.379762,331.60835 51.973402,313.89343
55.377827,339.86432 56.611498,346.25622 54.809419,353.4007
34.543633,351.71797 55.500007,352.11884 38.972608,352.31678
69.333088,355.72393 54.673454,364.73417 65.524551,368.82852
41.914079,366.32865 36.588649,367.8834 19.271005,369.77633
48.47408,368.52957 53.677755,368.07127 69.560208,370.66011
51.882856,381.26752 42.540955,377.13891 21.961905,378.32623
40.43355,379.37441 51.376716,378.45152 75.509662,377.32945
30.730711,380.46367 54.250001,380.02109 65.710832,381.12321
59.529032,387.23693 58.134052,387.59758 65.527254,388.14029
62.467165,406.09699 65.286882,413.99762 70.801052,427.50897
57.54853,426.11568 50.449451,430.15931 36.221249,417.93507
56.640036,440.25812 41.842193,440.0 41.842193,440.0
41.842193,440.0 41.842193,440.0 41.842193,440.0
;
38.218615,390.90032 38.218615,390.90032 39.917471,389.8245
32.544932,380.17099 28.300439,376.93206 27.038782,383.33528
36.090934,385.54051 38.218622,390.9003 38.218622,390.9003
38.218615,390.90032 38.218615,390.90032 38.218615,390.90032
;
61.948404,436.77947 61.948404,436.77947 51.215801,430.17693
75.133408,430.52459 61.948404,436.77947 61.948404,436.77947
61.948404,436.77947 61.948404,436.77947 61.948404,436.77947
;
90.085545,431.14643 90.085545,431.14643 82.946742,430.31964
93.72377,415.24167 93.05304,419.84919 92.560586,415.24123
109.47688,400.70925 104.41459,400.13828 113.52106,396.25242
100.84883,397.90896 112.25,392.00008 112.0884,401.14338
123.81274,393.13992 110.23325,407.41748 103.50806,415.31886
96.846934,423.27711 90.085545,431.14643 90.085545,431.14643
90.085545,431.14643 90.085545,431.14643 90.085545,431.14643
;
89.308807,411.65807 89.308807,411.65807 86.120413,410.44813
86.210495,390.69316 84.317535,382.66348 81.99008,371.38805
80.542075,360.68304 91.28315,353.39825 95.848619,343.56745
108.85884,345.6453 96.775578,343.08489 88.959699,334.95358
84.011801,319.35227 93.152983,309.88281 104.89711,313.39446
102.4666,327.94799 103.85372,337.45625 108.86213,352.53163
106.49349,369.50707 111.0,385.0 107.91789,392.93071
87.591255,389.82359 88.39743,393.7836 100.25388,390.82079
107.28909,390.75284 96.333509,401.945 94.013222,405.19626
91.442093,408.27804 89.308807,411.65807 89.308807,411.65807
89.308807,411.65807 89.308807,411.65807 89.308807,411.65807
;
129.0,409.52853 129.0,409.52853 117.5802,407.52024
118.68982,406.9515 116.70662,402.13602 124.08233,394.24889
138.49175,395.12683 149.02134,392.50692 164.19478,390.06941
159.24659,406.43845 146.5,405.10064 140.69404,406.75309
135.17351,409.69657 129.0,409.52853 129.0,409.52853
129.0,409.52853 129.0,409.52853 129.0,409.52853
;
115.10699,396.0 115.10699,396.0 110.61336,387.31074
111.76934,389.66773 112.55396,381.60293 110.23586,358.4206
107.70336,333.51052 103.79507,311.74766 106.66117,303.39062
96.749207,288.1022 104.30902,284.0997 103.04665,287.08443
103.13316,291.05236 108.0,287.9593 110.59806,322.45717
116.63396,356.82735 118.5,391.48468 134.1529,389.17169
132.91798,393.5914 118.5534,394.21658 114.08055,391.38889
117.64765,396.55474 115.10698,396.0 115.10698,396.0
115.10699,396.0 115.10699,396.0 115.10699,396.0
;
55.83486,312.5 55.83486,312.5 54.84956,319.9842
53.214616,293.38678 51.978041,287.68863 54.057245,292.3158
56.214826,304.84373 55.83486,312.5 55.83486,312.5
55.83486,312.5 55.83486,312.5 55.83486,312.5
;
100.4889,311.82536 100.4889,311.82536 95.026376,305.24828
95.886244,291.73453 92.951764,281.5 95.156509,277.31512
86.721432,254.37548 93.936978,264.98299 92.449737,276.14148
102.52131,287.92318 96.5,298.06103 100.92989,299.97018
99.690919,307.9553 100.4889,311.82536 100.4889,311.82536
100.4889,311.82536 100.4889,311.82536 100.4889,311.82536
;
94.034443,304.0 94.034443,304.0 90.884211,302.81243
90.239791,279.0193 92.176971,291.5 94.357358,294.04682
95.763429,302.45449 94.034443,304.0 94.034443,304.0
94.034443,304.0 94.034443,304.0 94.034443,304.0
;
104.91639,282.74875 104.91639,282.74875 94.344731,281.4548
104.17542,256.81732 96.5,257.77309 87.034185,260.5845
109.58864,247.57818 114.73849,248.87252 128.46509,243.2153
110.91243,264.96628 119.92787,256.71638 126.09684,255.0056
121.97214,275.16039 113.01617,277.46531 99.676208,289.5736
120.48501,260.00838 113.9502,263.14881 109.9501,269.04193
107.79902,277.90912 104.91639,282.74875 104.91639,282.74875
104.91639,282.74875 104.91639,282.74875 104.91639,282.74875
;
52.884846,277.38481 52.884846,277.38481 43.415386,275.93664
59.747711,268.96619 63.174612,265.41414 80.220166,264.54188
63.267172,274.13189 56.5,276.72959 56.5,276.72959
54.572107,277.07901 54.572107,277.07901 54.572107,277.07901
52.884846,277.38481 52.884846,277.38481 52.884846,277.38481
;
97.619552,277.0 97.619552,277.0 93.755369,263.70051
98.326541,258.55548 98.905776,277.0 98.905776,277.0
97.619558,277.0 97.619558,277.0 97.619558,277.0
97.619552,277.0 97.619552,277.0 97.619552,277.0
;
81.0,267.5 81.0,267.5 62.816798,274.16725
99.41005,254.19783 81.0,267.5 81.0,267.5
81.0,267.5 81.0,267.5 81.0,267.5
;
85.765313,256.47276 85.765313,256.47276 83.936083,251.36544
83.550467,235.24076 82.114751,226.22308 81.476061,212.25522
77.331747,197.04804 78.830689,183.83588 89.663861,186.39872
103.47832,182.55097 112.29877,189.44173 112.62682,208.53763
108.24737,228.37343 111.9504,247.0 103.29781,248.43093
93.94413,253.45315 85.765313,256.47276 85.765313,256.47276
85.765313,256.47276 85.765313,256.47276 85.765313,256.47276
;
121.03558,248.0 121.03558,248.0 114.66125,241.02136
114.33897,245.75644 113.66405,231.15925 114.65823,221.0647
112.09206,205.03394 115.98795,198.61975 117.91958,211.74154
116.93567,226.31467 117.0,240.0 107.13233,238.90839
126.45223,242.73196 121.03558,248.0 121.03558,248.0
121.03558,248.0 121.03558,248.0 121.03558,248.0
;
21.309017,182.98469 21.309017,182.98469 -0.85789451,183.00939
18.720239,180.10867 29.73422,181.44798 44.327926,181.57769
23.478547,183.87958 21.309017,182.98469 21.309017,182.98469
21.309017,182.98469 21.309017,182.98469 21.309017,182.98469
;
95.75,182.88169 95.75,182.88169 75.391865,182.69392
92.880585,179.04442 102.0,182.0 102.59831,184.53065
97.034913,182.0846 95.75,182.88169 95.75,182.88169
95.75,182.88169 95.75,182.88169 95.75,182.88169
;
62.065741,178.0 62.065741,178.0 61.200183,175.52835
80.523936,169.62712 68.464816,166.0 64.813429,166.0873
72.860625,173.71746 65.15895,170.05478 68.53499,154.75778
54.988315,174.08995 61.674968,162.34794 66.800064,160.36265
69.710998,160.5897 70.497942,164.36084 72.702851,163.20187
70.542652,155.68014 78.08602,159.39635 82.679085,161.61209
92.831145,157.22969 79.912038,163.54621 62.965043,158.79645
89.728168,169.51784 82.686148,169.1381 71.666694,171.4047
70.240151,177.97119 81.75,172.49546 87.926432,176.29491
67.549979,173.86554 63.597297,177.74488 63.597297,177.74488
63.131483,178.0 63.131483,178.0 63.131483,178.0
62.065741,178.0 62.065741,178.0 62.065741,178.0
;
59.744889,177.0 59.744889,177.0 58.930885,167.27669
47.051123,169.35208 58.5,168.5 57.825077,171.5912
57.746664,175.80916 59.744889,177.0 59.744889,177.0
59.744889,177.0 59.744889,177.0 59.744889,177.0
;
40.590881,166.0 40.590881,166.0 32.857567,162.59666
35.288656,146.36732 30.858224,137.91307 28.724616,129.13806
33.604135,115.45886 35.897724,131.5 37.079999,142.37347
41.636416,150.31262 43.233429,160.72756 42.873398,163.98326
46.421637,167.27733 40.590881,166.0 40.590881,166.0
40.590881,166.0 40.590881,166.0 40.590881,166.0
;
73.725249,157.85017 73.725249,157.85017 63.814434,160.11395
64.307491,146.1457 68.406187,152.38388 71.766111,154.66146
79.01682,149.89114 73.725249,157.85017 73.725249,157.85017
73.725249,157.85017 73.725249,157.85017 73.725249,157.85017
;
93.768232,152.57567 93.768232,152.57567 96.886327,150.45882
83.337828,142.83764 72.664004,146.15107 53.812871,144.68797
75.495026,141.36025 83.587029,142.86747 88.109982,143.49223
112.67806,138.85401 98.897838,145.0 95.102526,145.033
94.567807,153.43799 93.768232,152.57567 93.768232,152.57567
93.768232,152.57567 93.768232,152.57567 93.768232,152.57567
;
101.46862,154.0 101.46862,154.0 92.051229,147.21973
109.28527,143.06928 101.46862,154.0 101.46862,154.0
101.46862,154.0 101.46862,154.0 101.46862,154.0
;
51.822166,148.6109 51.822166,148.6109 36.051095,144.93965
60.221059,147.24802 53.786475,144.25 58.02911,140.99027
58.62102,151.54496 51.822166,148.6109 51.822166,148.6109
51.822166,148.6109 51.822166,148.6109 51.822166,148.6109
;
35.456011,115.66667 35.456011,115.66667 10.417053,114.9852
42.195979,110.264 35.456011,115.66667 35.456011,115.66667
35.456011,115.66667 35.456011,115.66667 35.456011,115.66667
;
12.866234,113.32473 12.866234,113.32473 4.9476632,109.66127
4.5999862,105.7059 8.0,101.0407 13.186284,109.90777
7.4929062,108.16748 14.76765,112.8275 14.76765,112.8275
12.87209,113.3232 12.87209,113.3232 12.87209,113.3232
12.866234,113.32473 12.866234,113.32473 12.866234,113.32473
;
18.064075,105.60094 18.064075,105.60094 6.7134134,108.83478
8.872009,90.298945 12.0,87.54363 11.803899,70.061692
29.078476,97.437214 14.0,92.881966 18.278127,95.394532
17.958108,103.77669 20.134546,99.634138 17.905781,96.538895
21.153551,87.95583 23.496564,102.54902 26.450789,106.33251
19.490501,104.44584 18.064075,105.60094 18.064075,105.60094
18.064075,105.60094 18.064075,105.60094 18.064075,105.60094
;
13.5,75.0 13.5,75.0 5.3022141,74.505263
22.422379,64.336631 15.75,72.984687 19.374337,73.376225
15.754891,76.232586 13.5,75.0 13.5,75.0
13.5,75.0 13.5,75.0 13.5,75.0
;
13.161516,43.936614 13.161516,43.936614 1.2691528,40.590959
15.090188,34.507252 13.0,35.0 12.506711,37.504577
14.128934,42.836611 13.161516,43.936614 13.161516,43.936614
13.161516,43.936614 13.161516,43.936614 13.161516,43.936614
;
663.75,478.97865 663.75,478.97865 659.07072,472.00285
666.75628,470.80876 659.6922,461.52179 648.21181,444.84109
639.92812,427.4717 627.12679,411.53967 631.82326,411.23758
605.3878,390.94069 620.74136,392.94641 632.00063,392.93341
643.61246,393.9256 654.13148,392.00003 673.31549,396.29512
694.44683,392.93091 714.39609,394.2161 754.98349,394.48168
795.57089,394.74727 836.15829,395.01286 844.59296,402.80161
862.2903,410.93043 844.92264,397.76101 837.20338,389.48815
831.34531,389.23568 821.31399,392.85808 766.88068,391.8343
712.44622,390.64918 658.0,391.0 654.5947,382.55953
666.91479,387.23299 652.55948,381.35311 647.09301,387.54756
648.7975,392.90467 631.51466,390.2269 622.35943,390.3052
602.40752,387.50488 616.55589,400.68203 624.67225,413.35902
635.12209,425.24339 642.0,438.26829 631.53179,437.09479
611.74117,437.03873 624.63404,439.79695 619.78911,444.13621
646.81367,435.04778 647.32375,447.51311 648.70023,453.60338
667.03846,468.26662 657.0407,469.00004 656.9676,472.18541
660.82948,478.03942 663.75,478.97865 663.75,478.97865
663.75,478.97865 663.75,478.97865 663.75,478.97865
;
90.214626,456.0 90.214626,456.0 103.85513,450.54154
92.478088,452.84581 97.220612,447.25 93.857477,435.89864
85.949092,450.40257 86.881966,454.0 87.847025,455.11998
87.875994,457.27226 90.214626,456.0 90.214626,456.0
90.214626,456.0 90.214626,456.0 90.214626,456.0
;
91.102034,453.43694 91.102034,453.43694 87.025753,449.59389
100.34167,439.03395 92.204068,452.75585 92.204068,452.75585
91.102034,453.43694 91.102034,453.43694 91.102034,453.43694
;
72.232408,446.0 72.232408,446.0 85.081348,440.06673
68.738956,440.57851 71.333333,446.0 71.333333,446.0
72.232408,446.0 72.232408,446.0 72.232408,446.0
;
7.75,443.96404 7.75,443.96404 13.162685,431.19237
-11.140176,434.27106 7.75,443.96404 7.75,443.96404
7.75,443.96404 7.75,443.96404 7.75,443.96404
;
605.0,439.58171 605.0,439.58171 628.72702,438.46335
584.91124,435.959 602.35327,437.84421 623.8924,438.56388
584.74213,440.00636 605.0,439.5817 605.0,439.5817
605.0,439.58171 605.0,439.58171 605.0,439.58171
;
370.51013,430.45572 370.51013,430.45572 383.27295,430.11434
379.99681,413.04958 383.0,404.15506 384.23044,392.66318
385.33078,382.15104 387.2612,370.56471 391.62072,358.4459
387.15789,344.89435 395.81956,334.5 397.74121,319.38706
401.74382,304.63171 403.53072,289.5 407.72653,310.53398
406.88225,333.04144 415.00002,352.85998 416.71893,371.97848
420.74841,391.02799 421.17157,410.38726 413.50356,403.77172
425.02667,424.91921 426.40452,428.74911 434.10822,434.11799
455.00724,426.4583 446.60517,414.88244 439.20186,407.13872
435.63687,397.46926 440.92528,387.49948 442.12316,367.51405
444.94789,347.42138 438.85131,327.91679 441.43165,315.13698
436.89513,295.21468 454.09121,291.98401 464.22202,285.94359
454.74074,268.15228 467.16956,264.43147 480.86673,253.96329
459.60865,240.75134 465.37535,227.72577 469.74884,200.50125
462.45693,173.7409 461.27188,146.54816 459.77195,130.83982
433.06742,133.46275 432.75372,116.54571 431.77982,94.957627
430.72081,66.163497 408.07487,55.997016 395.27838,55.59968
384.38512,62.316111 379.04756,73.909239 373.10149,82.94068
377.99414,95.368921 373.03482,105.49948 371.99365,117.10958
378.87073,128.32363 363.95481,132.48692 351.38258,142.1948
351.46172,159.35679 347.32634,173.75755 339.83896,190.2038
344.97309,208.3353 340.55678,225.45695 341.14874,236.66808
330.80917,248.27486 339.99994,258.42236 341.447,280.99003
340.52815,251.88407 345.99691,265.65296 345.4447,276.79584
349.51897,287.81889 352.82315,298.27751 353.25425,298.81843
349.45507,279.5751 361.44384,294.18709 371.05551,314.63678
362.52958,335.88184 361.90479,357.72977 362.10829,373.10866
365.09587,389.51175 364.06466,404.23939 357.78589,411.7501
349.25075,423.81737 362.8167,428.50148 364.82843,430.51728
367.84556,430.76114 370.51013,430.45572 370.51013,430.45572
370.51013,430.45572 370.51013,430.45572 370.51013,430.45572
;
430.40187,427.98469 430.40187,427.98469 424.87155,420.90589
421.90882,408.04192 424.5,398.49999 436.80085,394.35513
438.70384,409.62807 443.56369,416.69462 449.3067,423.31509
437.31198,425.62622 434.83334,420.99999 425.76398,420.34462
439.12326,428.32917 430.40187,427.98469 430.40187,427.98469
430.40187,427.98469 430.40187,427.98469 430.40187,427.98469
;
364.09772,424.44645 364.09772,424.44645 358.64714,425.95677
356.77057,414.55453 365.38797,406.88746 363.97314,395.99107
384.44007,392.95949 379.52001,405.80694 380.18911,411.37147
375.37384,434.89905 372.0,421.07208 372.98554,423.11582
366.9035,424.39211 364.09772,424.44645 364.09772,424.44645
364.09772,424.44645 364.09772,424.44645 364.09772,424.44645
;
430.5,396.38374 430.5,396.38374 417.33707,399.15102
423.51065,382.11772 420.50964,374.75429 416.99251,359.94741
419.01818,344.2578 411.8208,330.58193 409.40648,314.06849
408.40787,297.31358 404.49992,280.90185 399.47535,285.47133
400.91726,299.97753 397.7074,308.34203 394.52648,320.2918
395.48682,333.32682 388.03922,343.5 387.88594,359.90047
381.66683,375.40577 382.48648,391.80487 376.39822,401.46959
361.79133,394.82601 366.0299,383.20271 363.35942,362.35673
365.79976,341.59574 368.95291,321.09834 368.62613,308.58001
368.23377,292.65605 356.73028,285.0 365.59572,283.72247
363.25845,259.07284 361.5,261.63837 353.29519,269.38527
344.75672,261.19137 340.38222,252.77224 335.10402,242.73422
346.59824,233.68188 343.31955,223.59172 347.25104,208.13148
342.50403,191.7832 349.33634,176.77152 353.98626,159.17131
355.51371,135.00018 376.497,129.5 380.58852,118.65012
372.67572,106.8232 378.11986,95.687197 380.98634,81.032744
385.18255,57.966966 404.70474,60.0 421.19444,62.329083
428.30182,83.359286 427.75086,98.244883 427.63337,111.54278
427.40693,128.27177 442.5,133.55844 451.42747,138.91513
461.43652,142.10781 459.03744,154.43903 462.1309,169.91767
455.09501,152.44386 451.0,163.91014 456.649,165.87658
439.08237,165.17247 442.66994,169.41774 439.30141,175.43503
441.26952,172.763 438.68314,177.5 438.54938,179.58269
426.98094,193.24335 435.81179,184.00382 443.51132,184.57132
439.1326,164.4003 451.50003,166.90167 465.43359,158.94898
458.73126,178.40492 462.5494,187.1864 468.46861,208.89243
454.67732,233.48915 469.00003,252.95007 468.90533,260.15334
459.60034,271.51494 453.07975,268.41522 442.37677,261.15039
446.41669,290.3701 443.88582,288.0 445.43549,292.71573
435.08166,306.70842 436.89203,316.45001 434.07323,333.78775
443.29778,350.60615 439.08575,368.09995 436.7868,376.02176
442.18911,396.37475 430.5,396.38374 430.5,396.38374
430.5,396.38374 430.5,396.38374 430.5,396.38374
;
427.16778,308.0 427.16778,308.0 435.17992,307.35679
426.05459,288.50137 426.13914,300.5 427.34613,288.57653
423.93511,284.74158 425.38442,272.45661 432.67564,264.38861
424.28753,265.29153 426.12903,252.24454 425.74687,237.43883
427.08108,225.64517 428.10765,211.6373 426.85074,210.46437
427.96044,195.17617 430.16466,185.37972 433.12856,166.58283
423.40091,182.51317 418.12172,188.45038 407.40914,192.44381
422.19686,172.98019 420.1494,166.10022 421.31501,155.8707
415.83327,142.27758 415.21498,134.36714 413.18281,127.7293
414.03884,115.13775 421.5,108.8327 422.28565,95.51505
422.10108,82.426539 413.8703,71.238303 409.07994,59.201201
396.36467,69.427536 394.91665,78.5 392.71697,87.646455
387.78354,90.595157 387.0,100.22814 387.40842,111.28984
399.55571,116.94417 396.58738,128.5 405.74273,143.6252
400.12615,134.47832 395.62505,132.39704 390.75118,127.66771
394.80604,149.08123 398.94681,153.26508 403.34322,162.8813
408.07681,174.02739 408.03275,183.52024 412.18781,212.20956
400.80174,242.15941 398.50022,271.29874 405.65416,279.87657
425.59903,261.65213 423.97823,276.37234 425.67167,287.54047
422.9956,298.47582 425.33578,308.0 425.33578,308.0
427.168,308.0 427.168,308.0 427.168,308.0
427.16778,308.0 427.16778,308.0 427.16778,308.0
;
408.33711,269.89447 408.33711,269.89447 392.51838,269.48792
422.94704,266.32868 402.0,267.0 404.95764,263.79523
404.28767,263.07843 405.64421,257.51528 412.13783,250.74211
427.90795,257.25633 408.49998,259.35398 424.51843,260.21344
416.15672,261.08706 419.37814,265.45686 405.87535,265.03659
424.51213,269.60274 408.33711,269.89447 408.33711,269.89447
408.33711,269.89447 408.33711,269.89447 408.33711,269.89447
;
421.84549,254.59549 421.84549,254.59549 422.58497,252.74059
396.62983,254.63239 414.5,249.83823 403.2345,255.21698
403.46665,246.64828 408.99294,244.02392 424.40817,238.87335
413.42059,241.21528 422.67696,245.5 408.01202,254.04516
428.21709,243.51575 421.84549,254.59547 421.84549,254.59547
421.84549,254.59549 421.84549,254.59549 421.84549,254.59549
;
410.04945,241.80532 410.04945,241.80532 404.70631,246.48596
409.03714,228.89748 409.36635,221.02986 413.74535,212.30667
405.03451,194.67143 418.49997,193.70834 430.80121,181.1637
424.41435,185.85004 422.45495,199.84997 418.52297,213.00174
420.95802,226.09574 422.49995,239.34809 418.24935,239.98055
413.2042,237.9646 410.04943,241.80532 410.04943,241.80532
410.04945,241.80532 410.04945,241.80532 410.04945,241.80532
;
412.94134,223.5 412.94134,223.5 417.20749,207.54883
412.26601,206.98703 412.28545,223.86252 411.7075,227.28809
412.50144,224.60593 412.94134,223.5 412.94134,223.5
412.94134,223.5 412.94134,223.5 412.94134,223.5
;
423.73899,221.75 423.73899,221.75 423.16935,239.25561
423.11242,189.31841 423.8617,212.20546 424.26383,215.39177
423.9498,218.56434 423.73899,221.75 423.73899,221.75
423.73899,221.75 423.73899,221.75 423.73899,221.75
;
414.54102,168.0 414.54102,168.0 410.20585,160.80698
401.63733,151.56214 404.67045,142.5887 414.03132,148.54435
414.17727,157.74726 414.54103,168.0 414.54103,168.0
414.54102,168.0 414.54102,168.0 414.54102,168.0
;
410.86663,144.97069 410.86663,144.97069 402.70391,139.3814
397.79194,128.45102 400.52966,118.50002 418.12811,116.88857
404.22245,120.25916 410.2762,120.98073 405.96925,125.97337
417.08249,145.64289 412.20666,143.00005 406.53125,134.7151
412.61311,144.97704 410.86663,144.97069 410.86663,144.97069
410.86663,144.97069 410.86663,144.97069 410.86663,144.97069
;
406.0,115.91731 406.0,115.91731 395.01946,115.65315
391.8625,104.69765 391.82196,95.5 402.12074,89.537202
399.40666,89.363019 397.91805,85.73168 400.25179,83.610696
401.57401,62.377993 410.86668,73.524453 421.90444,87.851533
407.64354,72.127896 402.0,83.045075 414.17674,77.962998
398.14601,94.336824 413.24665,89.007792 421.917,84.165076
419.37964,106.54538 415.58882,111.03096 413.36455,113.26601
409.40451,116.49699 406.0,115.91731 406.0,115.91731
406.0,115.91731 406.0,115.91731 406.0,115.91731
;
399.64263,111.0 399.64263,111.0 407.62032,108.88733
421.2346,101.54753 405.0,100.75 400.03833,105.51764
393.59462,96.377359 399.64263,111.0 399.64263,111.0
399.64263,111.0 399.64263,111.0 399.64263,111.0
;
398.25,99.921053 398.25,99.921053 392.88672,96.578527
413.53477,96.295367 401.95809,95.96909 403.59281,92.365562
389.66312,95.98711 398.25,99.921053 398.25,99.921053
398.25,99.921053 398.25,99.921053 398.25,99.921053
;
391.05968,304.0 391.05968,304.0 403.56651,294.20033
378.16928,298.57396 391.05968,304.0 391.05968,304.0
391.05968,304.0 391.05968,304.0 391.05968,304.0
;
426.73627,281.71983 426.73627,281.71983 427.10787,262.69544
425.81812,273.51428 426.36141,286.5 426.48568,284.90725
426.61366,283.31105 426.73627,281.71983 426.73627,281.71983
426.73627,281.71983 426.73627,281.71983 426.73627,281.71983
;
362.19708,244.77197 362.19708,244.77197 368.58488,233.97865
358.1553,225.30242 362.19708,244.77197 362.19708,244.77197
362.19708,244.77197 362.19708,244.77197 362.19708,244.77197
;
428.89035,204.0 428.89035,204.0 430.18418,210.52802
441.90009,180.28894 432.17195,192.69306 431.67408,194.98368
426.26182,207.32966 428.89035,204.0 428.89035,204.0
428.89035,204.0 428.89035,204.0 428.89035,204.0
;
392.25,190.81955 392.25,190.81955 404.1707,182.09473
381.56499,183.46994 392.25,190.81955 392.25,190.81955
392.25,190.81955 392.25,190.81955 392.25,190.81955
;
450.0,291.49175 450.0,291.49175 445.7128,295.17976
454.22525,274.79128 452.97264,280.5 447.99691,271.5079
449.58092,282.67923 446.43117,282.76456 441.31193,270.6399
458.03519,264.94785 457.84397,278.81365 456.09501,283.5384
455.89843,290.00425 450.0,291.49175 450.0,291.49175
450.0,291.49175 450.0,291.49175 450.0,291.49175
;
353.48593,286.0 353.48593,286.0 349.50453,281.63013
344.0915,264.1501 354.9593,267.0 361.51931,276.36704
356.84126,279.92527 353.98491,274.0 350.70642,271.18073
353.19228,283.763 353.48593,286.0 353.48593,286.0
353.48593,286.0 353.48593,286.0 353.48593,286.0
;
78.720724,413.27693 78.720724,413.27693 82.844515,404.19944
70.58849,399.10352 78.720724,413.27693 78.720724,413.27693
78.720724,413.27693 78.720724,413.27693 78.720724,413.27693
;
852.25,412.91067 852.25,412.91067 852.75619,409.49138
829.40178,393.51647 833.98367,399.38367 840.11885,403.72365
845.86846,409.19846 852.25,412.91067 852.25,412.91067
852.25,412.91067 852.25,412.91067 852.25,412.91067
;
74.775581,404.4588 74.775581,404.4588 73.552355,400.22858
73.547457,381.66759 72.0,387.0 72.178141,381.56103
70.381723,378.38518 71.122139,367.16773 58.649233,357.3045
75.405947,350.23051 67.047844,351.79634 78.730756,348.55131
73.949938,353.97072 64.511036,346.75 61.92207,328.53616
61.983096,332.65135 63.071145,348.82538 64.284599,363.19755
67.550981,377.43245 69.573049,390.9405 70.970373,393.59902
72.72822,412.20414 74.775581,404.4588 74.775581,404.4588
74.775581,404.4588 74.775581,404.4588 74.775581,404.4588
;
502.79667,395.11 502.79667,395.11 509.85752,397.21828
495.74748,380.55162 502.35123,396.4463 502.35123,396.4463
502.79667,395.11 502.79667,395.11 502.79667,395.11
;
541.5,391.60006 541.5,391.60006 563.33982,392.10619
550.4006,390.67757 536.21914,391.17203 517.49165,391.849
532.71753,391.5141 541.5,391.60006 541.5,391.60006
541.5,391.60006 541.5,391.60006 541.5,391.60006
;
542.0,389.58873 542.0,389.58873 560.50498,389.71884
559.94718,389.48602 542.0,388.92213 525.26602,389.61831
516.6271,389.63558 542.0,389.58873 542.0,389.58873
542.0,389.58873 542.0,389.58873 542.0,389.58873
;
457.41667,388.91405 457.41667,388.91405 479.59756,389.05461
442.10001,385.93833 453.41837,388.87075 454.74976,388.88385
456.08546,388.90125 457.41667,388.91405 457.41667,388.91405
457.41667,388.91405 457.41667,388.91405 457.41667,388.91405
;
325.0,387.60261 325.0,387.60261 347.07144,388.12232
332.60942,386.63496 319.12874,387.19186 301.31659,387.88913
318.00028,387.49843 325.0,387.60261 325.0,387.60261
325.0,387.60261 325.0,387.60261 325.0,387.60261
;
7.4166667,340.8319 7.4166667,340.8319 14.801424,344.87675
-4.1013194,327.31054 3.3333333,341.0 4.6944444,340.944
6.0555556,340.88793 7.4166667,340.8319 7.4166667,340.8319
7.4166667,340.8319 7.4166667,340.8319 7.4166667,340.8319
;
25.077555,268.0 25.077555,268.0 29.778212,263.73
46.631349,255.30829 27.735813,255.48895 12.488992,252.17035
8.2785707,257.23007 23.32809,261.33988 17.102997,256.20892
19.612259,270.88805 25.077555,268.0 25.077555,268.0
25.077555,268.0 25.077555,268.0 25.077555,268.0
;
17.166667,266.0 17.166667,266.0 23.392824,259.33231
13.666206,264.01935 14.0,262.33333 13.150579,264.23928
15.01204,266.91289 17.166667,266.0 17.166667,266.0
17.166667,266.0 17.166667,266.0 17.166667,266.0
;
61.725684,258.0 61.725684,258.0 65.396691,255.62281
71.28188,257.01787 57.25,254.37702 47.002071,255.34633
60.198315,256.78434 61.725684,258.0 61.725684,258.0
61.725684,258.0 61.725684,258.0 61.725684,258.0
;
3.5817875,244.60699 3.5817875,244.60699 22.150658,242.35601
-2.2281494,240.63495 3.5817875,244.60699 3.5817875,244.60699
3.5817875,244.60699 3.5817875,244.60699 3.5817875,244.60699
;
20.0,241.14269 20.0,241.14269 28.667201,238.37638
44.537246,240.50215 37.179307,226.45517 34.725433,218.84051
33.035071,200.48666 30.898013,201.75993 27.808286,211.92293
36.451889,218.33702 35.401493,229.81684 39.184229,239.74751
21.541152,235.46677 15.392511,239.63067 -7.513905,240.07677
10.862314,241.66481 20.0,241.14269 20.0,241.14269
20.0,241.14269 20.0,241.14269 20.0,241.14269
;
126.77568,180.90032 126.77568,180.90032 128.27538,185.71856
118.4511,157.23893 121.16096,174.9521 122.6017,177.25436
122.80483,182.50058 126.77568,180.90032 126.77568,180.90032
126.77568,180.90032 126.77568,180.90032 126.77568,180.90032
;
850.14341,181.0 850.14341,181.0 857.24153,178.03268
833.9485,174.09526 828.81656,168.38154 819.94593,164.76432
809.84093,164.28678 803.61207,155.50091 793.105,141.86984
774.52786,149.21869 760.33825,143.31017 747.5601,142.24235
750.13068,134.65718 753.35661,126.02328 748.2516,140.01753
743.13257,139.3738 751.71433,126.05498 763.67783,104.52602
778.04907,84.520857 787.19794,61.50002 794.86392,49.920993
796.53262,34.926321 801.94529,22.063961 795.77041,18.602098
797.13954,-6.8038637 793.08018,5.5287299 795.73815,16.495404
801.57608,25.831242 794.05132,36.846646 789.41104,56.082919
778.28991,72.203967 770.57651,90.5 760.00134,105.7336
748.57616,122.04808 743.0,139.60619 757.94999,146.11445
774.83823,150.14377 790.56499,149.72399 802.36981,155.26501
809.68162,169.41309 824.27217,169.03726 832.92284,172.5685
840.99707,179.66715 850.14341,181.0 850.14341,181.0
850.14341,181.0 850.14341,181.0 850.14341,181.0
;
31.420345,163.0 31.420345,163.0 31.901527,157.65929
26.399882,136.31034 29.076924,154.11357 30.021624,156.82576
29.051454,161.19278 31.420345,163.0 31.420345,163.0
31.420345,163.0 31.420345,163.0 31.420345,163.0
;
8.4213497,144.77128 8.4213497,144.77128 30.281431,143.72974
-9.5117118,141.47055 4.9169332,144.87365 4.9169332,144.87365
6.8753998,144.81645 6.8753998,144.81645 6.8753998,144.81645
8.4213497,144.77128 8.4213497,144.77128 8.4213497,144.77128
;
22.145734,145.0 22.145734,145.0 19.547725,141.45321
27.443366,121.68727 23.79837,131.5 10.666921,136.41895
14.005938,129.10339 10.0,128.9593 6.1190722,131.85181
-0.31286194,123.33074 13.301,124.30706 23.109954,122.01726
14.038488,137.35585 21.443824,127.297 20.502686,118.94658
-1.4723933,120.55648 1.293761,129.62724 13.344041,133.87448
-7.9412887,137.01535 5.400285,139.0 15.055772,134.08306
21.34665,133.29162 22.145734,145.0 22.145734,145.0
22.145734,145.0 22.145734,145.0 22.145734,145.0
;
52.244417,107.0 52.244417,107.0 48.679383,102.01174
36.781459,97.984328 39.77031,84.694524 31.618145,67.667212
39.184091,88.310895 40.009414,95.931795 39.56106,106.84203
47.61883,101.63089 52.244417,107.0 52.244417,107.0
52.244417,107.0 52.244417,107.0 52.244417,107.0
;
