427.0,480.0 427.0,480.0 284.66667,480.0
142.33333,480.0 0.0,480.0 0.0,320.0
0.0,160.0 0.0,0.0 284.66667,0.0
569.33333,0.0 854.0,0.0 854.0,160.0
854.0,320.0 854.0,480.0 711.66667,480.0
569.33333,480.0 427.0,480.0 427.0,480.0
427.0,480.0 427.0,480.0 427.0,480.0
;
68.446249,478.98469 68.446249,478.98469 83.002678,469.88152
69.996308,478.0283 75.766519,468.4975 79.214632,457.39917
56.299596,471.28056 69.572935,472.0809 75.913421,454.83415
72.330262,482.25253 67.9364,473.5 65.975323,476.43232
62.717439,477.97992 68.446249,478.98469 68.446249,478.98469
68.446249,478.98469 68.446249,478.98469 68.446249,478.98469
;
178.52053,479.0 178.52053,479.0 190.4351,461.82642
198.48987,439.24675 209.89687,420.48874 214.51551,411.44469
227.9424,395.89339 208.24422,400.88165 173.88016,400.88129
139.52611,401.0282 105.1698,401.58015 105.60098,391.97707
102.92597,385.21839 101.71937,373.06214 97.855209,345.88627
94.376954,318.75206 91.026491,291.5235 100.84903,282.99833
113.08511,270.64455 103.84564,257.15695 108.69274,247.31538
97.137212,237.58303 101.27682,225.86769 99.146152,215.93661
106.37385,200.02886 94.0,195.56878 91.336744,187.1567
95.430716,175.85984 87.0,176.69529 83.816709,167.66296
106.18993,167.43484 89.594921,164.13161 89.636661,156.71751
87.31037,128.09265 87.349824,149.71834 84.1266,160.13998
95.792358,169.83771 82.0,172.1447 77.4037,172.42721
80.477063,179.9405 66.827861,177.77481 59.662755,174.57597
45.790127,187.87344 44.901253,182.29622 31.683164,183.73757
59.157193,176.17521 63.929939,174.55442 73.820632,168.79582
78.097598,171.99068 79.67191,167.66015 94.541586,163.03013
69.506432,167.47096 74.116598,156.42581 71.324288,137.7803
71.295531,158.62567 73.532012,165.5 87.381496,167.22127
63.762721,171.50062 71.033834,156.86392 73.412858,141.52881
62.369326,141.65036 50.473413,143.68927 31.76812,145.03619
43.300507,137.31186 55.707829,139.62348 61.606038,141.25944
85.128311,134.42664 79.5,141.96937 67.535608,136.75517
74.533791,163.40523 82.590136,155.85413 72.82904,157.30538
89.224146,148.63647 84.5,137.99549 84.010598,124.67756
74.808098,132.13012 68.98641,137.50866 70.44861,134.77492
71.413887,120.70969 66.836425,125.0 57.099579,123.34423
59.085056,136.51015 46.398306,127.53004 43.470348,125.36709
52.487368,136.71533 44.345604,136.08303 36.444116,136.09843
36.564467,122.14891 22.329721,126.91263 10.285382,133.6944
7.9709383,107.53028 10.880437,126.23765 9.8155738,134.6991
13.972163,146.12272 14.86183,155.55 22.732228,170.56057
7.252361,164.28024 9.5263784,151.67284 7.2194229,140.03086
-1.9726056,124.01336 10.612969,115.47447 16.09457,109.25561
15.751088,98.840063 4.9915774,101.0 -11.802995,97.280656
20.802779,106.17883 6.0,104.77402 -11.210131,104.33579
22.567757,112.20216 8.1967465,110.42525 -4.0201327,106.90354
11.852936,114.48458 3.0,125.78347 -0.14077734,136.31268
7.2497915,149.51754 8.504851,161.14065 18.184361,172.02116
15.147602,162.42301 3.7437694,169.22361 14.860129,172.91217
2.8908924,168.72546 1.0,174.16955 7.3242808,169.31545
0.63702167,183.50577 1.0,184.09936 7.6102946,189.61767
16.639555,185.25135 25.79651,186.0 38.148529,183.15483
47.719402,187.67671 41.744113,201.36507 39.800136,212.86862
39.794984,226.5309 42.345269,207.03335 45.79361,191.8003
45.756634,215.3866 47.22788,220.74236 49.166904,233.46216
46.842737,239.92999 51.10461,251.19456 48.918267,262.00694
61.555779,274.12172 60.571298,259.17054 57.317947,234.73651
54.443196,210.25672 51.099386,185.83759 58.747235,184.94123
68.309047,184.23173 79.134198,185.81889 93.658256,181.55837
91.694279,197.19288 89.128418,205.41786 90.201938,216.82746
85.839088,231.2083 90.811526,240.48871 95.664179,255.45688
86.628139,251.15664 74.775134,257.9893 60.422227,257.61435
64.729602,272.20978 53.086327,265.97585 44.87753,269.64871
27.123168,261.215 28.014774,274.14776 22.130641,279.07293
15.608506,287.47147 5.5875978,286.13671 -8.8816954,293.40291
16.859933,293.16133 23.169113,289.70467 28.835121,290.39311
47.24617,273.55048 43.210435,282.47535 35.818642,288.00836
24.391785,293.75687 17.0,293.13982 8.0497449,291.25644
-8.1325832,298.79459 12.454479,296.49006 26.582924,291.99465
19.290855,313.83514 23.34534,321.84066 27.978932,336.32905
23.612573,332.4339 18.679349,338.50003 15.002125,340.98171
21.871817,330.75666 13.839785,337.73502 15.615683,343.59127
5.0185586,331.43977 11.5,340.50003 16.629528,342.81965
0.87014653,348.52926 16.502552,344.94008 17.004349,340.27931
31.177589,330.28422 27.0,342.33336 24.327503,328.99442
27.110277,351.94137 28.389829,357.04761 33.792616,368.71994
7.1078254,366.63911 28.259456,367.19545 25.109858,369.80831
21.389535,366.99427 30.002658,371.50003 32.802165,384.58835
25.800977,380.39423 32.80508,386.51761 37.569258,399.84389
16.410185,392.09583 9.240006,394.93498 -1.4463972,397.36628
27.642591,395.01438 33.20426,395.10867 33.490515,398.73149
34.488923,405.27069 36.939437,414.25131 36.806955,423.83227
43.851256,438.66906 39.040698,445.00003 34.64075,446.72327
47.371408,445.68819 31.748036,449.3107 20.542527,443.96699
28.453236,451.51768 21.241173,454.95063 16.742383,466.07122
37.589013,457.15915 23.257107,463.40407 16.234256,460.269
15.847843,468.99787 8.2496292,457.60041 8.9184654,448.26576
9.8168225,447.86902 15.5,445.85733 20.683772,445.42956
3.7272705,442.95228 9.6986573,429.08606 10.689708,422.85391
6.0234677,405.66697 1.0,408.75831 9.3636758,423.28737
8.6017772,441.64503 3.6331611,457.25859 8.2790307,460.93116
17.477529,474.22565 21.807841,465.27148 35.875164,462.09385
27.579685,463.17051 40.411929,461.62203 45.15892,447.57148
48.238586,468.06178 46.837389,454.55446 42.273809,413.9688
34.595921,373.81456 28.154533,333.5 32.323628,329.39227
46.727904,335.08115 56.800982,332.07316 66.974825,331.02028
61.315465,350.81981 69.95015,356.35317 77.288603,364.6154
56.304187,370.92168 55.954624,380.71833 59.148703,398.6981
59.971104,417.47002 64.957122,435.0 74.842494,429.73183
80.459246,417.51623 69.59209,434.53448 64.703769,445.48794
52.869553,448.35882 55.738182,444.09966 54.241078,442.5744
48.890697,422.54873 50.908773,438.16817 48.452093,448.94957
53.598907,449.58672 50.0,453.72048 52.848105,453.71648
68.099443,459.45484 53.855541,468.76896 42.941303,475.82189
28.346398,469.05964 16.5,473.80064 31.744938,472.24937
52.086289,479.72723 61.5,463.51407 66.647437,461.42543
65.746219,461.07071 68.984684,461.25 75.867995,460.03793
83.30198,448.15794 84.090909,443.0 81.112713,449.98416
62.690047,466.43116 72.819447,450.017 81.430914,441.33809
88.139486,428.83267 97.5,422.072 111.99392,428.97669
89.179306,423.97382 100.33645,428.87584 116.85093,430.93194
133.97681,426.50507 147.84599,417.53079 156.66631,405.98529
150.26221,408.56684 148.86593,403.9981 171.70528,404.22409
194.52739,403.21612 217.3562,402.68768 202.61956,427.39168
190.31992,453.42427 177.20468,479.0001 177.20468,479.0001
178.52053,479.0001 178.52053,479.0001 178.52053,479.0001
178.52053,479.0 178.52053,479.0 178.52053,479.0
;
36.391592,459.0 36.391592,459.0 24.530188,452.30982
51.479141,448.67194 37.823882,459.0 37.823882,459.0
36.391592,459.0 36.391592,459.0 36.391592,459.0
;
68.190561,451.279 68.190561,451.279 57.854126,451.5669
69.963768,443.73444 68.691958,439.87244 72.881379,439.73131
68.222982,438.53417 75.616073,432.937 75.489748,425.47531
80.580354,431.47146 77.690983,427.30902 86.406449,421.93683
81.201493,419.93368 88.0,415.81857 80.452282,418.26587
92.565059,413.51112 91.587226,407.92764 92.722204,413.88376
100.24272,408.52436 100.16462,414.49635 89.120857,425.97673
79.156434,439.53442 68.190561,451.279 68.190561,451.279
68.190561,451.279 68.190561,451.279 68.190561,451.279
;
68.324599,429.32673 68.324599,429.32673 63.03785,433.4426
64.878623,410.27642 62.110725,403.69213 60.928889,391.96582
54.059805,377.82808 66.787643,370.01952 69.735674,363.13253
90.059303,350.41594 77.62968,355.91983 67.644891,358.04069
66.28146,341.02983 65.0,333.4632 62.913458,323.35697
75.398873,314.90787 78.634572,328.20617 86.193185,332.93969
74.680754,354.7349 83.912377,351.08763 90.294115,351.3661
86.83685,372.95252 90.224386,381.28615 94.712293,391.56954
93.110256,408.41519 78.311117,405.03465 55.925433,409.60517
92.481108,400.89923 82.339073,410.24768 77.780103,416.67549
73.285225,423.19943 68.324599,429.32673 68.324599,429.32673
68.324599,429.32673 68.324599,429.32673 68.324599,429.32673
;
112.98991,425.45647 112.98991,425.45647 98.446591,426.42714
106.90988,419.2945 97.937667,420.21997 102.60354,407.75225
118.9719,410.54025 129.5,406.22026 139.71587,400.17523
154.26635,413.066 139.17098,418.29338 130.43612,420.53875
122.0855,425.03813 112.98991,425.45647 112.98991,425.45647
112.98991,425.45647 112.98991,425.45647 112.98991,425.45647
;
97.068791,411.0 97.068791,411.0 93.160667,399.92063
92.949048,404.14709 95.0,396.10243 91.733517,375.34354
91.215897,354.07132 85.944965,333.69301 80.193945,341.91174
86.999678,317.20016 83.788919,311.56606 80.180315,300.20292
82.416439,285.48619 84.862876,305.5 85.310726,317.22232
90.678947,335.33348 87.272288,313.66795 85.873615,307.5389
83.132182,287.98437 89.684561,294.5 95.299744,330.46395
99.418432,367.13209 103.31663,403.5 104.36192,409.06957
121.06126,399.98524 115.14462,405.63581 109.41088,408.31811
101.22612,408.17806 97.068791,411.0 97.068791,411.0
97.068791,411.0 97.068791,411.0 97.068791,411.0
;
40.75,330.52096 40.75,330.52096 26.714057,334.7899
33.494131,312.64172 29.24681,304.09127 22.525427,294.08259
39.151013,284.23509 45.016948,290.0 43.130348,274.97116
51.660182,289.06558 46.848967,298.85055 47.296076,306.67734
47.65244,315.11587 51.075846,319.81433 51.277339,329.26611
51.242071,331.09928 40.75,330.52096 40.75,330.52096
40.75,330.52096 40.75,330.52096 40.75,330.52096
;
57.110709,329.94621 57.110709,329.94621 48.524403,329.70318
52.933413,311.57775 48.297531,303.15765 47.971234,291.47872
48.026145,277.89062 61.335316,273.99304 65.156835,279.32422
62.728553,289.40356 66.094554,299.18979 67.455074,309.41034
70.46334,324.27255 60.540796,329.91197 60.540796,329.91197
58.581591,329.93157 58.581591,329.93157 58.581591,329.93157
57.110709,329.94621 57.110709,329.94621 57.110709,329.94621
;
27.968224,324.68452 27.968224,324.68452 25.801978,331.48574
24.519213,304.63783 22.659213,298.56558 22.084241,291.80042
28.004098,297.93817 27.389358,309.8799 27.638191,314.8115
29.522887,319.8292 27.968224,324.68452 27.968224,324.68452
27.968224,324.68452 27.968224,324.68452 27.968224,324.68452
;
81.749239,327.56208 81.749239,327.56208 71.920743,317.46099
72.519841,301.04451 69.212672,287.63232 73.674676,282.52815
60.856839,272.03027 70.571429,267.0 72.269762,275.35226
70.811948,287.09575 78.056321,294.17181 77.907482,305.47052
81.355327,316.52897 81.749239,327.56208 81.749239,327.56208
81.749239,327.56208 81.749239,327.56208 81.749239,327.56208
;
70.533011,315.34668 70.533011,315.34668 67.735631,322.93092
71.252207,304.0744 68.070281,308.38957 64.164552,289.04636
72.512997,300.63073 71.35338,313.03944 71.35338,313.03944
70.696983,314.88552 70.696983,314.88552 70.696983,314.88552
70.533011,315.34668 70.533011,315.34668 70.533011,315.34668
;
87.0,291.7428 87.0,291.7428 85.411303,294.02241
76.164138,284.10622 78.549407,271.81705 83.951494,255.16622
72.014802,268.60362 71.453996,263.24206 80.906737,260.31199
94.187366,247.32887 102.5,257.43332 95.051735,249.59526
100.82381,266.80971 103.6694,266.31091 108.04748,272.67304
87.177384,292.46841 91.495498,282.62393 97.772021,271.91579
99.54168,260.62341 91.639641,277.64411 87.704225,281.48272
91.229334,289.31998 87.0,291.7428 87.0,291.7428
87.0,291.7428 87.0,291.7428 87.0,291.7428
;
19.836864,287.99442 19.836864,287.99442 17.108657,281.94678
31.276122,277.56009 36.324521,272.92654 55.525775,272.66742
34.821323,283.04261 27.611946,286.2944 25.016203,286.79308
22.52998,288.2412 19.836864,287.99442 19.836864,287.99442
19.836864,287.99442 19.836864,287.99442 19.836864,287.99442
;
55.34204,275.54822 55.34204,275.54822 35.969724,284.94733
72.50768,260.15426 58.084645,274.0055 58.084645,274.0055
56.376967,274.96607 56.376967,274.96607 56.376967,274.96607
55.34204,275.54822 55.34204,275.54822 55.34204,275.54822
;
41.583219,271.86836 41.583219,271.86836 46.467748,271.51374
36.551876,266.88524 50.259017,270.0 59.081099,264.09167
51.494165,273.35872 41.583219,271.86836 41.583219,271.86836
41.583219,271.86836 41.583219,271.86836 41.583219,271.86836
;
57.019052,263.0 57.019052,263.0 53.500191,259.81111
51.803261,232.61143 54.76337,246.5 52.967825,255.58659
60.295351,252.5583 57.019052,263.0 57.019052,263.0
57.019052,263.0 57.019052,263.0 57.019052,263.0
;
103.24109,254.351 103.24109,254.351 90.595744,252.67017
101.02815,239.65282 104.0,251.59597 102.95802,252.07441
105.05485,254.30285 103.24109,254.351 103.24109,254.351
103.24109,254.351 103.24109,254.351 103.24109,254.351
;
94.794845,247.04467 94.794845,247.04467 90.782078,242.54639
94.861455,224.43065 93.823763,214.9259 90.888007,202.29798
98.395372,189.21944 99.090303,208.83669 99.251899,220.22477
99.257412,231.6158 99.624289,243.0 79.137567,245.09177
110.14922,242.02128 94.794845,247.04467 94.794845,247.04467
94.794845,247.04467 94.794845,247.04467 94.794845,247.04467
;
90.737819,223.78919 90.737819,223.78919 90.154084,240.83448
90.261495,197.55457 90.606861,209.41234 90.891349,214.21734
91.340567,218.98489 90.737819,223.78919 90.737819,223.78919
90.737819,223.78919 90.737819,223.78919 90.737819,223.78919
;
31.416667,183.88169 31.416667,183.88169 12.109316,183.3099
22.195314,181.5018 35.826565,183.12949 43.37797,183.73537
34.197672,184.29707 31.416667,183.88169 31.416667,183.88169
31.416667,183.88169 31.416667,183.88169 31.416667,183.88169
;
86.698188,184.0 86.698188,184.0 69.746122,174.15247
100.45157,180.61562 86.698188,184.0 86.698188,184.0
86.698188,184.0 86.698188,184.0 86.698188,184.0
;
71.75,182.92971 71.75,182.92971 56.897624,183.82317
58.161448,179.41815 71.417576,180.1934 83.903196,174.66378
84.924602,182.41862 71.75,182.9297 71.75,182.9297
71.75,182.92971 71.75,182.92971 71.75,182.92971
;
34.864422,178.35245 34.864422,178.35245 22.118331,177.80627
47.840828,171.53263 46.306177,170.35653 47.912828,160.54751
25.978776,160.04843 38.93723,165.99997 43.767769,157.62443
37.497453,181.58258 38.337212,169.07658 38.368072,163.69614
19.822425,169.09518 29.045784,161.71711 30.93225,174.90136
41.859342,143.15901 41.740562,157.95458 41.393709,167.90986
60.868984,161.32452 60.870834,168.77891 53.120608,167.56593
37.482218,177.42576 54.93831,173.89954 67.086604,166.14261
50.243008,180.13871 42.986023,175.49442 39.448028,174.33234
38.317695,178.63548 34.864422,178.35245 34.864422,178.35245
34.864422,178.35245 34.864422,178.35245 34.864422,178.35245
;
18.090363,172.66375 18.090363,172.66375 -0.48806221,170.80769
38.846594,171.077 18.112943,172.66438 18.112943,172.66438
18.090363,172.66375 18.090363,172.66375 18.090363,172.66375
;
66.530262,165.23897 66.530262,165.23897 64.363288,163.55252
41.315589,163.33408 58.172053,158.6623 69.089174,154.09964
72.900635,161.25989 59.517254,158.5 53.501359,166.62384
78.10534,157.31365 66.530262,165.23897 66.530262,165.23897
66.530262,165.23897 66.530262,165.23897 66.530262,165.23897
;
19.798668,161.53782 19.798668,161.53782 16.646926,154.50851
13.520926,140.60923 13.031875,130.5 18.373824,129.36548
14.130017,149.45876 20.269696,146.50393 17.877301,141.87406
33.309845,138.70566 32.11411,144.4999 29.08538,135.46614
39.35341,127.72766 22.569526,128.38836 29.006565,123.12358
38.09929,135.13714 38.125154,137.44615 31.242114,134.2848
33.759615,137.5599 34.96959,150.41672 31.378056,145.77019
23.157778,158.49278 32.499997,144.73087 18.183299,146.79816
26.42863,148.11368 20.831356,159.87556 20.831356,159.87556
20.499997,160.83958 20.499997,160.83958 20.499997,160.83958
19.798665,161.53776 19.798665,161.53776 19.798665,161.53776
19.798668,161.53782 19.798668,161.53782 19.798668,161.53782
;
49.0,156.64445 49.0,156.64445 37.581821,155.5991
38.468785,144.60949 45.5,151.29618 50.096195,149.89745
53.689577,155.1321 49.0,156.64445 49.0,156.64445
49.0,156.64445 49.0,156.64445 49.0,156.64445
;
60.809017,155.98469 60.809017,155.98469 55.005551,155.83231
70.902743,140.58474 67.0,150.54519 65.368769,152.44421
57.89369,153.18871 60.809017,155.98469 60.809017,155.98469
60.809017,155.98469 60.809017,155.98469 60.809017,155.98469
;
78.682938,147.56817 78.682938,147.56817 69.376579,143.59336
88.583646,144.02874 78.682938,147.56817 78.682938,147.56817
78.682938,147.56817 78.682938,147.56817 78.682938,147.56817
;
681.75,478.96615 681.75,478.96615 683.51763,473.22335
669.94869,464.00996 669.99913,455.93334 657.38199,439.04754
646.09558,421.21582 633.26727,404.5 644.53648,404.83637
663.16046,402.94932 669.70234,405.36369 674.5647,399.59391
686.53973,407.75403 695.20174,404.97995 747.58233,404.71952
801.68987,406.19146 852.99924,404.85646 811.07767,401.2862
766.28442,403.52358 723.25247,402.65144 709.12361,402.60094
694.99476,402.55049 680.86591,402.50001 683.39114,397.93411
674.75521,387.30242 669.71315,395.04953 680.02837,405.98839
654.07821,400.37669 646.99913,401.99677 631.16018,398.89041
627.19937,405.29497 639.01936,416.31108 648.30534,429.54072
657.59131,442.77037 666.87729,456.00002 650.08486,456.14941
633.29243,456.29879 616.5,456.44816 633.5,456.81605
650.5,457.18395 667.5,457.55184 650.5,457.85061
633.5,458.14939 616.5,458.44816 633.5,458.79877
650.5,459.14939 667.5,459.5 672.37407,465.54008
675.97987,474.64708 681.75,478.96615 681.75,478.96615
681.75,478.96615 681.75,478.96615 681.75,478.96615
;
50.5,467.53226 50.5,467.53226 61.395054,456.18034
37.449199,471.93837 50.157203,467.74847 50.157203,467.74847
50.5,467.53226 50.5,467.53226 50.5,467.53226
;
432.93191,446.60717 432.93191,446.60717 441.43186,447.15421
454.25506,438.10711 446.26853,429.44984 440.87596,420.92487
435.72426,411.2673 442.03828,401.64005 441.00471,381.53452
447.58341,360.98953 439.75669,341.5 438.10075,324.31049
440.17568,306.33166 448.98378,291.5068 451.02404,279.60919
454.74955,272.26481 462.30812,265.5 471.65502,239.49541
463.39673,211.50514 463.6853,184.58803 462.30939,166.61878
461.62793,147.49316 457.5,130.41681 446.7625,121.7092
427.15602,119.92004 428.00411,102.58143 427.0067,81.875698
428.93617,54.768201 409.05671,42.237532 394.39115,37.276347
381.0912,45.96328 373.9985,58.541226 371.08515,67.664209
370.39169,78.645301 367.78831,88.459259 365.45105,96.82952
372.25702,109.18731 364.9211,114.77821 371.5672,121.99523
356.64457,125.10142 352.3453,131.00436 342.87421,142.47403
344.58517,158.81297 341.51657,173.39005 339.55522,189.05504
334.68776,203.89162 336.45087,219.95919 338.38772,234.25931
332.57037,247.53282 333.00004,261.60844 340.57195,274.97907
337.32912,271.62298 343.8522,276.4274 347.31839,285.24548
347.9928,294.88551 352.54546,303.17739 351.48733,307.19813
360.09884,298.31942 360.81554,314.82195 366.11694,340.4407
359.51661,366.4784 363.77479,392.30467 364.13748,403.1317
371.13945,414.32206 360.97331,423.13844 350.38292,431.69936
358.97012,441.21665 369.07101,444.0 382.11587,448.02825
382.14794,433.66261 383.10983,424.74487 388.27043,416.6215
382.51489,407.574 388.00004,399.75575 386.67393,384.65591
392.73633,370.25671 391.00004,355.11803 397.12309,348.29751
396.6969,336.68804 398.37602,326.63778 398.56106,320.41375
400.52473,291.57223 402.33333,309.0 405.60556,325.71578
406.89603,345.58732 414.00996,361.88891 415.93588,383.30603
420.762,404.74139 421.15184,426.40497 420.58609,426.83715
416.30458,424.16592 422.39579,439.0881 423.337,444.20583
427.46596,448.36143 432.93191,446.60717 432.93191,446.60717
432.93191,446.60717 432.93191,446.60717 432.93191,446.60717
;
429.63467,444.0 429.63467,444.0 420.93778,438.86044
424.3666,423.18452 422.78308,413.56785 434.18608,407.112
438.68427,418.60846 443.41027,428.55177 444.36901,432.26661
448.29091,441.29123 439.74153,435.0304 446.33718,440.29146
433.95855,441.28133 435.24179,439.74998 426.67699,428.89152
435.19729,446.54919 429.63467,444.0 429.63467,444.0
429.63467,444.0 429.63467,444.0 429.63467,444.0
;
374.99918,441.7794 374.99918,441.7794 376.46767,436.47309
370.91802,436.18267 368.75266,435.59368 365.28976,438.53307
367.52361,439.25827 362.86534,432.79877 356.69325,439.19344
361.42027,431.34662 360.93243,427.65747 369.09653,419.87958
367.38626,404.76019 381.75142,409.5 384.97413,418.29415
379.54207,428.21168 378.82721,437.5 377.68494,439.5556
378.59971,442.76986 374.99918,441.7794 374.99918,441.7794
374.99918,441.7794 374.99918,441.7794 374.99918,441.7794
;
429.32829,409.79559 429.32829,409.79559 416.38976,412.62576
423.6506,393.4811 420.03432,386.11395 416.26506,371.39659
417.88622,355.72114 410.90776,342.12845 407.33893,324.85629
406.32351,307.21708 401.90932,290.0 394.88266,293.70736
398.55236,310.61042 395.97695,319.21969 396.19214,333.64024
391.5357,346.79334 388.54868,360.36835 387.9348,374.6898
384.63661,388.70608 384.33168,403.11264 378.13294,412.77624
364.38529,406.97277 366.96533,395.5503 363.33203,375.74163
365.13325,355.93644 365.79325,336.07092 366.625,326.25948
361.91635,315.60049 362.95155,306.715 373.46296,312.85174
361.55894,291.85538 363.66992,285.51406 368.23439,295.07345
382.57427,291.89572 372.28014,282.40314 367.60593,269.61629
358.30789,273.06758 348.09389,277.0 342.84385,269.14624
332.79485,262.1279 335.99988,250.17819 342.61471,236.01518
336.34649,220.63164 339.30636,205.63029 342.40813,184.55529
345.39569,163.10454 349.83117,142.22648 351.33201,130.64543
364.8823,129.09287 369.72992,121.12979 375.76495,108.81259
366.54335,95.260811 371.83363,82.369189 375.31002,67.190687
380.30754,43.815691 399.82527,44.315256 421.23538,45.466071
424.45939,71.574588 424.299,88.418665 423.98281,101.3755
424.08323,119.02746 438.84656,123.2771 447.6093,129.00665
459.32201,131.58818 457.12903,144.44788 461.3755,179.22872
463.42678,214.52763 463.49683,249.37661 464.45266,261.89833
454.79967,268.07769 450.99084,275.82888 444.29861,278.79441
429.70625,259.96733 426.35517,276.69283 412.77349,292.03457
431.18387,285.79684 429.98915,288.29614 417.91772,298.88895
430.09786,305.6205 440.22834,297.57474 447.33301,293.75519
435.03112,314.83575 436.99028,321.45227 433.73068,340.89578
444.62648,359.47196 440.03343,379.06243 437.46564,388.49216
444.11914,410.73101 429.32829,409.79559 429.32829,409.79559
429.32829,409.79559 429.32829,409.79559 429.32829,409.79559
;
413.047,312.0 413.047,312.0 425.07563,307.16474
409.66159,303.93831 414.11666,292.08039 416.27109,278.84402
410.53601,277.6887 415.74951,268.36111 418.83357,265.22192
411.82307,258.40219 415.26446,246.82932 414.66451,235.00617
416.60192,225.64623 418.2697,215.5395 419.04431,204.1614
428.20158,193.56432 431.32481,184.49622 425.66296,182.26406
433.77132,179.19434 436.99996,170.06649 432.76449,154.74648
452.06344,162.20296 456.85138,154.51553 453.85777,146.98368
452.12287,150.09088 447.49996,155.97265 433.93343,153.26959
434.9507,168.84431 430.29923,176.76343 423.4646,180.10534
428.923,188.08666 422.64545,195.02713 421.87379,207.15131
417.25253,204.11272 421.01371,191.38531 426.01463,182.077
423.44007,161.46056 417.48928,180.475 410.69718,190.52282
401.72067,190.1358 411.5049,177.98923 416.95618,161.42496
415.01255,143.59151 409.21334,127.74181 411.05458,113.82451
411.08531,106.0173 407.1331,116.54217 407.071,103.8425
420.47607,95.385426 417.08506,81.766985 417.10026,71.776797
415.00874,59.257862 408.5,52.030626 396.22257,48.480111
394.08445,63.750515 386.85175,69.444141 387.57277,75.877591
375.10739,80.999507 379.0,91.662612 383.26723,101.16842
389.36289,107.96309 390.7342,118.39268 395.43025,135.74801
387.05425,124.2799 388.28021,120.39879 384.11727,133.97408
393.43768,146.63186 397.93783,159.04788 383.04246,149.0055
393.94935,161.99459 399.79727,163.6639 405.52709,178.95414
394.56568,154.53705 400.93172,174.5 402.85719,186.21227
406.08679,173.26985 404.27066,192.45865 404.01282,220.80663
397.89804,248.56303 395.80837,276.76353 405.84548,279.36453
415.94454,273.94497 411.16381,289.724 413.31806,297.21814
405.52664,308.44413 413.047,312.0 413.047,312.0
413.047,312.0 413.047,312.0 413.047,312.0
;
412.73598,298.28651 412.73598,298.28651 412.13259,314.19978
412.13796,266.3607 412.86217,289.24199 413.24475,292.26987
412.98433,295.2629 412.73598,298.28651 412.73598,298.28651
412.73598,298.28651 412.73598,298.28651 412.73598,298.28651
;
402.83179,275.42077 402.83179,275.42077 389.40697,272.03663
419.92383,273.14414 404.16357,275.0 404.16357,275.0
402.83179,275.42077 402.83179,275.42077 402.83179,275.42077
;
404.5,271.75126 404.5,271.75126 396.79142,270.16603
407.85308,268.4901 401.39885,265.59959 397.83971,260.37159
413.97074,257.1241 402.5,256.96943 403.43743,256.84433
400.522,247.02446 403.49501,238.50006 404.95444,223.09635
407.28645,207.78481 406.47094,192.22764 416.70211,191.20838
421.76317,186.06128 414.75478,199.63177 412.3478,213.564
407.09883,228.08192 412.23336,242.00006 409.0607,246.29198
406.77998,250.26193 409.1176,252.48634 405.68775,251.28003
410.41143,263.41917 409.49109,266.25002 408.78302,270.47194
410.61827,273.00671 404.5,271.75126 404.5,271.75126
404.5,271.75126 404.5,271.75126 404.5,271.75126
;
408.55884,212.5 408.55884,212.5 413.20059,192.08483
410.85865,216.65256 407.63615,216.58875 407.9439,215.22606
408.25101,213.86258 408.55884,212.5 408.55884,212.5
408.55884,212.5 408.55884,212.5 408.55884,212.5
;
407.61803,174.0 407.61803,174.0 392.23573,149.73333
420.04721,182.8922 408.20938,169.275 402.77884,156.68995
413.73402,169.64479 407.61807,174.0 407.61807,174.0
407.61803,174.0 407.61803,174.0 407.61803,174.0
;
410.31809,163.98469 410.31809,163.98469 403.15751,157.2302
397.01244,144.36865 395.60833,134.67499 404.51733,145.13845
408.79364,138.90567 410.0,144.45202 403.8028,152.66995
416.54118,148.75087 410.25,158.938 405.20307,162.40458
413.71513,163.9993 410.3181,163.98469 410.3181,163.98469
410.31809,163.98469 410.31809,163.98469 410.31809,163.98469
;
405.5,138.74386 405.5,138.74386 393.97625,137.31421
397.87743,123.5893 393.2507,115.52204 397.93744,112.84361
384.60545,101.67471 401.70305,104.45757 416.15975,101.65365
398.0086,114.32269 404.06364,120.64131 405.17424,131.65817
409.02759,140.89506 407.5,138.5 407.5,138.5
405.5551,138.73714 405.5551,138.73714 405.5551,138.73714
405.5,138.74386 405.5,138.74386 405.5,138.74386
;
398.83293,102.49736 398.83293,102.49736 391.59928,103.32201
381.58453,97.715113 383.29485,89.834978 383.50421,78.111459
391.77514,76.518178 394.80462,68.034649 396.87528,56.567034
409.26493,50.816199 411.6262,65.48827 418.01166,70.062106
392.58571,58.738684 401.29263,68.0 414.68847,65.293013
415.82716,78.401717 413.25103,88.267311 412.37393,97.165922
407.82273,102.50847 398.83293,102.49736 398.83293,102.49736
398.83293,102.49736 398.83293,102.49736 398.83293,102.49736
;
395.87244,97.960858 395.87244,97.960858 391.572,93.911434
395.17846,94.277313 405.0,92.5939 399.82048,83.804295
378.88808,91.102451 393.24489,98.0 393.24489,98.0
395.20397,97.97082 395.20397,97.97082 395.20397,97.97082
395.87244,97.96082 395.87244,97.96082 395.87244,97.96082
395.87244,97.960858 395.87244,97.960858 395.87244,97.960858
;
392.46862,86.0 392.46862,86.0 399.17199,82.67845
404.8534,84.470442 399.6836,81.382138 392.31225,79.889355
391.90338,85.095773 389.88591,81.310738 387.66288,82.861316
389.61746,87.652242 392.46862,85.999999 392.46862,85.999999
392.46862,86.0 392.46862,86.0 392.46862,86.0
;
405.59597,78.0 405.59597,78.0 403.46472,76.117122
415.38976,77.336235 408.22632,70.050762 399.83295,68.202016
396.12674,76.492737 405.59597,78.0 405.59597,78.0
405.59597,78.0 405.59597,78.0 405.59597,78.0
;
390.79969,310.98469 390.79969,310.98469 402.50699,304.00257
381.1371,299.86852 390.79969,310.98469 390.79969,310.98469
390.79969,310.98469 390.79969,310.98469 390.79969,310.98469
;
386.64098,188.0 386.64098,188.0 396.76713,177.87972
373.22071,179.37803 386.64098,188.0 386.64098,188.0
386.64098,188.0 386.64098,188.0 386.64098,188.0
;
365.59876,306.0 365.59876,306.0 355.81688,296.94032
361.19173,305.56252 359.64183,296.81334 355.636,288.52711
358.69398,303.8531 354.23056,297.92041 347.37681,291.19093
345.06123,275.64238 358.42123,276.70799 367.2401,270.03198
377.03208,297.914 364.56795,282.15805 356.11977,282.80543
363.60169,301.13646 365.59876,306.0 365.59876,306.0
365.59876,306.0 365.59876,306.0 365.59876,306.0
;
428.7317,297.19105 428.7317,297.19105 422.36674,301.97715
440.14824,282.27423 433.45573,278.0 423.75798,290.26178
426.28097,279.10058 433.01816,271.87074 443.72547,275.33131
451.27291,282.04645 447.59084,289.31045 444.72985,292.11741
430.9325,302.38939 438.99986,289.17697 433.92597,288.88664
433.27366,295.71704 428.7317,297.19105 428.7317,297.19105
428.7317,297.19105 428.7317,297.19105 428.7317,297.19105
;
54.753469,432.57986 54.753469,432.57986 55.817254,423.03636
48.664031,419.48976 47.412108,409.05072 48.769358,398.3388
42.98987,398.65647 46.0,391.32021 47.582565,382.72344
33.639089,376.3846 43.162843,369.16044 37.221745,367.94425
48.832206,365.33139 38.508661,365.21705 36.223552,350.55065
33.633977,348.27362 36.203785,364.87777 36.632738,378.45126
40.752423,382.87035 43.603084,390.23861 38.153187,397.46305
48.242395,404.35977 46.207936,415.5 47.354855,424.42016
53.736871,425.69576 54.753469,432.57986 54.753469,432.57986
54.753469,432.57986 54.753469,432.57986 54.753469,432.57986
;
514.11611,406.84637 514.11611,406.84637 519.42931,408.82589
506.99128,393.06174 514.11611,406.84637 514.11611,406.84637
514.11611,406.84637 514.11611,406.84637 514.11611,406.84637
;
566.5,403.64504 566.5,403.64504 590.03265,403.59794
551.03315,402.63882 561.4186,403.64304 563.11206,403.64353
564.80802,403.64604 566.5,403.64504 566.5,403.64504
566.5,403.64504 566.5,403.64504 566.5,403.64504
;
563.5,401.59082 563.5,401.59082 581.00214,401.72285
581.50925,401.50582 564.0982,400.92061 546.59289,401.47129
544.5974,401.72859 563.5,401.59064 563.5,401.59064
563.5,401.59082 563.5,401.59082 563.5,401.59082
;
323.0,399.59751 323.0,399.59751 345.63518,400.07575
331.86745,398.69501 317.12777,399.17411 298.06278,399.87317
314.7589,399.49809 323.0,399.59751 323.0,399.59751
323.0,399.59751 323.0,399.59751 323.0,399.59751
;
16.0,384.65059 16.0,384.65059 38.762241,384.60189
0.49663991,383.662 11.418604,384.65059 12.945736,384.65059
14.472868,384.65059 16.0,384.65059 16.0,384.65059
16.0,384.65059 16.0,384.65059 16.0,384.65059
;
6.3591689,377.6455 6.3591689,377.6455 20.505859,377.74247
25.315446,364.20392 8.5,373.99899 1.1534145,370.84312
-3.9071388,380.88427 6.3591689,377.6455 6.3591689,377.6455
6.3591689,377.6455 6.3591689,377.6455 6.3591689,377.6455
;
3.0,355.5 3.0,355.5 3.9494449,350.60591
9.4745689,337.07478 1.0,349.09549 1.7710461,350.94397
-0.91086437,360.93694 3.0,355.5 3.0,355.5
3.0,355.5 3.0,355.5 3.0,355.5
;
3.7399832,268.52912 3.7399832,268.52912 16.178388,262.20735
-7.1940826,262.20114 2.90036,268.73985 2.90036,268.73985
3.7399832,268.52912 3.7399832,268.52912 3.7399832,268.52912
;
39.25,264.85017 39.25,264.85017 42.282703,256.69745
19.350248,264.66747 27.5,262.03063 33.014304,261.12853
32.867624,265.6231 39.25,264.85017 39.25,264.85017
39.25,264.85017 39.25,264.85017 39.25,264.85017
;
2.75,243.49651 2.75,243.49651 10.528305,239.04306
20.504016,247.68847 16.333333,239.0 24.913522,241.77054
26.241272,244.89054 28.483968,239.96586 31.228123,232.69116
9.4583412,230.05525 18.5,237.96937 9.6172665,238.0305
13.487681,220.56576 9.519232,213.5 8.5729119,196.69889
2.3886385,203.33676 8.2198179,215.26362 7.8204169,222.56672
17.59297,240.65522 6.7907154,240.02196 3.7728099,238.53213
-2.953399,244.34903 2.75,243.49651 2.75,243.49651
2.75,243.49651 2.75,243.49651 2.75,243.49651
;
852.25,142.88432 852.25,142.88432 850.81378,136.51797
831.32123,140.38771 823.87696,133.8475 805.34368,132.26711
821.19062,118.47804 825.03485,108.95123 834.27885,91.044604
851.12011,76.465387 853.06829,55.5 846.67013,67.849982
842.71009,80.756406 833.28003,91.5 826.18193,104.34019
814.75802,117.69195 811.59991,130.97304 824.15067,137.912
837.92418,141.55458 852.25,142.88432 852.25,142.88432
852.25,142.88432 852.25,142.88432 852.25,142.88432
;
