427.0,480.0 427.0,480.0 284.66667,480.0
142.33333,480.0 0.0,480.0 0.0,320.0
0.0,160.0 0.0,0.0 284.66667,0.0
569.33333,0.0 854.0,0.0 854.0,160.0
854.0,320.0 854.0,480.0 711.66667,480.0
569.33333,480.0 427.0,480.0 427.0,480.0
427.0,480.0 427.0,480.0 427.0,480.0
;
434.90692,455.91782 434.90692,455.91782 445.83975,457.5464
458.71066,445.0834 447.95956,435.69334 439.04112,426.77881
442.2004,416.27096 444.41246,405.63948 446.82037,383.98283
448.99945,361.97539 443.27446,340.6172 443.28806,321.1412
452.03091,304.29693 458.39274,286.54855 460.25714,275.97453
454.31699,265.95868 463.90963,258.73663 464.9279,248.87578
467.93073,240.19062 473.84349,232.15638 482.78045,208.31677
475.66366,182.00022 475.34079,157.13838 473.88224,146.56632
474.25012,133.94646 462.49909,129.60226 450.83911,124.68071
439.1669,116.3931 440.41264,102.19721 440.84726,80.831175
437.76778,53.909476 416.93525,42.854542 402.26362,38.122705
388.59053,48.277959 382.68066,61.423785 377.3789,71.41501
380.94205,83.381549 376.85466,94.241045 375.50685,105.13096
383.00752,121.07034 368.67597,125.37117 351.16103,133.58416
353.09148,156.05438 346.41023,171.76384 341.36141,193.90509
335.53219,218.14857 346.51602,239.42516 349.55579,250.31805
347.86311,259.09497 355.38881,261.08804 351.0232,274.69243
348.97591,291.45359 355.14255,303.58861 357.44787,296.1326
364.82897,316.45078 364.27998,324.10021 368.32193,345.72058
357.36637,366.6082 360.70828,388.45248 361.52941,399.43938
362.22668,411.20215 364.87223,420.94017 366.38973,430.5311
354.17321,442.66438 362.08264,449.99997 368.97982,453.41706
386.40053,460.24288 386.99915,448.03526 385.05898,433.98111
382.64114,420.01623 385.61554,405.70412 385.73575,393.0596
390.20455,387.19137 390.37565,375.66338 388.72106,364.43619
397.65636,356.88829 398.66231,346.93509 402.09992,333.36639
401.37867,318.62618 405.84265,305.52824 409.03805,322.52628
408.98508,342.36738 413.09546,357.79367 421.61745,361.75172
414.15579,375.84592 418.18558,383.76001 421.725,403.07315
421.87172,423.34065 424.45484,442.32048 423.45666,447.20446
428.17945,458.47307 434.90692,455.91782 434.90692,455.91782
434.90692,455.91782 434.90692,455.91782 434.90692,455.91782
;
432.84675,454.0 432.84675,454.0 424.92329,447.38837
425.55625,432.1163 425.00446,421.53508 435.38449,415.39923
441.21477,425.65975 445.20002,435.24805 448.71478,439.59658
449.9828,452.71503 444.09361,444.00001 442.49578,444.15495
449.39086,455.20659 441.11844,446.50558 437.65981,455.84544
434.01065,436.32783 432.84675,454.0 432.84675,454.0
432.84675,454.0 432.84675,454.0 432.84675,454.0
;
375.9425,453.0 375.9425,453.0 373.28826,445.54949
374.31564,446.86222 370.42116,451.0 369.5539,444.56542
365.82284,446.17101 362.84964,445.19098 359.25494,445.52799
368.40892,427.15728 368.12243,419.69742 380.12593,415.31843
382.09566,420.86323 382.42904,432.80259 385.87358,441.70622
385.05273,460.34569 379.89467,446.53333 375.75979,439.06006
378.61547,453.19529 375.9425,453.0 375.9425,453.0
375.9425,453.0 375.9425,453.0 375.9425,453.0
;
432.32797,417.79546 432.32797,417.79546 418.77123,420.64039
426.02615,400.47618 422.2841,392.68279 419.02597,378.95227
422.48528,363.62453 415.22712,351.5 409.62633,333.39144
413.53101,312.60351 405.5,295.5 399.91871,300.2694
402.09135,315.6136 399.48637,324.44202 397.11078,337.52408
397.50458,351.2504 389.09846,362.22975 388.39099,379.55872
382.27929,396.04969 382.14639,413.46304 374.25785,422.74807
360.76682,414.01178 364.40765,402.5818 362.36186,383.37185
362.67239,364.29556 367.38169,345.54116 368.65333,327.35426
367.43809,307.2124 354.1654,293.5 353.57457,278.58421
352.17443,275.09902 360.19222,270.98869 350.46711,274.16575
361.44734,265.99031 355.91746,257.42529 348.05251,248.63484
350.92692,234.95742 343.99567,225.24024 340.56521,195.65729
350.23356,166.36715 359.64076,138.72783 362.67966,126.40155
383.52688,128.91048 380.41921,114.62224 380.44521,92.176704
379.5525,65.763368 396.50001,48.666412 409.46777,40.011511
426.55575,48.230433 431.00315,62.5 439.56418,78.218684
435.5677,96.773949 438.61479,113.33108 442.46716,125.49751
455.78199,127.76419 464.22003,136.0 473.30017,138.24542
470.8284,152.19151 472.84617,160.04108 472.53049,184.07392
480.5794,209.66395 470.71307,232.5 462.25458,240.17525
464.14395,251.5401 459.69176,260.97195 453.47623,268.22323
452.90326,276.72399 455.20281,282.84074 454.53976,296.30088
443.6671,310.10508 442.30819,324.71987 437.3304,344.43835
447.84339,363.42569 443.62678,383.11573 441.63475,394.50165
443.86974,407.03976 438.48172,417.5 436.43047,417.5985
434.37922,417.69697 432.32797,417.79546 432.32797,417.79546
432.32797,417.79546 432.32797,417.79546 432.32797,417.79546
;
418.07767,321.0 418.07767,321.0 430.24513,314.67054
415.31303,312.30901 420.00005,299.62735 417.55784,285.70091
423.73843,285.38463 432.77585,279.71724 442.35265,273.34664
442.48703,252.91069 429.39864,252.61683 414.077,263.52262
423.51027,241.92214 422.52375,234.03783 426.32001,225.95051
427.29746,213.34093 434.03831,204.57962 442.33942,194.34507
440.46753,189.42771 440.46823,185.44113 445.24469,187.74253
447.25229,171.61083 453.31409,166.05264 462.67202,166.98668
476.12279,162.4632 465.91241,154.82782 465.06498,165.4484
464.36571,160.1404 451.51035,164.3826 445.71393,171.61211
440.96813,183.38235 437.16686,187.46684 436.43894,194.19649
424.53607,212.60857 427.49815,210.99698 427.98796,210.41483
431.00085,193.03297 434.23169,185.07058 436.60844,165.73323
429.19678,185.25505 421.56287,188.60659 408.44295,195.96553
427.78179,179.28811 424.61791,171.36829 433.2877,149.91981
413.30199,127.34167 424.03014,106.48348 432.93247,96.34116
431.2616,80.173754 426.65086,68.649092 423.03145,59.81201
417.17291,45.575815 406.08998,54.170215 401.2974,61.986902
396.95983,72.017686 395.47527,78.0 386.12789,86.091895
392.82591,102.32423 400.45597,110.38475 397.09555,116.37608
409.8918,136.5748 402.45861,129.0 394.09224,116.58413
395.92206,138.34118 400.80748,144.16804 403.56468,150.34359
409.25342,169.60916 405.54002,160.29671 391.42263,152.3089
409.12181,167.04925 412.16742,171.30327 415.1118,187.67473
407.45632,160.6217 411.67697,182.41864 416.00724,206.56069
411.04999,173.11139 415.2201,184.5 414.73165,217.08372
406.80208,248.83395 402.812,281.0675 412.99275,284.25373
422.23434,283.66387 417.09896,300.80899 418.56092,307.90611
411.91161,316.20962 418.07767,321.0 418.07767,321.0
418.07767,321.0 418.07767,321.0 418.07767,321.0
;
418.73598,307.28651 418.73598,307.28651 418.13259,323.19978
418.13796,275.3607 418.86217,298.24199 419.24475,301.26987
418.98433,304.2629 418.73598,307.28651 418.73598,307.28651
418.73598,307.28651 418.73598,307.28651 418.73598,307.28651
;
424.95444,282.0 424.95444,282.0 423.77295,278.86292
433.89728,271.67364 417.5,275.97181 431.55423,270.93734
427.94318,270.85043 422.6986,270.42184 433.40623,267.15472
430.52967,255.07286 419.75,261.60982 411.47671,261.729
436.22901,248.13793 436.41095,260.76158 439.21908,268.85092
432.74444,279.6839 424.95444,282.0 424.95444,282.0
424.95444,282.0 424.95444,282.0 424.95444,282.0
;
411.12756,278.86382 411.12756,278.86382 393.49216,276.99257
423.34177,268.74981 411.12756,278.86382 411.12756,278.86382
411.12756,278.86382 411.12756,278.86382 411.12756,278.86382
;
422.42061,267.46006 422.42061,267.46006 413.18771,270.70901
429.12999,258.50574 423.36116,266.84379 423.36116,266.84379
422.42061,267.46006 422.42061,267.46006 422.42061,267.46006
;
412.55902,255.0 412.55902,255.0 409.0458,252.15034
412.63602,254.28185 411.36731,243.84206 413.27516,230.2828
416.81832,241.26232 416.58021,224.14347 419.34226,211.35217
420.57832,206.23418 416.41145,214.5427 414.2752,203.31641
416.44705,193.63784 428.0,190.76998 431.71336,180.03402
429.97082,192.52797 426.90635,200.5 423.39456,208.4182
420.8163,221.50511 416.72744,226.0 420.85858,234.78091
412.58057,249.06821 416.70824,251.75 414.44952,253.76778
417.82857,255.73619 412.55897,255.0 412.55897,255.0
412.55902,255.0 412.55902,255.0 412.55902,255.0
;
418.10602,177.0 418.10602,177.0 411.44954,165.56129
423.76043,174.46756 417.08894,166.82971 426.03605,169.94182
417.86648,175.25929 418.10602,177.0 418.10602,177.0
418.10602,177.0 418.10602,177.0 418.10602,177.0
;
419.79645,165.53688 419.79645,165.53688 415.97253,158.90757
407.91126,148.49473 408.0,139.0 416.54337,146.4823
425.26552,140.07593 421.07077,155.2516 420.44016,158.53804
421.23352,162.63917 419.79645,165.53688 419.79645,165.53688
419.79645,165.53688 419.79645,165.53688 419.79645,165.53688
;
417.19617,142.0 417.19617,142.0 407.60558,136.69482
407.01998,123.06012 402.5,115.5 409.2582,122.0546
399.65415,104.04543 413.93825,108.71358 426.92405,104.37339
411.74444,120.84888 416.0,128.0 419.39653,132.27366
414.8188,132.44065 417.19616,142.0 417.19616,142.0
417.19617,142.0 417.19617,142.0 417.19617,142.0
;
403.81897,107.0431 403.81897,107.0431 397.96435,105.31849
394.46086,92.305849 396.02748,84.5 398.78377,78.780741
402.27756,80.659013 402.89556,72.737562 403.68944,70.705841
410.02969,48.171645 415.0,58.0 423.66795,65.307693
425.67016,69.286816 412.69218,65.0 398.23165,76.259235
428.43194,61.719848 425.88182,76.350638 427.41717,87.245791
428.26518,106.45858 412.78962,106.70248 406.61122,113.46051
400.68654,97.688756 403.81897,107.0431 403.81897,107.0431
403.81897,107.0431 403.81897,107.0431 403.81897,107.0431
;
409.0699,101.0 409.0699,101.0 428.28211,99.118884
405.17508,83.896835 411.58682,92.336582 406.19988,97.129191
401.24187,85.542772 411.28474,86.5 408.15065,82.431797
400.43469,82.662364 402.05264,87.648503 405.22431,91.821569
398.98615,101.38422 409.0699,101.0 409.0699,101.0
409.0699,101.0 409.0699,101.0 409.0699,101.0
;
409.1372,100.0 409.1372,100.0 395.77938,94.887274
423.19714,95.13309 410.13111,99.999995 410.13111,99.999995
409.1368,99.999995 409.1368,99.999995 409.1368,99.999995
409.1372,100.0 409.1372,100.0 409.1372,100.0
;
416.45003,77.929715 416.45003,77.929715 414.4659,78.710185
431.54777,69.752026 415.05777,70.561864 408.2525,70.647534
410.6342,79.679147 416.45003,77.929715 416.45003,77.929715
416.45003,77.929715 416.45003,77.929715 416.45003,77.929715
;
395.24553,316.82014 395.24553,316.82014 404.80073,310.05514
384.29359,310.41842 394.9309,316.86484 394.9309,316.86484
395.24553,316.82014 395.24553,316.82014 395.24553,316.82014
;
384.94187,283.0 384.94187,283.0 393.34379,279.51442
399.24815,270.12602 401.0,261.11436 395.17748,253.83902
380.01377,243.88475 373.84637,256.74858 368.40024,264.88049
375.66681,280.93074 384.94187,283.0 384.94187,283.0
384.94187,283.0 384.94187,283.0 384.94187,283.0
;
384.0957,279.44086 384.0957,279.44086 372.90718,277.4522
370.43785,251.70824 385.60759,253.0 399.37274,261.80531
393.48522,258.97226 383.43005,259.11194 380.33093,266.25924
393.6675,269.16281 395.7776,269.16763 374.08282,268.09677
395.37958,269.66779 388.82586,276.00014 391.02366,273.81094
381.87611,271.79009 384.0957,279.44086 384.0957,279.44086
384.0957,279.44086 384.0957,279.44086 384.0957,279.44086
;
395.53197,191.0 395.53197,191.0 407.52175,182.98437
382.3201,181.45667 395.53197,191.0 395.53197,191.0
395.53197,191.0 395.53197,191.0 395.53197,191.0
;
