427.0,480.0 427.0,480.0 284.66667,480.0
142.33333,480.0 0.0,480.0 0.0,320.0
0.0,160.0 0.0,0.0 284.66667,0.0
569.33333,0.0 854.0,0.0 854.0,160.0
854.0,320.0 854.0,480.0 711.66667,480.0
569.33333,480.0 427.0,480.0 427.0,480.0
427.0,480.0 427.0,480.0 427.0,480.0
;
375.29966,450.89764 375.29966,450.89764 386.7086,448.08101
386.52309,433.20111 391.23598,424.28311 393.7973,411.93004
396.31027,399.62117 398.50443,387.0 402.23621,375.61709
399.35255,362.3858 408.09239,353.61282 408.05089,336.4796
414.99666,319.97922 415.59326,303.08333 416.34596,313.34875
419.93937,327.41436 419.62965,339.41488 421.70768,352.20571
427.75554,363.31018 426.20382,376.41737 432.73741,399.06785
428.19252,425.23867 437.09547,445.47271 443.77598,458.10427
470.63482,442.89947 456.95408,432.0 448.47474,424.22267
449.48358,414.54237 452.02615,404.5 454.41476,384.26589
456.53405,363.97439 451.2363,344.05887 451.73933,329.29611
454.65652,314.28462 461.78557,301.4853 466.61487,291.79059
465.03074,281.09525 462.6498,270.97507 470.93033,262.45487
470.29695,249.40589 478.35214,239.94734 486.28209,218.62359
479.59969,194.73291 479.47538,172.40557 477.5622,162.93026
478.61307,152.0012 467.5001,148.47844 457.50288,143.10069
445.37106,137.3865 448.41998,123.71979 448.19089,104.16692
446.19811,79.471769 427.15409,68.93205 411.52802,66.491823
398.46703,77.667184 392.0001,90.90068 394.50004,100.5724
391.82415,109.67255 390.04406,119.45929 388.85528,128.77661
395.79207,139.86521 382.92441,143.52704 371.72848,149.36721
368.6264,157.81882 366.21377,169.61498 359.67928,191.1184
354.00859,212.71683 355.37914,235.27009 356.82921,227.5174
362.40834,248.65916 364.61673,253.26106 371.8526,262.52238
369.29328,270.84769 366.64192,281.41679 365.10995,293.88961
366.0323,299.34544 372.00008,307.98539 381.85418,329.82329
373.60265,356.06263 372.10744,379.5879 371.36002,393.93633
376.1704,409.55093 371.88032,423.09229 364.61956,430.0335
352.92874,440.89309 366.70445,448.14074 368.71318,450.30289
372.57975,450.03477 375.29966,450.89764 375.29966,450.89764
375.29966,450.89764 375.29966,450.89764 375.29966,450.89764
;
375.24155,448.0 375.24155,448.0 376.82931,443.67401
374.76991,441.3083 368.75647,443.15135 366.3504,440.28326
365.44378,444.12563 363.27307,437.0 367.11001,434.06656
374.10711,421.34684 379.2558,417.2442 396.43804,413.25346
385.62767,431.73705 383.00812,440.38087 380.35951,442.53342
379.52149,449.18293 375.24155,448.0 375.24155,448.0
375.24155,448.0 375.24155,448.0 375.24155,448.0
;
443.87755,447.77376 443.87755,447.77376 436.02883,442.49384
433.00439,427.35108 435.12186,417.31923 449.00157,412.8833
448.25446,426.29038 456.09088,434.09481 458.15519,436.46258
456.74838,450.25828 450.97375,440.50002 450.90025,446.2318
442.50259,435.28121 443.87762,447.77378 443.87762,447.77378
443.87755,447.77376 443.87755,447.77376 443.87755,447.77376
;
384.3612,414.79811 384.3612,414.79811 370.52895,416.91374
377.85819,397.58601 375.49073,389.41728 372.44785,364.71952
384.8155,340.66311 377.45113,316.13314 376.16503,304.74278
366.83735,296.89348 369.27451,284.86298 369.57695,273.22941
376.90147,263.41985 367.60203,253.49948 361.5589,238.38004
354.20005,222.44913 359.88586,205.91904 364.55398,186.93422
367.14301,166.01361 378.98461,150.03856 386.53416,145.11524
398.66861,142.2181 394.23657,130.40255 390.85691,113.83465
397.86754,97.027938 403.1061,81.5 411.36747,68.041847
433.42966,69.850877 438.442,85.197611 449.8437,102.2506
439.93892,124.84019 450.03137,141.71834 458.84919,149.41374
476.19586,151.27429 475.51983,165.42065 478.35258,187.16877
479.81613,209.80094 478.56424,231.56429 475.75976,243.06337
464.97548,250.97691 465.75352,263.42787 459.93653,269.7377
454.43361,275.40252 461.09242,277.17602 458.15454,283.84496
464.96381,292.64383 458.18609,302.96948 447.81167,321.03001
446.47892,343.85816 451.81155,364.1008 451.35494,380.34382
451.09881,397.97808 447.02774,413.46663 436.72253,420.58869
429.91797,409.72941 432.5134,399.35483 431.30807,386.17915
428.40053,373.09229 428.21282,360.00806 419.09731,343.9893
424.47507,324.34793 417.66016,307.67191 422.9069,306.95847
410.90102,288.74058 412.18474,309.48075 404.01266,318.78639
409.44942,316.18152 409.08218,326.49999 405.60345,336.26225
408.18913,349.32893 401.54731,356.81469 397.69294,368.10134
397.83925,382.84699 393.67695,395.44852 392.15566,401.82994
394.58869,416.49934 384.3612,414.79811 384.3612,414.79811
384.3612,414.79811 384.3612,414.79811 384.3612,414.79811
;
428.80902,322.98272 428.80902,322.98272 438.75596,316.61891
425.19838,308.86562 430.20707,296.54549 425.60731,281.11871
437.35253,283.13362 444.7746,273.73917 454.12977,264.92956
445.88496,249.50335 433.39232,254.00081 426.04087,249.82501
435.34722,239.24222 435.41649,232.92152 437.75311,215.75743
435.07612,231.53889 441.84633,218.00081 450.16919,210.53488
447.40266,200.39264 451.80035,197.31002 456.7154,189.7798
456.89676,178.58981 468.39346,179.88445 479.15688,177.90466
473.34903,170.97467 469.0,173.39719 469.6078,181.17939
470.01688,177.0581 463.45207,178.26567 451.3102,182.27582
457.04982,186.50337 449.44268,196.24353 443.21873,198.95297
444.95649,212.416 438.01296,220.11002 438.67808,225.24802
438.03186,208.05385 442.81064,200.63031 447.05595,182.87822
438.79912,195.81703 432.33545,202.44135 419.87804,207.45764
426.32457,224.64458 423.26271,235.26598 421.22967,242.6525
421.90686,263.83567 415.70299,262.103 397.45817,263.41364
407.00886,263.21423 414.85586,257.05801 410.82471,250.67311
393.79733,248.24796 390.40386,258.39831 385.60502,267.78769
394.64533,285.73524 406.4872,282.50001 410.28189,276.88223
420.04886,256.84368 417.07756,274.06635 408.321,290.41052
424.1242,287.77175 427.72735,292.57232 427.61992,301.82488
424.11422,315.76852 428.80902,322.98272 428.80902,322.98272
428.80902,322.98272 428.80902,322.98272 428.80902,322.98272
;
428.73632,309.71983 428.73632,309.71983 428.11616,323.29334
428.00495,282.1492 429.11119,304.93965 428.98692,306.53241
428.85894,308.12861 428.73632,309.71983 428.73632,309.71983
428.73632,309.71983 428.73632,309.71983 428.73632,309.71983
;
420.33399,284.0 420.33399,284.0 415.3307,279.92272
423.16806,268.77849 423.53107,282.94973 423.29454,284.78701
421.52063,283.86684 420.33399,284.0 420.33399,284.0
420.33399,284.0 420.33399,284.0 420.33399,284.0
;
404.0,280.92453 404.0,280.92453 390.59428,280.15622
386.35386,252.0435 402.96079,254.47802 421.15132,260.70664
395.56127,251.2517 400.01636,264.99961 414.64307,265.06721
394.09613,270.2174 401.85651,275.06991 399.49424,276.3882
403.58278,278.42973 404.0,280.92453 404.0,280.92453
404.0,280.92453 404.0,280.92453 404.0,280.92453
;
427.19098,280.96853 427.19098,280.96853 417.69643,269.81281
426.26798,273.30851 432.25,277.92098 434.79394,277.77323
442.61261,269.60964 431.16413,268.09674 423.68751,265.61782
417.9266,256.40115 428.01695,264.99997 429.98329,267.60241
444.97133,267.22723 436.10748,258.72603 417.76329,259.12895
443.31548,251.50732 446.0,261.11147 447.41807,271.39018
437.20977,279.69558 428.5,279.99994 428.5,279.99994
427.88197,280.99994 427.88197,280.99994 427.88197,280.99994
427.19098,280.96854 427.19098,280.96854 427.19098,280.96854
427.19098,280.96853 427.19098,280.96853 427.19098,280.96853
;
423.10531,258.0 423.10531,258.0 423.66409,250.07725
428.6029,238.62826 428.29138,228.60654 429.36161,225.68625
422.57397,209.95724 433.0,207.93206 443.86733,197.7985
432.9473,219.1028 432.0844,225.5 428.44114,234.62077
428.77132,246.44505 425.36766,254.41241 422.1017,253.70485
425.7693,258.80707 423.10531,258.0 423.10531,258.0
423.10531,258.0 423.10531,258.0 423.10531,258.0
;
372.00231,283.0 372.00231,283.0 382.34668,273.41686
370.13616,271.62012 371.11803,283.0 371.11803,283.0
372.00231,283.0 372.00231,283.0 372.00231,283.0
;
408.45885,204.79218 408.45885,204.79218 421.15033,193.16273
392.13226,199.46638 408.45885,204.79218 408.45885,204.79218
408.45885,204.79218 408.45885,204.79218 408.45885,204.79218
;
427.00728,203.69115 427.00728,203.69115 435.22712,197.25996
436.80873,182.34986 436.11186,172.04832 434.22109,160.61556
429.99737,149.78056 431.64604,137.95375 425.26694,139.47915
441.85077,123.68135 440.45143,116.54071 442.57499,102.9395
436.74852,90.515443 429.86597,79.147396 416.75987,77.375206
415.92791,95.63718 411.2682,100.91986 407.63824,106.33549
401.21906,117.5714 408.4406,125.42662 412.56966,130.90284
417.20066,152.73255 415.9776,149.78698 408.79812,138.75518
405.85497,151.38159 412.38182,161.32782 414.60219,172.0437
424.18109,180.90416 421.79596,190.86648 423.78835,193.82815
421.34604,207.73808 427.00728,203.69115 427.00728,203.69115
427.00728,203.69115 427.00728,203.69115 427.00728,203.69115
;
430.01895,188.97815 430.01895,188.97815 419.16731,183.63083
434.93698,189.3322 426.43146,181.7069 422.79376,179.51282
437.93096,186.58077 430.01895,188.97815 430.01895,188.97815
430.01895,188.97815 430.01895,188.97815 430.01895,188.97815
;
430.37244,181.99938 430.37244,181.99938 425.88603,174.45011
419.48778,166.0402 419.0,157.0 428.90097,164.79208
432.75307,159.35845 430.64525,173.76288 430.48508,176.41168
430.74691,179.57747 430.37244,181.99938 430.37244,181.99938
430.37244,181.99938 430.37244,181.99938 430.37244,181.99938
;
426.71552,159.0 426.71552,159.0 419.93304,154.36468
416.95024,143.31941 415.0,135.0 420.2905,130.29852
434.46066,130.041 426.1766,142.30283 421.49434,159.73922
431.74002,138.82924 425.92963,155.0 425.72928,156.00212
430.13137,159.96899 426.71552,159.0 426.71552,159.0
426.71552,159.0 426.71552,159.0 426.71552,159.0
;
424.78984,130.92105 424.78984,130.92105 416.98388,127.97016
407.39309,124.31767 410.0,114.10644 413.28996,105.96781
417.99839,103.70835 416.5593,100.0 421.1747,99.886502
419.8982,77.430368 428.61992,86.390812 444.14633,93.949596
409.60313,94.80507 428.06362,97.13633 416.37926,104.57252
436.70738,105.2607 437.00344,103.3824 437.97898,114.43628
438.25141,128.13438 424.78984,130.92105 424.78984,130.92105
424.78984,130.92105 424.78984,130.92105 424.78984,130.92105
;
423.31854,127.0 423.31854,127.0 438.32448,123.56748
423.77945,111.28334 421.39879,116.71979 426.40925,122.41368
415.37097,112.15753 425.0,109.76674 417.78276,106.36358
419.72267,117.12729 417.01337,109.0 416.87066,112.91062
413.28524,126.59334 423.31854,127.0 423.31854,127.0
423.31854,127.0 423.31854,127.0 423.31854,127.0
;
422.94805,125.0 422.94805,125.0 411.28985,122.77147
437.68298,118.58973 422.94805,125.0 422.94805,125.0
422.94805,125.0 422.94805,125.0 422.94805,125.0
;
418.58333,180.9684 418.58333,180.9684 417.52514,173.20432
406.93144,172.00302 418.49983,180.9368 418.49983,180.9368
418.58313,180.9684 418.58313,180.9684 418.58313,180.9684
418.58333,180.9684 418.58333,180.9684 418.58333,180.9684
;
396.41258,90.5 396.41258,90.5 390.37038,98.605764
402.45259,72.255539 396.49508,90.237862 396.49508,90.237862
396.41258,90.5 396.41258,90.5 396.41258,90.5
;
