427.0,480.0 427.0,480.0 284.66667,480.0
142.33333,480.0 0.0,480.0 0.0,320.0
0.0,160.0 0.0,0.0 284.66667,0.0
569.33333,0.0 854.0,0.0 854.0,160.0
854.0,320.0 854.0,480.0 711.66667,480.0
569.33333,480.0 427.0,480.0 427.0,480.0
427.0,480.0 427.0,480.0 427.0,480.0
;
372.71247,438.0 372.71247,438.0 385.09154,438.42094
383.90973,421.29037 388.5154,412.75365 387.85953,402.47308
393.4615,393.0367 392.39487,382.30106 398.13216,367.86412
392.69211,350.11031 403.0,337.73028 403.65425,322.6275
407.65305,305.70798 409.95104,292.0 416.62816,309.28219
413.41198,331.11195 422.25372,348.90586 423.72694,365.75478
427.85911,383.0502 428.87618,399.81574 431.64194,412.21514
428.51309,426.92548 437.79366,437.43813 446.59533,438.83203
459.47377,434.57176 459.00009,424.12642 452.25804,415.15025
444.14244,405.12267 450.25648,393.5 451.50356,372.2136
455.05517,350.7896 448.35144,329.983 448.30734,318.37682
447.75637,304.47961 456.41464,296.16524 462.01801,282.75721
464.35548,267.48774 458.08269,253.79521 459.7117,241.25779
451.79907,222.28773 467.93899,216.98024 477.21745,206.87474
481.19956,193.76894 476.63196,180.56365 473.91111,164.3036
473.01919,147.52572 467.00009,132.27032 462.74952,123.92393
448.82439,122.00322 442.11491,115.30382 433.47475,99.954821
443.52014,80.273142 436.47664,63.925064 435.10764,49.509229
422.22706,39.346635 407.85275,42.695873 396.82626,46.107859
382.89933,56.472424 385.0,69.910709 380.47949,81.752592
378.85609,93.927658 380.68714,106.49999 376.30403,119.06435
374.04747,120.84756 362.7049,127.96656 349.43316,140.18961
350.84857,159.36796 345.32792,175.13519 341.49924,190.27331
341.95218,206.59596 351.31845,219.49999 348.964,212.67212
367.83592,229.65396 365.33994,235.00552 364.32115,252.3772
355.82586,271.13033 362.0874,287.77894 372.66209,302.9236
373.59084,324.79794 368.4999,343.49999 368.78802,364.3825
367.82741,385.82843 370.63247,406.18903 368.394,415.22793
348.71895,425.20712 362.09846,433.24999 365.43102,436.56995
367.65345,439.11155 372.71247,438.0 372.71247,438.0
372.71247,438.0 372.71247,438.0 372.71247,438.0
;
373.99533,436.0 373.99533,436.0 376.21252,428.47472
370.68602,432.9371 366.8421,429.5 362.68538,434.21098
357.6975,425.07246 363.99872,419.49472 372.28887,415.87177
369.82036,400.8831 380.03915,403.38093 392.68564,401.24085
382.48292,420.57313 381.3298,427.61144 379.19193,430.01244
377.87262,436.4728 373.99533,436.0 373.99533,436.0
373.99533,436.0 373.99533,436.0 373.99533,436.0
;
441.01422,435.0 441.01422,435.0 433.90483,429.85283
432.64908,416.05629 432.65,407.0 440.48726,396.5357
448.40499,410.57222 452.70926,418.84876 455.69763,422.58489
457.41627,431.95997 450.42916,430.24997 448.20294,432.74077
438.79215,424.6543 443.5,433.99997 443.5,433.99997
442.88197,434.99997 442.88197,434.99997 442.88197,434.99997
441.01422,434.99997 441.01422,434.99997 441.01422,434.99997
441.01422,435.0 441.01422,435.0 441.01422,435.0
;
437.6849,401.98469 437.6849,401.98469 426.40555,401.36245
432.56508,384.45304 429.00277,376.5738 425.52288,363.11022
427.58428,348.3358 420.38308,335.98342 417.60703,317.79394
415.93303,299.48698 411.35442,281.50002 404.68496,285.84841
407.0878,301.5602 403.71356,310.437 401.02351,322.37899
402.15046,336.33469 395.11726,345.50002 394.49721,363.3898
388.55195,380.39075 388.3079,398.30197 379.94202,405.76317
367.80281,399.54824 371.77997,387.71568 369.17274,365.87369
372.25788,344.1606 374.18914,322.54203 374.88875,307.9806
369.9005,293.6975 362.62243,281.86794 361.56343,267.72937
367.69289,263.46015 365.1904,254.78901 365.81207,245.86158
374.38539,228.17139 362.68775,225.13445 354.68783,215.38732
343.09759,205.9277 346.04136,191.54075 347.41945,171.63689
354.1411,152.79347 361.13258,134.11318 367.91512,123.594
382.40535,126.72138 381.17095,115.00267 386.98993,102.39911
379.4021,87.710235 386.45942,74.947764 390.22868,60.531114
401.0505,39.767989 418.97318,46.587403 436.86787,52.928599
435.93453,75.862086 435.5207,91.618085 434.92519,103.1937
434.23887,118.57335 447.55907,122.63586 458.18602,127.644
467.49285,133.59336 468.60739,146.37676 470.72614,163.42428
474.70617,180.83216 475.58487,197.72858 473.26938,209.43831
463.13213,215.17811 456.42772,223.36356 451.75762,232.30341
459.02878,248.90996 452.00024,253.83335 459.53075,257.65182
454.1184,261.55999 457.00024,267.73205 461.73581,275.87028
456.89101,289.80332 451.8023,297.3437 444.79497,306.64375
445.20627,320.96145 446.07469,332.29224 451.83888,352.67329
448.71209,373.71128 447.12694,394.316 447.30704,400.35059
443.10549,402.4071 437.6849,401.98469 437.6849,401.98469
437.6849,401.98469 437.6849,401.98469 437.6849,401.98469
;
427.60905,307.0 427.60905,307.0 440.5324,305.73665
425.5737,289.88017 427.12106,298.5 429.17286,278.29961
425.12043,299.22684 426.79106,280.54308 424.73055,267.61147
430.16045,263.13669 424.7896,257.10906 425.98315,247.20682
416.91357,232.22044 426.78641,226.26188 435.33649,220.56582
442.32768,207.01351 430.76328,200.60947 436.68243,193.6775
440.70066,177.14753 439.46591,178.34745 441.86114,182.15026
445.07741,163.56505 449.73281,160.26715 459.47297,161.23167
470.67552,153.46481 460.60088,149.3229 459.52029,156.04036
458.13482,157.18609 454.60129,157.34003 443.4729,155.17536
443.5547,168.83616 439.17835,175.57073 428.70241,180.52156
443.8285,181.02816 432.93528,189.15131 430.29563,201.08676
422.9544,204.70632 428.93085,189.81527 431.21678,183.82469
439.32102,160.23409 427.0,170.30998 426.69961,178.10832
418.36146,185.81192 414.5,193.23635 415.85528,204.50791
408.97965,211.95551 412.66578,223.71086 411.6801,239.69402
407.52614,255.70511 406.08623,271.82661 415.7871,276.05154
428.91097,266.84886 424.76891,285.12847 426.89293,291.39984
423.17986,303.45983 427.60905,307.0 427.60905,307.0
427.60905,307.0 427.60905,307.0 427.60905,307.0
;
412.25,270.98635 412.25,270.98635 401.41316,267.40121
432.08833,267.82436 413.54072,270.98135 413.54072,270.98135
412.25,270.98635 412.25,270.98635 412.25,270.98635
412.25,270.98635 412.25,270.98635 412.25,270.98635
;
412.25,267.63029 412.25,267.63029 409.24779,264.63176
412.46665,256.56476 414.86602,255.15829 423.9775,253.06665
415.60308,260.10748 418.76685,267.0 416.57327,267.13413
414.33058,266.64391 412.25,267.63029 412.25,267.63029
412.25,267.63029 412.25,267.63029 412.25,267.63029
;
416.24557,251.58893 416.24557,251.58893 407.7571,253.16641
415.26619,234.94785 416.51397,229.08158 419.29587,232.38886
423.43959,251.13753 416.24557,251.58893 416.24557,251.58893
416.24557,251.58893 416.24557,251.58893 416.24557,251.58893
;
422.0,224.49782 422.0,224.49782 415.17996,224.37931
427.98162,221.77129 427.07287,218.7822 417.11775,224.06383
432.96987,209.43676 419.80008,215.96337 412.00219,214.43675
414.15174,206.17473 421.43238,209.32473 433.46701,211.11247
429.83924,204.16429 420.0,206.0 422.7676,197.99259
440.4478,206.19266 432.0,213.97286 432.0828,218.10778
426.48334,224.74777 422.0,224.49782 422.0,224.49782
422.0,224.49782 422.0,224.49782 422.0,224.49782
;
418.82276,202.0 418.82276,202.0 411.79077,195.51499
425.59464,189.2717 425.56594,182.5 428.09307,185.06852
425.60544,187.80595 422.80503,199.08895 421.84515,200.33595
421.08299,203.14374 418.82276,202.0 418.82276,202.0
418.82276,202.0 418.82276,202.0 418.82276,202.0
;
399.61821,306.0 399.61821,306.0 412.88503,298.92746
389.17059,295.79172 399.61821,306.0 399.61821,306.0
399.61821,306.0 399.61821,306.0 399.61821,306.0
;
395.5,229.37023 395.5,229.37023 405.52853,227.30235
404.64392,210.38156 404.17197,205.55458 403.47223,197.1692
386.67329,196.07907 383.47997,206.0386 378.81027,214.2657
384.82304,230.97413 395.5,229.37023 395.5,229.37023
395.5,229.37023 395.5,229.37023 395.5,229.37023
;
394.15108,227.0 394.15108,227.0 380.96913,225.23137
381.56522,198.12258 397.0,202.0 383.25246,206.9359
405.64212,203.73679 390.0,207.0 406.85304,209.55866
394.90406,206.85749 389.33333,215.00004 408.04307,211.08972
389.94884,218.93701 395.95163,219.21466 383.68901,225.63007
404.02887,214.49644 399.69231,221.09944 400.5781,225.44296
398.00683,225.79089 394.15108,227.0 394.15108,227.0
394.15108,227.0 394.15108,227.0 394.15108,227.0
;
396.81726,186.80993 396.81726,186.80993 408.57006,181.4084
385.28363,174.06038 393.93638,186.74963 394.25844,187.98912
395.93024,186.64983 396.81726,186.80993 396.81726,186.80993
396.81726,186.80993 396.81726,186.80993 396.81726,186.80993
;
415.53608,182.96196 415.53608,182.96196 424.23455,168.70773
422.50146,148.98757 422.3618,131.96174 415.74501,136.05147
422.80453,120.14524 422.55083,111.62783 428.26631,98.330862
435.44758,84.066732 430.63688,68.960366 431.87223,57.965558
419.92768,47.559776 411.94517,58.115549 402.55132,67.573433
388.52958,76.733207 392.63788,92.174408 396.72121,102.21749
399.91162,110.58047 404.32971,120.72202 410.92723,140.83971
403.32392,121.5495 402.92101,126.69098 402.26866,129.51047
392.4444,120.58203 399.47233,136.70099 400.51398,146.40288
408.70885,157.53598 409.97903,165.3542 405.25116,160.09402
395.72489,149.11432 398.94102,156.0153 400.48907,155.6793
410.1348,164.84388 411.22574,174.38532 411.56188,177.47677
411.58109,182.48636 415.53608,182.96196 415.53608,182.96196
415.53608,182.96196 415.53608,182.96196 415.53608,182.96196
;
417.82835,159.59133 417.82835,159.59133 414.51246,157.88411
406.02278,142.53941 403.9619,134.0 409.56892,141.81449
420.43241,135.59586 418.72524,142.95851 415.84085,146.33571
419.27344,154.28573 417.82835,159.59133 417.82835,159.59133
417.82835,159.59133 417.82835,159.59133 417.82835,159.59133
;
415.38701,136.98835 415.38701,136.98835 405.51423,134.70139
408.8566,117.83585 400.93984,109.72682 412.95814,117.97394
404.20328,112.92576 404.9593,106.5 419.65307,103.61063
426.08362,108.23166 415.95792,121.16414 408.77149,142.29232
421.75331,117.3176 415.38701,136.98835 415.38701,136.98835
415.38701,136.98835 415.38701,136.98835 415.38701,136.98835
;
413.36002,104.43747 413.36002,104.43747 404.82302,105.9688
398.32345,99.384737 395.78165,92.189374 395.05121,80.300551
399.5073,76.194988 407.99849,76.589045 397.95434,66.446038
415.58609,75.177276 409.19355,66.915743 413.9447,58.488751
423.8964,53.587177 426.4819,65.352951 429.74301,79.323348
426.80711,63.545201 415.65634,68.5 413.43456,73.78224
436.02192,69.695679 428.52084,84.407021 426.77116,93.002724
424.77733,105.10425 413.36002,104.43747 413.36002,104.43747
413.36002,104.43747 413.36002,104.43747 413.36002,104.43747
;
406.83333,96.937824 406.83333,96.937824 410.50852,94.192143
427.27351,98.248191 413.36775,89.909685 411.16375,91.292178
400.41921,87.126588 406.45637,97.851028 406.45637,97.851028
406.49997,97.875648 406.49997,97.875648 406.49997,97.875648
406.83333,96.937824 406.83333,96.937824 406.83333,96.937824
;
409.94098,87.0 409.94098,87.0 419.29794,87.497735
408.07333,79.75707 408.88197,87.0 408.88197,87.0
409.94098,87.0 409.94098,87.0 409.94098,87.0
;
422.00887,80.0 422.00887,80.0 440.75669,74.989191
405.21033,69.389587 421.3593,80.0 421.3593,80.0
422.00887,80.0 422.00887,80.0 422.00887,80.0
;
