427.0,480.0 427.0,480.0 284.66667,480.0
142.33333,480.0 0.0,480.0 0.0,320.0
0.0,160.0 0.0,0.0 284.66667,0.0
569.33333,0.0 854.0,0.0 854.0,160.0
854.0,320.0 854.0,480.0 711.66667,480.0
569.33333,480.0 427.0,480.0 427.0,480.0
427.0,480.0 427.0,480.0 427.0,480.0
;
191.25,478.77924 191.25,478.77924 206.13947,454.9518
217.08226,427.19239 232.15671,402.75671 217.44944,398.92699
199.85895,402.11529 184.04071,400.9898 163.35398,400.789
142.64205,401.42278 122.0,399.74236 118.09711,393.42805
123.43924,407.6371 135.02284,403.2622 125.95676,403.53546
118.17455,409.27421 113.72997,417.58175 105.19801,426.445
97.888891,436.45279 89.837054,445.76542 78.975202,437.88075
90.566976,445.05793 88.896273,437.56411 90.951401,433.16572
94.953722,431.33687 97.20431,424.85014 105.01023,412.93368
96.921228,431.07589 104.00867,415.39801 107.30861,406.64626
119.14693,407.76376 111.8078,399.72756 117.05327,387.50889
110.79597,372.89421 111.06749,359.70206 113.75435,345.42335
99.685466,348.28801 107.26017,335.65357 102.31234,324.97321
105.61767,324.49048 103.413,311.7361 100.82694,294.05183
101.16735,318.03888 103.21094,324.37559 96.959563,321.54739
98.780577,304.99205 96.052494,311.61946 96.909092,318.85479
88.685039,329.38945 80.544491,330.21995 68.09173,324.89733
78.333636,330.46718 63.150947,331.0 52.52607,324.11927
66.355842,338.33765 76.924671,332.74465 90.470897,328.13257
85.450067,345.60356 91.170806,353.5 102.65891,360.59685
80.213092,368.47058 80.0,377.38395 81.835646,394.89061
82.762648,412.9378 86.950498,430.0 101.60013,419.47863
86.972608,433.16534 82.502583,440.75691 74.635146,438.50962
77.084598,440.69271 76.809912,430.78081 73.90139,420.45544
72.498678,447.91988 76.381967,447.0 81.644557,441.34129
81.469199,450.24342 80.604327,456.50003 73.462993,469.32363
56.036917,459.38834 45.500001,464.00003 52.147567,466.46024
66.553222,464.67069 76.172863,465.00003 82.801537,453.36255
91.910016,454.91192 99.974624,448.016 107.01282,429.17962
91.80555,460.40358 91.0,448.24499 99.88841,439.06539
106.92313,426.13814 116.69002,419.0 119.79268,425.35533
111.65411,424.69316 127.44731,426.93904 141.18283,424.34118
159.87314,423.61926 167.19079,409.98854 155.86278,397.12628
181.27495,405.24525 188.53838,403.0 202.05369,403.0
215.569,403.0 229.08431,403.0 214.91978,427.74217
202.17326,453.56242 190.0,479.16667 190.0,479.16667
191.25,478.77924 191.25,478.77924 191.25,478.77924
;
93.597959,419.73711 93.597959,419.73711 85.57323,434.18779
88.194052,406.26426 85.831425,399.55629 85.324451,388.76937
78.882916,375.86079 90.130559,368.39442 96.003088,359.87247
108.70437,354.21004 94.300799,352.09145 91.02005,342.50143
84.171791,328.05546 95.832355,321.61598 106.28049,328.19107
102.1444,340.35074 104.08374,350.18184 111.3749,351.58212
107.03069,369.3499 109.84332,377.33419 112.05695,388.80707
112.64424,397.16169 106.44279,402.47823 101.00528,407.51446
97.830913,413.8178 93.597959,419.73711 93.597959,419.73711
93.597959,419.73711 93.597959,419.73711 93.597959,419.73711
;
91.237821,404.68324 91.237821,404.68324 118.46431,400.97667
89.266008,400.75684 91.237821,404.68324 91.237821,404.68324
91.237821,404.68324 91.237821,404.68324 91.237821,404.68324
;
131.0,422.35393 131.0,422.35393 122.32392,422.27433
113.75323,419.89441 120.0251,411.98714 128.15325,407.11622
140.5414,406.48585 150.5,404.51833 163.64038,400.52444
164.18424,418.40724 150.69629,417.47132 144.1355,419.07827
137.80123,422.02557 131.0,422.35393 131.0,422.35393
131.0,422.35393 131.0,422.35393 131.0,422.35393
;
671.49237,479.0 671.49237,479.0 670.34708,473.30885
662.44011,461.26919 657.84424,453.5 648.84198,439.6967
638.58053,426.66235 630.19248,412.5 640.6236,412.20343
655.42229,414.4215 663.28323,412.64514 671.35325,412.22141
686.27027,414.05718 696.99828,413.87692 748.9848,415.83977
801.02433,415.98637 853.0,418.27617 845.77784,413.50122
830.14466,416.84155 819.71319,415.16307 771.53692,413.59155
723.35306,412.16717 675.15535,411.55765 675.57044,397.27024
660.33976,402.15783 667.10075,410.02681 653.73465,410.25143
640.36686,409.90939 627.0,409.87864 631.71736,424.70381
644.86972,436.84516 652.80845,450.70422 667.41496,464.01625
652.09409,461.92443 640.75125,461.43843 622.77434,461.27896
618.58045,461.40873 638.95785,462.05406 662.2703,462.55752
641.33038,462.93742 629.50002,463.34277 639.90614,465.16269
653.10034,462.15909 661.96733,466.64497 665.37671,470.01582
666.92017,477.92255 671.49237,479.0 671.49237,479.0
671.49237,479.0 671.49237,479.0 671.49237,479.0
;
26.400085,477.70044 26.400085,477.70044 33.532423,468.90225
15.606416,474.54992 26.400085,477.70044 26.400085,477.70044
26.400085,477.70044 26.400085,477.70044 26.400085,477.70044
;
90.377555,471.0 90.377555,471.0 102.34576,465.49762
82.36472,466.67355 89.959302,471.0 89.959302,471.0
90.377555,471.0 90.377555,471.0 90.377555,471.0
;
89.555479,465.0 89.555479,465.0 94.465631,452.5808
95.946014,470.54438 96.775162,458.34659 95.408845,455.46215
81.143762,462.78783 89.555479,465.0 89.555479,465.0
89.555479,465.0 89.555479,465.0 89.555479,465.0
;
3.9397527,460.77309 3.9397527,460.77309 11.205782,450.09863
-7.5491834,451.3204 3.9397527,460.77309 3.9397527,460.77309
3.9397527,460.77309 3.9397527,460.77309 3.9397527,460.77309
;
48.655263,456.49957 48.655263,456.49957 64.992263,454.27693
52.476913,455.65044 67.28775,453.5 70.996201,438.49563
64.375785,423.53829 65.212259,408.5 66.216579,413.44972
68.863807,441.88529 68.954022,426.16264 68.052409,421.07624
66.059496,392.28751 64.799175,406.54149 63.8828,405.04162
62.240987,385.83984 60.992056,377.77826 60.136659,370.49928
57.026744,344.86936 56.187991,350.41808 63.817,364.40964
36.404025,364.29266 55.913966,364.18605 48.229393,361.48149
60.861834,372.33007 57.858204,376.99997 71.866287,392.04011
37.712182,390.76142 51.375201,390.8636 60.626833,389.49931
60.874304,393.49053 58.617741,400.0 65.874763,406.95157
62.089637,420.11427 65.150729,429.5 63.089275,442.34167
65.545879,437.70651 62.178167,441.58563 56.787901,444.70853
55.829695,438.27357 47.693863,446.90461 42.491756,457.39664
68.478625,449.21577 48.076872,454.94115 42.723099,454.89343
31.931127,452.46117 35.233154,442.0 41.821672,440.99971
34.683595,427.25305 36.403149,417.16987 36.428259,404.45814
25.546478,391.89125 12.226619,394.46601 -1.7962766,391.80851
9.645552,382.81296 12.852077,378.92302 9.8013707,370.97397
-3.477934,371.66215 11.582135,362.92936 18.53426,359.48486
30.429102,361.37178 23.06082,351.5 31.703703,361.74415
31.114204,344.78968 34.584741,341.25141 26.751188,350.61143
26.664444,346.87183 21.189635,354.35128 20.372605,358.56051
4.5111712,358.47458 1.3731918,369.53559 0.76028648,378.66853
1.1309324,388.66979 5.0703675,397.0 10.815146,394.82723
0.94977867,407.98334 7.0556731,415.80961 5.8678973,422.01759
25.396277,439.03866 19.446853,430.44914 12.251982,423.61758
5.9514333,410.63495 9.6324858,402.62656 17.204766,401.36404
1.1835531,398.06192 18.184953,401.16938 25.267613,411.68726
23.35328,425.40323 24.994931,436.4969 28.220194,428.08305
28.858965,410.93592 20.809622,402.09626 7.8609854,390.74315
33.996898,402.12306 32.146226,411.64387 34.692019,423.62317
34.963389,436.39954 30.98415,448.19245 35.648271,456.91188
43.270011,457.77449 48.655263,456.49957 48.655263,456.49957
48.655263,456.49957 48.655263,456.49957 48.655263,456.49957
;
61.038711,451.0 61.038711,451.0 50.267821,444.93009
74.287098,442.71702 61.845048,451.0 61.845048,451.0
61.038711,451.0 61.038711,451.0 61.038711,451.0
;
368.88192,449.86836 368.88192,449.86836 379.6527,444.57782
380.93451,428.62285 382.00604,417.47854 386.85688,408.02951
385.21506,397.32603 388.03175,387.08292 392.29834,374.6157
388.76323,360.18764 397.79754,349.5 398.9736,336.46991
401.29429,321.13681 405.49995,309.93049 409.91407,325.91809
408.54722,346.59006 415.2294,363.5 418.38256,385.26568
420.55505,407.01108 423.57923,428.5 419.91283,426.40285
424.94514,441.29354 430.01797,447.57094 439.19601,453.48994
458.86939,442.35921 448.61913,431.51055 439.86464,423.82046
439.31475,413.6823 443.23601,403.59911 445.6442,381.97041
444.6028,359.96728 442.26622,338.60406 444.26285,329.18795
441.57574,316.95637 449.88374,311.18783 457.77638,297.79067
457.08321,281.63971 452.00751,267.52943 452.2772,254.65846
446.67442,237.42311 462.18641,231.30846 475.92649,220.45969
471.75843,202.6143 469.3777,187.69857 467.69004,174.38333
467.81314,158.74427 460.77534,147.54419 450.76328,140.23176
432.64171,136.77534 436.06661,120.63233 435.31697,101.33265
437.85504,77.733575 421.396,64.005324 407.03249,58.434359
388.49948,65.70273 386.06287,81.547415 382.51661,83.621764
379.92883,98.296967 378.6505,108.37708 379.22579,121.17653
379.36144,137.76102 364.49979,142.25713 347.63699,155.35036
348.3712,178.79974 341.65201,197.3118 338.09159,208.16895
341.03171,217.60169 345.17305,227.51065 350.97671,232.96871
364.85806,238.32151 361.14746,248.29937 360.89448,267.20286
347.95825,287.64353 359.99979,305.11432 360.84332,309.58334
366.72255,316.70677 366.19378,328.98908 366.6351,350.45478
358.84142,371.36026 362.89075,392.95671 363.01234,405.94605
368.10152,422.02992 354.85344,430.3662 344.87607,441.04135
359.10058,449.14763 368.88192,449.86836 368.88192,449.86836
368.88192,449.86836 368.88192,449.86836 368.88192,449.86836
;
368.05,446.99898 368.05,446.99898 365.52512,437.29532
369.81585,446.10383 359.84727,443.48606 347.95869,438.58933
362.6974,426.86069 367.0,419.77998 367.52187,409.07232
386.91472,416.69107 377.81344,427.84131 376.54791,434.11846
374.76325,445.61783 368.05,446.99898 368.05,446.99898
368.05,446.99898 368.05,446.99898 368.05,446.99898
;
433.77305,446.98468 433.77305,446.98468 426.08023,439.44562
425.31482,426.58107 424.71132,415.99998 438.31158,411.52788
439.50238,424.94789 446.38843,433.24628 452.75655,442.67727
441.07508,446.95266 435.50003,440.59644 441.16474,447.06867
437.97542,431.746 433.77305,446.98468 433.77305,446.98468
433.77305,446.98468 433.77305,446.98468 433.77305,446.98468
;
375.0,413.25473 375.0,413.25473 361.18849,416.19452
367.24065,397.5506 365.82678,389.6567 364.26439,372.37893
366.81752,355.48117 369.40728,338.58156 369.81158,324.63401
368.96779,309.68084 359.67937,298.5 360.34664,289.12604
354.38389,274.59657 362.85418,279.27253 360.26972,273.95093
361.11537,266.52711 364.02826,255.5 367.53306,242.54963
363.54096,236.27034 353.06979,229.49413 335.69134,214.53192
348.12434,190.24226 352.16346,171.5 356.84513,158.72488
361.19126,144.02323 376.03534,139.94977 388.70451,126.75076
377.57072,105.99082 386.55311,90.640028 389.06605,76.529729
401.58101,59.305475 417.50012,67.20965 433.81803,76.870041
431.1596,99.686754 431.73752,116.26529 429.44345,128.76938
435.78114,140.16533 448.00012,144.09142 460.51993,147.59607
462.9215,159.86518 463.88067,171.30824 462.76999,189.72269
475.36935,210.45473 461.99918,226.42736 454.39674,233.40771
443.92118,240.13031 448.08889,253.03405 450.25719,267.12991
444.55702,267.54355 450.49511,275.85011 448.99659,281.24004
455.0379,294.19967 449.49301,303.85597 444.3095,312.52002
438.58736,321.34128 439.08085,332.5 436.37795,350.21293
445.35119,367.43 441.05528,385.27152 438.69157,394.05161
443.91026,410.70885 433.54071,413.97573 419.09343,417.41039
425.03265,398.88433 422.23632,390.57727 418.79343,377.26
421.09966,362.86561 415.36041,350.69915 409.82048,332.83836
413.32368,311.71879 405.33874,295.27958 399.68959,300.17042
405.66775,317.0154 393.89426,313.25456 400.77455,318.24116
399.12185,324.84192 396.20818,336.42749 395.28754,350.41743
385.34616,361.50827 387.02469,376.00974 383.10731,387.80883
383.37106,400.41569 380.02992,412.05128 378.38695,412.61993
376.73464,413.06727 375.0,413.25473 375.0,413.25473
375.0,413.25473 375.0,413.25473 375.0,413.25473
;
422.96862,320.0 422.96862,320.0 431.52885,317.8803
427.4472,310.31664 419.81029,311.45782 419.86619,313.41268
418.70841,321.03348 422.96862,320.0 422.96862,320.0
422.96862,320.0 422.96862,320.0 422.96862,320.0
;
411.0,287.3033 411.0,287.3033 422.66415,289.46413
427.25642,276.45255 422.37794,273.86557 421.39838,261.41079
417.27992,246.17902 421.70703,235.22793 432.64461,232.12973
441.21789,218.7944 430.80491,209.91628 437.26347,204.51109
435.80677,191.03411 431.39687,202.58999 426.67613,218.78991
425.73996,195.67598 431.1579,189.33968 432.54596,173.56388
420.11864,191.40702 418.7597,198.42725 407.64191,204.96243
412.55986,219.43541 408.69947,230.04499 413.34989,242.74585
405.2912,257.06096 404.94685,270.44053 405.27646,277.31712
397.41895,291.41912 411.0,287.3033 411.0,287.3033
411.0,287.3033 411.0,287.3033 411.0,287.3033
;
409.25,284.98635 409.25,284.98635 402.259,280.57114
426.26448,282.71346 409.54073,284.98435 409.54073,284.98435
409.25,284.98635 409.25,284.98635 409.25,284.98635
409.25,284.98635 409.25,284.98635 409.25,284.98635
;
409.77955,281.5311 409.77955,281.5311 406.53264,278.9481
409.09464,267.35251 415.5,268.80064 409.40561,263.65677
418.56654,271.88504 416.0,279.54259 417.03802,282.91722
411.05527,279.67451 409.77955,281.5311 409.77955,281.5311
409.77955,281.5311 409.77955,281.5311 409.77955,281.5311
;
410.3429,266.64291 410.3429,266.64291 408.70132,263.94574
412.78981,247.01265 414.18329,238.5 418.32823,238.4291
415.4838,257.08967 416.94144,264.43688 415.63373,265.64787
412.15143,265.59404 410.3429,266.64291 410.3429,266.64291
410.3429,266.64291 410.3429,266.64291 410.3429,266.64291
;
417.20182,233.58814 417.20182,233.58814 380.70203,225.46329
435.32936,232.63742 417.20182,233.58814 417.20182,233.58814
417.20182,233.58814 417.20182,233.58814 417.20182,233.58814
;
424.02296,230.98771 424.02296,230.98771 416.1257,230.62166
420.02545,222.89447 424.60696,225.43214 413.38961,228.13247
410.73,206.98571 420.5,214.00096 433.35933,219.6389
419.32387,205.72078 420.75,208.21981 432.31008,210.03703
435.14958,222.89639 425.92455,229.97042 425.92455,229.97042
424.19708,230.89493 424.19708,230.89493 424.19708,230.89493
424.02296,230.98813 424.02296,230.98813 424.02296,230.98813
424.02296,230.98771 424.02296,230.98771 424.02296,230.98771
;
423.59751,224.0 423.59751,224.0 431.47402,216.74193
409.33123,219.77761 423.34156,224.0 423.34156,224.0
423.59751,224.0 423.59751,224.0 423.59751,224.0
;
415.69727,209.70875 415.69727,209.70875 411.88786,210.18651
430.9296,186.52893 422.62088,204.72035 422.69588,209.27472
415.45503,205.40211 415.69727,209.70875 415.69727,209.70875
415.69727,209.70875 415.69727,209.70875 415.69727,209.70875
;
396.07569,235.96673 396.07569,235.96673 409.65088,236.99521
402.95319,218.11534 408.0,212.15894 390.04377,215.86614
410.31754,202.51324 396.74538,203.91502 382.99216,207.4411
378.33543,225.03174 389.46796,234.21676 391.02961,236.73711
393.65358,235.77831 396.07569,235.96673 396.07569,235.96673
396.07569,235.96673 396.07569,235.96673 396.07569,235.96673
;
395.83155,233.0 395.83155,233.0 385.70424,232.56699
383.26307,211.73223 394.20584,208.42132 392.44034,209.75595
395.17175,215.99122 402.6227,215.085 392.41528,216.77814
388.66847,222.52451 398.65132,220.36578 405.99982,221.87044
387.39163,228.35781 397.88492,227.03265 405.06595,222.78604
402.01528,236.22842 395.83155,233.0 395.83155,233.0
395.83155,233.0 395.83155,233.0 395.83155,233.0
;
395.24312,200.81387 395.24312,200.81387 410.75397,192.82863
378.41526,193.55748 395.24312,200.81387 395.24312,200.81387
395.24312,200.81387 395.24312,200.81387 395.24312,200.81387
;
414.90999,195.0 414.90999,195.0 423.04901,180.40734
422.29643,160.18523 417.04786,143.74864 419.1549,133.3632
417.43895,124.63309 425.69777,116.70282 431.05691,102.87527
429.12295,86.99247 421.40127,74.5 408.91641,70.419845
404.88519,86.252308 396.5,91.963999 397.14075,93.503937
386.01697,105.90151 391.85371,115.13208 394.46115,127.50756
406.47672,127.30259 416.5,125.24574 414.30981,132.21232
411.80229,140.12629 412.51096,150.71831 416.12651,159.24522
396.71905,143.76804 404.26549,137.90727 394.75893,119.44548
401.75798,133.6435 401.98332,144.83339 396.53369,140.60472
395.26471,136.49763 395.83425,150.5 399.40378,164.03825
407.90074,175.52222 409.63205,189.5 418.62642,188.96799
412.64591,192.01461 414.90999,195.0 414.90999,195.0
414.90999,195.0 414.90999,195.0 414.90999,195.0
;
414.72479,184.66157 414.72479,184.66157 414.22383,187.61248
410.48094,173.15041 407.13433,170.28987 398.77117,153.02861
418.53144,184.41023 414.25086,178.58789 406.90455,173.36787
417.88465,182.73013 414.72479,184.66157 414.72479,184.66157
414.72479,184.66157 414.72479,184.66157 414.72479,184.66157
;
415.70277,177.0 415.70277,177.0 412.3406,169.20453
401.74488,158.50994 404.23597,151.0 412.64208,158.63345
416.66026,155.04353 415.78994,165.45874 415.58476,169.07348
416.54985,174.03969 415.70274,177.0 415.70274,177.0
415.70277,177.0 415.70277,177.0 415.70277,177.0
;
410.96544,123.30762 410.96544,123.30762 397.02106,126.66635
389.81278,105.32569 399.30358,97.007063 413.21006,98.155979
394.69377,88.740359 407.85796,89.25 408.30436,78.654293
421.75138,73.307519 422.12633,84.660727 422.85112,96.294213
424.38789,85.74801 416.90041,87.171304 404.60228,91.44699
429.29084,90.020816 412.5,94.884656 422.25204,99.511831
428.5585,97.294849 422.84427,112.29415 421.40338,118.52351
417.96533,123.32548 410.96544,123.30762 410.96544,123.30762
410.96544,123.30762 410.96544,123.30762 410.96544,123.30762
;
408.53138,116.0 408.53138,116.0 426.6768,117.98209
404.04116,100.11066 402.0,113.3593 400.21378,118.23619
406.23809,115.14222 408.53138,116.0 408.53138,116.0
408.53138,116.0 408.53138,116.0 408.53138,116.0
;
449.24083,176.7626 449.24083,176.7626 462.5924,174.99719
459.37946,170.55345 454.75657,173.42698 448.79758,169.61844
440.244,179.69944 449.24083,176.7626 449.24083,176.7626
449.24083,176.7626 449.24083,176.7626 449.24083,176.7626
;
460.5,171.78487 460.5,171.78487 481.22288,165.62904
439.02688,167.44443 460.5,171.78487 460.5,171.78487
460.5,171.78487 460.5,171.78487 460.5,171.78487
;
73.664358,419.24377 73.664358,419.24377 76.967927,417.6006
67.862231,397.93349 70.134775,400.0 67.540862,405.08953
74.455767,418.07478 73.664358,419.24377 73.664358,419.24377
73.664358,419.24377 73.664358,419.24377 73.664358,419.24377
;
545.0,407.65059 545.0,407.65059 567.76224,407.60189
529.49664,406.662 540.4186,407.65059 541.94574,407.65059
543.47287,407.65059 545.0,407.65059 545.0,407.65059
545.0,407.65059 545.0,407.65059 545.0,407.65059
;
329.0,401.62183 329.0,401.62183 354.44524,401.90062
319.40646,402.88644 319.4593,401.62183 322.63953,401.62183
325.81977,401.62183 329.0,401.62183 329.0,401.62183
329.0,401.62183 329.0,401.62183 329.0,401.62183
;
70.616285,395.317 70.616285,395.317 70.885354,390.35678
69.097184,379.06168 67.147391,370.81787 68.208121,356.35084
59.787387,363.30679 64.702262,375.39917 69.170642,381.15985
63.975565,394.43334 70.616285,395.317 70.616285,395.317
70.616285,395.317 70.616285,395.317 70.616285,395.317
;
120.83333,394.0 120.83333,394.0 123.79146,386.57597
118.41501,373.13625 118.79843,363.34477 115.90033,345.1801
118.23459,373.08854 119.42372,378.78266 120.91351,383.4157
118.7276,390.79276 120.83333,394.0 120.83333,394.0
120.83333,394.0 120.83333,394.0 120.83333,394.0
;
24.0,373.92414 24.0,373.92414 31.280584,374.10795
46.251908,375.21087 47.21497,366.88163 35.780615,371.08045
23.513999,370.89647 11.5,371.23199 17.0617,373.26361
7.8266625,374.58503 24.0,373.92414 24.0,373.92414
24.0,373.92414 24.0,373.92414 24.0,373.92414
;
24.0,372.65059 24.0,372.65059 1.2377588,372.60189
39.50336,371.662 28.581396,372.65059 27.054264,372.65059
25.527132,372.65059 24.0,372.65059 24.0,372.65059
24.0,372.65059 24.0,372.65059 24.0,372.65059
;
40.187368,345.24075 40.187368,345.24075 45.050486,340.80843
58.616087,333.28875 56.795046,329.25 52.990332,320.87844
53.576232,306.34159 51.748918,295.5 56.253074,304.77301
57.083494,317.8025 55.865865,328.5 64.48621,320.7678
57.040809,307.60867 56.500785,297.77324 61.740676,292.15456
74.051555,285.52813 81.367962,280.77886 94.190994,281.43503
87.261693,265.29094 91.568249,278.80296 87.486738,282.71542
88.753225,295.69705 91.502119,293.3452 92.782458,279.49389
94.789144,319.12926 95.027058,295.5 97.967303,287.81926
88.87152,275.14979 93.316542,271.31946 103.583706,270.26312
103.931646,278.21111 99.868513,267.0 85.889709,272.57609
109.083446,259.40254 114.452146,259.02961 124.995926,249.95668
129.142136,278.63514 128.929086,266.5 125.881356,257.28454
122.362076,248.66247 122.674736,238.70505 122.401066,233.25895
124.604916,204.6695 121.000026,218.03663 120.841736,228.06316
121.778976,245.51907 119.598926,250.05292 134.608156,257.5807
112.403376,259.41622 121.500026,250.70053 110.920016,253.68482
119.457646,232.94932 117.444846,225.63015 116.540346,214.90059
122.553496,200.07288 113.955606,192.24703 115.388606,186.0361
106.970106,180.41659 117.958006,176.92899 117.264636,178.27451
109.539386,166.2955 110.999996,158.66662 109.336556,169.66861
115.345516,176.88758 108.410666,182.97174 116.702496,196.45262
106.879516,188.13756 97.744252,186.55306 89.732315,183.10658
72.873051,193.07413 74.14471,193.67571 64.912857,186.97637
88.185335,186.20368 94.231103,181.66291 99.683114,178.26115
110.932366,179.60668 105.624426,172.65813 95.521528,175.75911
111.411416,165.64331 98.999996,171.83643 112.990116,178.22253
91.833375,180.21302 96.955718,165.31944 100.469186,148.73764
83.669866,154.82872 73.357264,154.10255 56.487278,148.86031
86.441434,150.93168 92.371603,150.22796 102.602006,154.11439
118.199716,143.20678 101.192186,140.88762 93.295935,156.51866
99.191214,141.15794 91.249996,138.69549 103.003116,138.98443
79.936366,132.66299 88.167688,139.72164 77.249943,146.96286
77.294148,135.65867 76.076836,146.97693 68.348579,145.54442
64.74287,143.80414 63.78318,148.00002 63.69415,152.51636
63.365671,156.13277 57.899116,160.9567 53.515724,159.06461
51.531188,163.81649 50.999996,167.72049 64.257911,166.86581
42.984923,177.46191 39.912809,171.32731 38.638167,157.29041
31.673366,144.15761 34.074701,129.8358 27.032572,142.18056
36.509648,158.51224 37.352197,172.30574 48.844869,177.56845
29.429902,176.54644 49.499996,177.97063 46.351889,180.8201
62.769168,178.89226 49.041386,182.94793 45.697865,182.20315
44.290684,180.2259 31.187955,179.50512 17.683366,181.32269
46.819001,175.7005 23.50913,177.39237 6.643454,183.07094
46.527302,179.33306 32.085046,185.75173 26.812718,190.06052
14.508216,185.73703 8.5412368,180.98338 -1.2735454,184.75181
16.328106,172.27822 15.766452,171.59727 14.12486,175.32664
13.665673,156.85021 5.4741941,156.64484 -3.7282145,154.89231
14.070074,165.57301 10.179724,176.67792 -5.2296765,178.08293
3.1318012,186.47714 13.478933,184.96592 2.7485881,185.56971
-0.86300368,184.27688 7.5139143,192.37106 13.035791,198.28898
23.356412,191.70755 34.71899,194.0 46.676495,194.0
58.634,194.0 70.591505,194.0 72.537597,209.89729
73.464882,225.94444 76.10183,241.74011 66.916697,243.22626
82.157882,251.2227 77.736211,259.94966 77.902302,275.7752
92.594475,265.76696 86.021745,254.27624 84.702895,234.16803
80.624574,213.88091 80.522909,193.92781 88.010249,189.12781
102.077676,195.53575 111.911196,194.89522 118.251526,206.77711
113.186136,223.56546 113.859586,237.37301 109.693486,248.84278
122.081996,259.5896 106.637146,258.67562 97.052248,262.55055
89.092755,265.55453 83.635686,270.87856 75.986989,269.75196
58.372998,266.06872 56.716652,275.57251 53.550815,280.97943
46.327992,288.83353 37.357481,287.25336 27.339005,286.71735
13.709861,292.68632 28.282883,283.95422 26.443043,285.2497
15.906295,282.57705 18.950272,285.77274 30.970692,283.29455
13.559761,291.91833 7.5093092,289.99998 -9.7898887,291.31043
20.145578,292.9835 25.490548,292.94041 42.132446,294.51423
58.899941,291.48819 72.290122,280.95626 65.884935,293.24635
47.69622,295.34201 34.296388,294.0 24.095768,295.89818
6.2360529,290.13726 1.0,297.0 16.925806,297.0
32.851612,297.0 48.777418,297.0 52.623982,307.79608
47.846385,322.18447 55.793568,330.79357 44.880765,337.10575
50.432481,336.40951 40.052616,336.201 47.82564,337.39695
45.404012,341.20418 38.0,343.93723 38.08725,345.88943
37.305319,346.6315 40.187368,345.24075 40.187368,345.24075
40.187368,345.24075 40.187368,345.24075 40.187368,345.24075
;
53.694633,288.62838 53.694633,288.62838 41.213735,287.37083
63.017964,279.51123 62.610479,274.66856 76.533773,280.1941
70.271861,271.07499 67.639396,273.57174 48.498892,274.64942
75.872198,268.65078 81.272265,272.87227 72.03441,271.85145
79.471051,279.88456 73.881579,281.80902 74.536161,273.62889
57.942914,291.61661 53.694633,288.62838 53.694633,288.62838
53.694633,288.62838 53.694633,288.62838 53.694633,288.62838
;
82.032073,278.48375 82.032073,278.48375 64.320102,282.9543
100.94897,265.4237 82.032073,278.48375 82.032073,278.48375
82.032073,278.48375 82.032073,278.48375 82.032073,278.48375
;
83.670308,267.0 83.670308,267.0 78.557454,254.6421
79.624861,238.45323 78.124585,224.5 79.822994,238.44951
82.259924,254.09203 83.670308,267.0 83.670308,267.0
83.670308,267.0 83.670308,267.0 83.670308,267.0
;
48.5,191.9584 48.5,191.9584 28.781113,188.25261
56.775443,189.14049 48.5,191.9584 48.5,191.9584
48.5,191.9584 48.5,191.9584 48.5,191.9584
;
102.80282,191.57893 102.80282,191.57893 83.555806,191.82506
87.631085,187.58045 104.5,189.5 104.04462,190.31922
104.76906,192.48826 102.80282,191.57893 102.80282,191.57893
102.80282,191.57893 102.80282,191.57893 102.80282,191.57893
;
21.381966,191.0 21.381966,191.0 -1.2664535,190.9571
22.31598,187.77599 32.252649,189.46527 37.272539,191.84773
23.244114,190.78718 21.381966,191.0 21.381966,191.0
21.381966,191.0 21.381966,191.0 21.381966,191.0
;
64.944408,185.58073 64.944408,185.58073 49.860874,182.37411
71.526197,186.76326 74.567344,178.17269 72.443978,169.82721
55.793713,171.84316 69.165518,176.87372 75.558643,183.62809
60.108872,171.09971 61.07305,173.54678 71.546578,164.41681
62.332332,155.23182 77.125716,157.0 83.747977,169.81212
66.134095,163.37601 70.542126,166.93422 72.929778,171.23763
72.602777,167.67653 81.297343,165.81338 87.046318,166.71067
75.014661,170.52725 90.5,167.07183 86.116915,172.14497
80.179381,175.43556 79.782955,173.49134 96.514109,175.56988
81.428689,177.61889 73.5,182.5 78.238241,183.71221
100.01588,175.1225 91.183425,180.86772 85.010796,180.04574
78.99367,186.15559 68.5,184.98805 68.5,184.98805
66.567365,185.31021 66.567365,185.31021 66.567365,185.31021
64.944408,185.58075 64.944408,185.58075 64.944408,185.58075
64.944408,185.58073 64.944408,185.58073 64.944408,185.58073
;
59.106989,182.0 59.106989,182.0 52.012762,175.71768
54.521249,177.10317 62.5,177.03424 56.955883,178.34555
61.080662,180.90354 59.106989,182.0 59.106989,182.0
59.106989,182.0 59.106989,182.0 59.106989,182.0
;
61.089485,169.98469 61.089485,169.98469 54.147442,161.21193
63.300533,163.04297 63.90032,162.70297 64.40955,165.00516
62.72121,168.97632 61.089485,169.98469 61.089485,169.98469
61.089485,169.98469 61.089485,169.98469 61.089485,169.98469
;
86.393011,166.0 86.393011,166.0 81.225871,163.71503
99.619138,154.48969 88.06277,160.0 79.154519,156.96051
94.043517,154.07243 91.308614,161.44962 85.887917,160.85797
90.12767,166.64135 86.393011,166.0 86.393011,166.0
86.393011,166.0 86.393011,166.0 86.393011,166.0
;
108.5,296.32043 108.5,296.32043 113.94445,296.10684
130.08258,279.94673 121.81949,283.48615 116.80201,292.55412
103.34026,296.77034 102.0,294.0 112.1954,282.7844
95.777736,298.77913 108.5,296.32043 108.5,296.32043
108.5,296.32043 108.5,296.32043 108.5,296.32043
;
3.8402777,289.0 3.8402777,289.0 16.433187,286.70711
23.927483,278.36235 6.7507852,286.33603 3.9079787,285.88461
-3.463515,289.00393 3.8402777,289.0 3.8402777,289.0
3.8402777,289.0 3.8402777,289.0 3.8402777,289.0
;
25.577555,278.0 25.577555,278.0 27.565465,273.4542
48.395926,266.84053 31.407712,265.48668 22.949493,262.80746
1.0056475,264.75164 20.025502,268.36016 42.01412,268.03721
11.432478,271.92038 28.458759,274.02962 24.965096,277.9772
15.079816,271.21199 25.577555,278.0 25.577555,278.0
25.577555,278.0 25.577555,278.0 25.577555,278.0
;
62.122445,268.0 62.122445,268.0 78.671234,264.77122
47.989164,261.67672 58.5,267.15226 50.491509,261.62105
61.363847,266.3455 62.122445,268.0 62.122445,268.0
62.122445,268.0 62.122445,268.0 62.122445,268.0
;
17.690983,249.99299 17.690983,249.99299 24.643221,246.76305
43.954782,250.13103 41.142202,240.82748 38.847908,223.55529
35.501219,227.47573 38.081766,242.32328 36.229697,244.53429
23.104509,246.86032 16.613284,248.0 14.522128,249.45638
13.74791,250.76701 17.690983,249.99299 17.690983,249.99299
17.690983,249.99299 17.690983,249.99299 17.690983,249.99299
;
4.75,240.37854 4.75,240.37854 21.064939,242.54347
16.258342,227.40139 15.306237,216.65342 14.557845,201.21515
10.549556,192.22709 12.657498,212.91505 10.466629,221.76699
21.24287,241.91203 5.6892301,238.0 0.31250514,235.57318
-1.6552728,242.72604 4.75,240.37854 4.75,240.37854
4.75,240.37854 4.75,240.37854 4.75,240.37854
;
852.83652,180.99045 852.83652,180.99045 848.25641,171.94412
836.12771,164.59603 824.84399,167.0 811.69585,165.12379
795.87478,162.2069 786.0,155.93062 795.23481,138.63419
806.34596,121.84356 817.0,105.83421 824.64536,84.182344
840.47024,66.151603 844.83605,43.125961 854.86794,31.787691
839.32175,22.559392 843.04935,10.610874 845.17492,-8.0102887
837.40733,8.370252 839.98369,18.084308 844.83275,25.617902
848.24849,42.203703 839.69098,44.690983 841.40824,54.695467
835.07261,65.57839 829.55514,74.047328 820.1516,92.195335
812.60582,110.45336 800.25162,126.82178 794.70804,136.95437
786.26726,146.64397 784.0,157.90641 800.06975,166.98268
818.7868,168.462 836.5158,170.00601 842.39117,171.08515
848.82241,182.25098 852.83652,180.99045 852.83652,180.99045
852.83652,180.99045 852.83652,180.99045 852.83652,180.99045
;
46.067388,167.0 46.067388,167.0 49.356777,156.35789
37.346051,149.67148 46.067388,167.0 46.067388,167.0
46.067388,167.0 46.067388,167.0 46.067388,167.0
;
104.54969,167.0 104.54969,167.0 102.87737,165.01069
110.02197,162.65397 108.64423,152.70193 97.87446,145.60265
96.41191,165.83242 101.0801,165.25 101.1543,167.71634
103.09982,166.92699 104.54969,167.0 104.54969,167.0
104.54969,167.0 104.54969,167.0 104.54969,167.0
;
105.0,162.0 105.0,162.0 96.391248,148.23344
111.53498,159.49299 105.0,162.0 105.0,162.0
105.0,162.0 105.0,162.0 105.0,162.0
;
51.892686,152.80378 51.892686,152.80378 61.680015,151.34849
58.362881,144.48777 60.757842,144.57686 54.836409,143.15182
63.19514,140.67638 52.0,140.0 31.301836,138.359
63.128248,138.0774 64.0,139.07135 62.264849,135.44654
35.833983,137.35889 41.494262,138.63617 49.4782,140.92724
41.809804,144.59859 47.137764,153.09257 48.722738,152.99627
50.307712,152.90004 51.892686,152.80378 51.892686,152.80378
51.892686,152.80378 51.892686,152.80378 51.892686,152.80378
;
9.0,150.65059 9.0,150.65059 31.762241,150.60189
-6.5033601,149.662 4.418604,150.65059 5.945736,150.65059
7.472868,150.65059 9.0,150.65059 9.0,150.65059
9.0,150.65059 9.0,150.65059 9.0,150.65059
;
9.25,144.84072 9.25,144.84072 21.530636,143.4689
32.157674,137.42827 13.353431,140.76818 6.7761106,141.82576
-8.928781,148.78905 9.25,144.84072 9.25,144.84072
9.25,144.84072 9.25,144.84072 9.25,144.84072
;
5.4916343,135.66667 5.4916343,135.66667 8.4349694,134.63772
1.0750452,132.17997 18.054389,131.13575 31.182,134.6721
14.878489,124.98555 7.7443746,130.27991 1.9851163,128.5794
-3.4385671,137.73182 5.4916343,135.66667 5.4916343,135.66667
5.4916343,135.66667 5.4916343,135.66667 5.4916343,135.66667
;
36.764106,129.35144 36.764106,129.35144 52.296164,115.67455
27.496215,124.51899 36.764106,129.35144 36.764106,129.35144
36.764106,129.35144 36.764106,129.35144 36.764106,129.35144
;
2.75,127.94519 2.75,127.94519 9.2289382,126.67298
34.025303,122.935 29.0,121.93944 20.266105,118.15496
48.637333,122.52818 41.089098,117.60531 20.250149,115.04963
51.81218,114.80501 34.309966,112.67893 28.614691,108.2537
27.000726,93.238072 23.963645,86.456195 11.726731,76.778326
12.421616,96.050643 8.7148167,94.618967 -8.0270374,86.421709
11.624928,103.15302 15.0,96.040698 13.257669,84.690843
21.269548,85.596674 23.765165,97.876097 10.368394,102.43562
26.688061,98.556824 24.984684,102.25 8.2949028,102.76964
36.0325,107.05288 23.086715,112.1043 3.3587189,114.36798
23.749175,118.1687 26.027218,119.06431 17.526119,119.89652
4.0657016,123.12026 0.93184356,113.83984 -0.72734269,126.43236
8.0785748,122.29705 19.696574,122.42231 32.055346,121.7149
6.5064616,125.81184 1.0,126.0 1.2422276,127.00035
0.12160947,129.40692 2.75,127.94519 2.75,127.94519
2.75,127.94519 2.75,127.94519 2.75,127.94519
;
2.4215658,112.20298 2.4215658,112.20298 11.468909,112.78499
16.311046,104.98935 9.0767474,98.49093 2.1090139,94.43823
-1.2275882,107.65384 2.4215658,112.20298 2.4215658,112.20298
2.4215658,112.20298 2.4215658,112.20298 2.4215658,112.20298
;
17.116359,83.449239 17.116359,83.449239 29.646993,75.730609
17.208204,83.005911 13.0,78.950498 22.347138,76.307554
24.47695,69.773271 21.862335,59.191325 20.690837,48.986831
22.605595,33.511809 7.5255586,36.971326 0.26878104,28.86054
-0.14388239,25.728691 2.25,39.015313 9.6384213,46.436596
3.9065475,38.710876 15.798613,40.0 19.610442,56.602197
9.3454102,41.814989 1.4794116,44.26514 5.1988253,46.686198
0.12549127,49.941025 1.0,58.6 5.4434851,65.249849
19.867986,51.343727 15.371049,60.58889 -3.343022,63.782739
19.743967,63.318227 16.863653,65.797699 23.659114,78.400623
6.8265943,75.221354 3.1425824,73.807841 -4.9507403,84.678767
11.71295,80.293455 17.116359,83.449239 17.116359,83.449239
17.116359,83.449239 17.116359,83.449239 17.116359,83.449239
;
14.34362,74.960154 14.34362,74.960154 20.840599,69.214813
15.822867,64.326447 9.5,66.696001 -0.41147498,59.510937
-2.7924627,76.808003 9.571439,72.960154 11.198645,73.453411
12.567623,75.038186 14.34362,74.960154 14.34362,74.960154
14.34362,74.960154 14.34362,74.960154 14.34362,74.960154
;
