427.0,480.0 427.0,480.0 284.66667,480.0
142.33333,480.0 0.0,480.0 0.0,320.0
0.0,160.0 0.0,0.0 284.66667,0.0
569.33333,0.0 854.0,0.0 854.0,160.0
854.0,320.0 854.0,480.0 711.66667,480.0
569.33333,480.0 427.0,480.0 427.0,480.0
427.0,480.0 427.0,480.0 427.0,480.0
;
195.19454,479.0 195.19454,479.0 205.04096,464.78939
210.4915,444.57709 219.60254,428.52753 223.07692,419.98899
238.86374,401.10801 219.35798,405.29513 185.97968,405.48779
152.60138,405.68045 119.22308,405.87311 118.57381,393.33839
117.3747,387.6736 116.2694,375.84142 113.52305,351.1205
112.13234,326.2718 109.78786,301.5 120.46945,293.56237
136.086,281.80575 127.35953,267.0 123.05208,257.13694
120.06173,247.89689 121.9178,236.83234 122.67725,225.64833
123.21243,214.11139 118.74362,204.53946 110.82051,197.21063
122.40342,184.35276 111.00002,191.0 107.59474,180.48482
128.56946,184.64037 117.02255,178.94169 107.44115,176.5412
117.43495,161.31086 110.94838,154.50008 109.61682,174.68699
113.03466,146.60225 105.97035,145.00008 102.92918,147.25025
89.416291,158.63968 98.006239,148.98855 104.57511,136.04367
78.438774,140.072 91.135082,143.87047 81.087775,138.10563
108.30305,147.77169 90.714546,144.83394 81.62684,150.00181
69.440111,135.54495 75.0,151.9659 72.311759,149.005
64.497822,151.977 64.092709,141.07802 57.157938,142.8466
35.869657,138.4136 45.265762,148.75129 47.201948,161.35298
47.688396,162.2658 52.9135,157.37671 62.85507,153.91274
61.634821,159.80871 52.0,162.12781 55.150627,169.66267
44.903395,180.8452 46.751127,163.5 38.881788,147.72407
52.598997,182.21164 39.998714,177.93869 34.819186,170.25814
35.31452,155.06378 32.312573,144.5 32.202015,126.0619
39.864431,141.39346 39.205156,151.4525 43.294212,166.70833
39.842445,138.9179 38.943069,134.41773 40.552413,125.27897
46.989212,120.68356 40.689408,117.20739 26.674557,121.2875
30.404743,105.15683 28.185137,96.153239 23.961968,92.94617
27.764238,101.197 21.918152,90.0 0.73576589,88.451216
25.290502,91.504812 22.366177,82.806202 22.329656,73.406024
21.955784,62.128647 20.255598,51.784784 24.622424,34.783499
0.46067837,48.749867 1.8422665,34.5953 -0.51340866,32.28604
3.553302,53.805884 1.3236304,59.392161 0.84412352,73.956986
5.256171,63.834581 15.446946,62.0 22.478453,66.268707
1.6844023,64.292296 1.1401065,72.438964 -4.5630933,88.670322
12.095156,81.531225 11.52004,94.404266 9.6932188,109.07019
-3.4533465,79.212972 1.0213781,98.132013 13.624031,104.92337
-3.1019991,99.393729 3.0,107.11803 -0.34692143,117.22047
2.975401,114.29891 5.1804522,121.35797 16.469761,130.48636
-2.3721082,114.17035 1.1678245,122.9156 -2.5732553,132.44335
31.410911,123.7678 15.721529,128.26499 2.8641793,129.07662
-4.6920349,135.0743 13.141479,130.69682 18.959749,129.28679
41.727859,123.86436 31.947969,131.56976 31.887189,129.92854
28.583049,145.04426 31.075401,152.0582 31.814659,161.41857
35.571643,172.2432 34.788732,180.63057 23.623088,178.90343
13.941885,186.71736 30.5,186.06357 42.141836,192.15173
16.170653,194.6218 16.433441,186.85716 -2.224433,186.10596
13.80267,182.18088 13.03041,178.25 16.682215,181.68682
6.7240251,164.01573 11.615874,161.68284 -1.413298,161.54014
3.9121581,159.31792 7.5844484,171.65344 16.232812,182.61099
-5.2531829,181.50784 2.959302,188.0 24.29564,189.12795
6.4790172,187.65943 1.0,193.0 14.882347,189.98215
8.5666424,209.27864 10.621606,217.91607 9.432553,228.46833
18.503162,247.20506 0.83333333,242.0 11.041236,250.6908
16.723005,239.04194 13.5,227.99518 15.852708,218.98715
6.9378249,200.45498 15.674057,198.01962 25.045054,198.20065
42.028423,197.48038 41.793571,201.60251 47.178662,194.54548
62.738207,200.57742 71.998092,198.50513 76.926239,203.44503
73.919757,218.05745 76.175309,226.45141 76.31265,235.43237
81.783552,248.82722 71.499993,248.49997 80.73119,250.02133
78.810524,262.60028 80.941918,271.89146 78.743168,277.5974
54.760769,268.05411 58.5,283.5 48.477058,286.0601
47.401437,294.18914 34.583664,291.47827 16.486231,296.23881
35.482584,288.93947 21.715524,289.37398 34.49312,279.23014
9.8968731,291.16146 3.6829788,291.77484 -5.4634232,290.39114
9.2187407,301.81606 20.59302,297.0 38.264407,296.934
57.668778,299.72444 71.999352,286.904 79.147457,285.64114
60.081349,298.7577 53.541317,297.78181 36.027106,298.15576
18.51655,298.79705 1.0,299.0 2.758993,322.97108
-3.6557783,299.92144 12.29591,302.3916 25.154662,302.24932
38.013414,302.10702 50.872166,301.96473 52.674034,313.56216
52.798286,325.38902 55.135878,336.89513 43.372638,334.79283
33.782331,341.43441 51.353252,338.29627 50.559135,338.98044
46.211761,343.74209 41.020741,342.32183 33.637244,339.29339
42.531811,342.44044 28.945703,347.88237 21.708866,350.17371
29.075769,359.41811 19.571429,355.57143 19.362349,366.85616
10.191766,359.2537 1.5533437,371.86633 0.2861241,376.52389
17.879982,365.15058 24.302432,362.47207 30.423879,359.05258
30.66239,340.66222 37.151177,346.31784 29.728981,355.0878
37.422767,353.64541 44.789063,347.04118 55.12015,331.77163
56.531512,348.26153 56.591888,359.18861 64.857039,370.19656
33.004134,369.65936 48.536323,369.5033 61.614451,366.70467
55.742578,371.11822 59.088924,382.12104 52.766772,381.85539
66.122007,391.43456 56.75,395.13554 49.232491,395.56314
19.226524,397.20479 40.295349,396.61055 50.842219,397.18984
64.206573,392.26143 61.0,405.83333 60.370466,407.24611
63.77843,424.08268 64.368067,432.77184 63.052818,446.57554
64.535287,445.98775 62.081396,447.77778 54.66994,444.3268
38.989521,454.24399 48.023655,460.0 62.238501,457.5338
45.063506,463.73736 39.0,461.13478 29.438969,459.93648
31.569594,443.46082 41.5,444.04655 27.771437,446.77406
38.339668,424.81262 33.450212,416.73466 29.953581,404.75562
21.16121,398.06997 8.5924572,400.4666 -6.0530052,395.36619
8.9720768,389.37168 10.44468,384.87009 11.065069,374.67031
30.308349,382.28048 38.499996,379.32145 54.590034,372.57771
37.997915,373.71603 29.630155,376.00615 21.735129,375.83758
5.6196988,380.24142 14.012258,370.67893 -3.0386397,381.72119
39.145568,377.06367 17.623772,379.11461 1.3889956,375.05563
-0.8349586,385.04597 0.9780996,399.08443 13.250747,406.3497
-0.41196509,400.80392 3.2940446,416.74331 6.8259472,425.68712
15.598181,434.37052 23.864469,439.77912 26.18419,427.32826
25.15281,412.68583 14.792816,404.0 33.026215,404.0814
33.021756,428.41778 31.634839,441.70403 28.040463,450.69834
28.929471,461.18153 38.118034,465.0 39.784008,461.03353
43.932416,466.94494 52.892294,461.62595 63.848498,462.73173
69.471538,457.78779 68.259471,447.5 72.406381,461.75311
66.716075,464.25969 69.959302,467.0 82.071957,459.03672
72.286006,466.63497 71.0644,459.5 68.594775,418.64317
61.695748,377.78106 58.466401,337.27782 61.176932,336.88663
77.21972,338.96928 85.816426,337.51968 85.718366,345.60111
92.945371,357.46279 93.833187,363.73952 86.081814,372.51896
76.239638,381.03988 80.569218,393.87159 82.162743,407.97431
82.837148,422.19655 85.129714,436.20836 97.276978,432.96547
74.590578,454.90277 76.19883,444.14411 77.619996,430.33375
69.663596,430.89297 72.730507,446.9998 71.595002,455.91771
78.11336,454.01844 82.0,458.803 76.986983,475.26036
58.000525,468.8219 45.09938,470.0 37.379815,465.95194
53.218328,478.03478 60.754892,472.35623 72.028004,475.26379
79.533515,467.33204 85.749997,461.6074 93.697704,462.08355
99.563113,451.21004 103.86712,442.8052 115.04232,428.56409
96.64499,445.88618 96.999997,451.73028 83.71911,465.49528
94.916029,444.49344 101.33499,439.51328 102.20356,430.46354
121.46791,424.32831 113.5,427.94844 102.34473,440.60413
118.56973,427.42879 127.28282,432.95484 139.99773,430.05334
155.47169,428.5401 163.95553,417.5 171.52563,407.82103
156.45566,413.12353 165.7443,408.45324 186.16777,408.00494
206.63656,408.07672 227.07734,407.82712 215.26819,431.21468
204.43359,455.06699 193.78595,479.00002 193.78595,479.00002
195.19447,479.00002 195.19447,479.00002 195.19447,479.00002
195.19454,479.0 195.19454,479.0 195.19454,479.0
;
61.826604,457.17906 61.826604,457.17906 44.141139,455.57568
74.555881,444.32611 61.826604,457.17906 61.826604,457.17906
61.826604,457.17906 61.826604,457.17906 61.826604,457.17906
;
88.828191,451.45 88.828191,451.45 89.689616,443.69451
95.953526,442.73697 85.023446,449.35678 92.226311,438.94126
86.750426,443.43361 96.196469,432.37947 104.36042,423.24535
103.75297,415.37522 107.29011,415.99862 108.19067,405.98352
108.04675,417.67813 115.24258,414.61456 120.23695,414.44647
106.24695,428.93125 102.906,433.78376 98.195807,439.65759
93.616285,445.64108 88.828191,451.45 88.828191,451.45
88.828191,451.45 88.828191,451.45 88.828191,451.45
;
21.029269,437.0 21.029269,437.0 21.177816,433.23028
7.5599363,424.44985 5.5913278,415.54056 3.1508493,405.48013
20.999273,406.3268 5.0306377,407.52104 12.632757,400.02964
21.994829,413.45215 21.508205,422.38783 20.810872,426.53612
23.973262,435.09333 21.029269,437.0 21.029269,437.0
21.029269,437.0 21.029269,437.0 21.029269,437.0
;
92.948153,424.10652 92.948153,424.10652 84.327357,443.10634
86.926008,416.79976 84.965036,408.90588 84.533493,396.43134
77.948208,381.3275 89.984433,372.40358 97.819491,362.01184
104.92824,362.61941 93.449928,354.57019 89.214677,345.15579
85.735466,332.36024 96.167645,325.61598 109.58164,335.89898
102.25536,355.31859 106.18905,369.9002 107.41865,380.6085
107.9519,391.45093 110.23315,402.0 109.72089,410.74606
78.498327,409.29266 91.513198,410.43296 110.59279,405.97899
96.718641,415.61449 92.948153,424.10652 92.948153,424.10652
92.948153,424.10652 92.948153,424.10652 92.948153,424.10652
;
102.80425,370.60425 102.80425,370.60425 101.2756,348.7494
101.08063,387.06355 102.80325,370.62995 102.80325,370.62995
102.80425,370.60425 102.80425,370.60425 102.80425,370.60425
102.80425,370.60425 102.80425,370.60425 102.80425,370.60425
;
125.62634,427.88537 125.62634,427.88537 113.47731,426.12049
125.08904,419.72772 114.0,423.89624 117.72177,411.33814
133.28201,414.55007 143.45129,410.80367 152.76941,405.16131
166.38855,417.57008 152.5,421.78389 143.55083,423.66069
134.90643,428.83992 125.62634,427.88537 125.62634,427.88537
125.62634,427.88537 125.62634,427.88537 125.62634,427.88537
;
114.10699,414.0 114.10699,414.0 109.82063,405.15733
112.65108,391.59867 110.29364,380.98021 108.49287,353.80095
104.47744,326.7704 103.00038,299.6 108.93299,314.0428
105.35427,317.42547 106.89586,301.0 110.81002,320.06597
110.24964,343.18621 113.43008,363.11375 114.71369,377.86733
116.28722,393.36614 116.50038,408.5 131.49915,407.38343
130.57186,411.35412 116.33315,412.29751 113.35974,409.73358
116.49335,415.09468 114.10699,414.0 114.10699,414.0
114.10699,414.0 114.10699,414.0 114.10699,414.0
;
64.0,336.0 64.0,336.0 57.407297,332.08459
62.596378,325.61642 60.168046,314.15216 58.375348,300.47477
61.095939,294.99771 63.75,310.07933 63.23036,306.6332
62.801738,290.93751 66.083163,310.41889 71.855425,304.13385
63.828556,317.99917 68.543168,324.1732 69.458949,333.60728
67.068199,330.59672 64.0,336.0 64.0,336.0
64.0,336.0 64.0,336.0 64.0,336.0
;
78.508046,335.8279 78.508046,335.8279 63.693356,340.60044
74.000725,322.40302 67.581205,314.97898 75.00362,303.41465
73.972807,285.78521 89.143802,281.0 88.172831,290.11629
91.183237,296.83574 91.662542,308.58182 93.860773,322.6583
91.395009,321.35721 90.830062,325.60503 93.556708,326.05971
83.793083,340.86224 78.508046,335.8279 78.508046,335.8279
78.508046,335.8279 78.508046,335.8279 78.508046,335.8279
;
57.628995,329.0 57.628995,329.0 54.828378,322.41958
54.14358,300.69059 57.279873,318.5 57.214553,321.76168
58.404592,326.42718 57.628995,329.0 57.628995,329.0
57.628995,329.0 57.628995,329.0 57.628995,329.0
;
100.48595,324.84738 100.48595,324.84738 96.543875,318.35103
99.695477,308.53927 96.243809,302.32684 93.796096,283.29326
101.71372,301.78865 99.961606,311.95426 99.854182,316.10381
101.44798,321.03181 100.48595,324.84738 100.48595,324.84738
100.48595,324.84738 100.48595,324.84738 100.48595,324.84738
;
93.788841,315.0 93.788841,315.0 90.6567,312.35962
96.096604,296.39712 95.80064,317.5 95.017125,316.22697
94.224785,308.73605 93.788841,315.0 93.788841,315.0
93.788841,315.0 93.788841,315.0 93.788841,315.0
;
71.597118,303.5 71.597118,303.5 66.307302,320.72028
67.876008,286.35702 72.339692,294.87621 66.145534,313.90134
78.45345,283.94313 71.793136,302.9886 71.793136,302.9886
71.597113,303.50003 71.597113,303.50003 71.597113,303.50003
71.597118,303.5 71.597118,303.5 71.597118,303.5
;
103.96862,297.0 103.96862,297.0 96.198884,292.60177
108.61057,267.3296 95.897857,273.23124 99.840296,269.6605
114.01514,259.40606 120.99995,265.1805 112.65206,282.81172
126.73792,258.65932 125.99995,276.67902 128.06904,283.67586
107.40571,302.95175 109.67244,292.11695 114.71727,283.75139
120.45879,266.48656 111.08467,284.42208 106.75068,291.28919
107.53528,297.35819 103.96862,297.0 103.96862,297.0
103.96862,297.0 103.96862,297.0 103.96862,297.0
;
12.75,293.95611 12.75,293.95611 -3.1237819,298.35671
30.523582,278.84389 19.0,293.6593 18.0173,294.53593
14.385665,293.6523 12.75,293.95611 12.75,293.95611
12.75,293.95611 12.75,293.95611 12.75,293.95611
;
54.315619,293.0 54.315619,293.0 49.635545,288.23653
63.579909,279.93042 69.359644,280.8096 83.433499,281.43241
57.251737,294.04565 54.315619,293.0 54.315619,293.0
54.315619,293.0 54.315619,293.0 54.315619,293.0
;
95.968615,289.0 95.968615,289.0 88.618704,277.26824
99.627362,271.95897 97.0,289.0 97.0,289.0
95.968615,289.0 95.968615,289.0 95.968615,289.0
;
83.056936,282.84784 83.056936,282.84784 67.64556,287.8483
100.90815,269.73302 83.056936,282.84784 83.056936,282.84784
83.056936,282.84784 83.056936,282.84784 83.056936,282.84784
;
78.190983,277.90032 78.190983,277.90032 58.258016,276.34846
91.199012,274.65853 78.190983,277.90032 78.190983,277.90032
78.190983,277.90032 78.190983,277.90032 78.190983,277.90032
;
84.848637,269.40221 84.848637,269.40221 80.219666,269.05487
81.836948,246.53512 84.125501,265.61856 84.257789,266.8941
86.216035,267.92911 84.848637,269.40221 84.848637,269.40221
84.848637,269.40221 84.848637,269.40221 84.848637,269.40221
;
88.512359,270.0 88.512359,270.0 85.157649,246.64252
84.327747,221.58477 82.033729,197.56627 91.114303,194.73565
102.83565,199.5632 113.01829,199.16115 119.73807,207.06462
113.42723,220.12763 115.06585,230.04301 113.84474,239.19029
112.50265,251.21174 113.20317,255.67998 116.80424,264.33784
97.521124,264.43752 90.539914,269.40205 90.539914,269.40205
88.880806,270.00052 88.880806,270.00052 88.880806,270.00052
88.512359,270.00052 88.512359,270.00052 88.512359,270.00052
88.512359,270.0 88.512359,270.0 88.512359,270.0
;
108.81186,250.71087 108.81186,250.71087 114.64133,243.29019
112.54638,227.51982 113.63842,216.66776 113.50727,213.37683
108.92837,216.83659 108.95912,228.95408 109.54165,235.45935
104.30144,247.16608 108.81186,250.71087 108.81186,250.71087
108.81186,250.71087 108.81186,250.71087 108.81186,250.71087
;
117.59497,253.002 117.59497,253.002 115.5373,241.21273
118.4387,224.66116 118.27572,211.05237 122.58676,222.49424
118.28472,238.0738 118.78182,251.08421 118.78182,251.08421
118.68994,253.0 118.68994,253.0 118.68994,253.0
117.59497,253.002 117.59497,253.002 117.59497,253.002
;
76.691683,195.73776 76.691683,195.73776 67.835267,195.36465
88.050389,189.14359 95.5,186.70462 96.04351,180.25852
113.61032,185.16396 106.92351,176.94258 103.79235,171.42142
102.41636,183.13923 100.65348,168.61834 100.23488,157.5038
91.725489,157.01179 80.298666,158.07893 60.333364,158.51022
71.994263,152.15394 85.208647,155.02935 90.059003,157.00203
113.54356,148.90706 106.09075,156.76639 96.854303,152.95142
99.77777,177.92717 108.5,170.12677 99.286888,165.24163
115.6248,168.37854 112.61368,179.67613 112.23555,185.68133
101.75091,188.45033 103.0,189.0 98.868227,192.76329
81.107785,190.34966 76.691683,195.73776 76.691683,195.73776
76.691683,195.73776 76.691683,195.73776 76.691683,195.73776
;
102.69098,195.82736 102.69098,195.82736 84.928602,195.69871
90.617269,191.6602 104.96191,194.25257 104.24476,194.86284
104.22353,196.96426 102.69098,195.82736 102.69098,195.82736
102.69098,195.82736 102.69098,195.82736 102.69098,195.82736
;
67.869554,190.0 67.869554,190.0 66.130258,187.87353
87.049813,179.96662 68.914928,176.31493 59.041082,177.03967
83.139795,183.02501 70.0,185.38226 71.467207,173.58868
50.551163,183.3355 66.76367,173.3665 66.76077,163.97793
78.582034,160.6401 79.015025,169.78026 68.864188,167.39273
65.793338,175.5366 75.167598,174.73872 77.89239,181.1596
70.492416,168.58985 79.773141,171.45032 78.010322,175.02254
96.927891,168.45045 95.0,173.1063 77.119457,173.41498
97.245778,175.77042 94.399075,178.6771 87.691402,180.42204
74.613393,169.42391 79.624575,177.51624 93.810331,180.22084
90.096526,179.42947 77.701362,185.4379 74.520704,190.98201
95.901547,181.09278 83.572475,187.85238 77.691694,189.98034
72.317233,186.07919 67.869554,190.0 67.869554,190.0
67.869554,190.0 67.869554,190.0 67.869554,190.0
;
41.890087,188.0 41.890087,188.0 37.156022,178.43247
40.331239,177.6097 44.168157,180.06147 38.818722,179.66744
44.896401,187.7253 41.890087,188.0 41.890087,188.0
41.890087,188.0 41.890087,188.0 41.890087,188.0
;
51.44471,187.0 51.44471,187.0 41.267973,182.91824
43.232974,183.62612 50.513773,181.81181 63.619015,179.80353
44.993586,184.55423 55.762768,184.91834 54.318328,185.53378
52.952411,186.6627 51.44471,187.0 51.44471,187.0
51.44471,187.0 51.44471,187.0 51.44471,187.0
;
106.14506,165.78498 106.14506,165.78498 99.629638,163.01745
110.56044,152.78101 106.14506,165.78498 106.14506,165.78498
106.14506,165.78498 106.14506,165.78498 106.14506,165.78498
;
59.348296,163.53835 59.348296,163.53835 59.607747,168.84345
60.560837,145.4778 62.584068,152.95833 62.300621,159.04955
65.158594,163.38773 59.348296,163.53835 59.348296,163.53835
59.348296,163.53835 59.348296,163.53835 59.348296,163.53835
;
25.100777,126.885 25.100777,126.885 15.247712,125.91055
48.659329,122.62965 35.759368,125.7781 34.291756,123.21715
28.225257,128.75813 25.100777,126.885 25.100777,126.885
25.100777,126.885 25.100777,126.885 25.100777,126.885
;
13.605308,124.72803 13.605308,124.72803 11.354077,121.04704
4.7654086,116.85402 11.0,116.0 10.98394,102.85191
15.522298,123.01554 13.605308,124.72803 13.605308,124.72803
13.605308,124.72803 13.605308,124.72803 13.605308,124.72803
;
37.309017,120.98469 37.309017,120.98469 17.737939,118.47712
50.564034,118.27623 37.309017,120.98469 37.309017,120.98469
37.309017,120.98469 37.309017,120.98469 37.309017,120.98469
;
15.881964,118.15675 15.881964,118.15675 11.182212,114.72103
16.706114,101.51087 15.109497,93.0 30.019924,89.961972
16.570834,106.74886 22.121529,107.65013 17.078993,112.04341
27.064306,114.62349 22.881966,106.0 33.163321,110.96453
18.928506,123.43183 17.152947,112.28124 14.206079,99.846676
18.188267,116.30369 15.881964,118.15675 15.881964,118.15675
15.881964,118.15675 15.881964,118.15675 15.881964,118.15675
;
16.649189,85.816422 16.649189,85.816422 8.9611396,83.511963
27.307895,72.805836 17.352904,85.73237 17.352904,85.73237
16.649189,85.816422 16.649189,85.816422 16.649189,85.816422
;
17.526426,54.901952 17.526426,54.901952 7.7292626,45.998045
10.255296,53.930526 2.6606042,43.5 9.2133498,48.70198
13.918292,44.799455 14.129732,46.419821 12.23511,40.673202
19.53377,50.350996 17.526426,54.901952 17.526426,54.901952
17.526426,54.901952 17.526426,54.901952 17.526426,54.901952
;
670.66008,479.0 670.66008,479.0 671.24254,473.08123
658.94977,462.4791 657.06156,454.56445 650.81264,446.48456
641.14033,435.22936 638.14033,428.0 631.62169,421.50916
615.90188,405.5426 635.92022,410.50342 703.22184,410.93971
770.53464,411.31521 837.81599,413.10674 842.87608,404.56356
855.32409,423.76266 852.10576,412.99999 845.51795,402.72884
836.85818,411.73432 828.35584,409.99707 774.90423,409.30953
721.45504,408.37634 668.0,408.0 665.31498,400.66511
672.0427,403.85712 664.00007,399.50007 656.00418,400.16664
660.4729,412.69356 643.26265,407.45409 634.42556,407.73906
611.30169,404.1339 625.86734,417.45415 635.99375,430.62415
645.20774,444.10469 655.0704,456.99998 649.57522,457.26313
619.0963,457.14057 632.37179,457.6935 652.48932,458.19507
645.90902,458.79709 629.67394,459.43542 626.10078,460.86275
650.52138,457.89815 656.38544,461.38544 662.1199,466.10989
664.63065,475.66747 670.66008,479.0 670.66008,479.0
670.66008,479.0 670.66008,479.0 670.66008,479.0
;
89.336156,478.0 89.336156,478.0 102.18514,471.94834
92.607829,474.37687 95.711861,468.19841 93.377091,452.81733
79.756696,477.59001 89.336156,478.0 89.336156,478.0
89.336156,478.0 89.336156,478.0 89.336156,478.0
;
89.922448,475.0 89.922448,475.0 85.862916,469.06381
100.24426,459.27405 89.922448,475.0 89.922448,475.0
89.922448,475.0 89.922448,475.0 89.922448,475.0
;
6.2056988,468.0 6.2056988,468.0 12.984041,460.73779
-6.1404162,453.40159 3.174314,465.68555 4.4100939,465.93621
4.5962,468.6132 6.2056988,468.0 6.2056988,468.0
6.2056988,468.0 6.2056988,468.0 6.2056988,468.0
;
617.0,459.65059 617.0,459.65059 639.76224,459.60189
601.49664,458.662 612.4186,459.65059 613.94574,459.65059
615.47287,459.65059 617.0,459.65059 617.0,459.65059
617.0,459.65059 617.0,459.65059 617.0,459.65059
;
617.0,457.6395 617.0,457.6395 641.44334,457.6279
601.35804,456.62654 611.4186,457.6395 613.27907,457.6395
615.13953,457.6395 617.0,457.6395 617.0,457.6395
617.0,457.6395 617.0,457.6395 617.0,457.6395
;
368.08758,451.0 368.08758,451.0 381.46426,451.10886
379.73616,431.99003 382.54254,422.5 386.60114,407.59162
387.76426,391.9117 391.4835,376.67713 390.03292,363.8133
401.02984,355.23696 400.42148,342.5776 402.7919,330.93434
404.96949,319.25584 406.70711,307.5 412.84358,327.40799
406.03419,349.79799 416.11087,368.5 411.96636,349.03284
418.3361,363.32289 416.86808,375.1115 419.2203,393.28104
423.06347,410.99347 423.82175,429.09697 417.39437,423.3005
428.12089,445.89732 431.8899,449.31849 442.21172,452.24762
459.72364,441.1599 448.44999,430.79936 437.56858,422.4514
442.86652,410.82615 444.31512,399.88091 444.68568,379.77478
444.82057,359.51374 442.26818,339.7795 441.54702,326.98326
447.34667,317.23909 452.92781,307.45035 459.9983,289.11006
449.51531,271.22102 450.20995,252.56829 446.59708,240.57501
453.62764,233.90566 464.06429,229.43969 470.8516,221.60228
477.87904,211.5567 471.35167,200.84122 470.63545,190.06858
467.15963,179.92539 467.15516,168.95972 466.04088,158.70201
463.42717,149.71312 452.79356,146.22668 442.0893,143.50716
438.3074,135.47035 441.56188,124.75625 444.58752,107.30303
447.71727,85.070325 430.68656,73.513421 417.57369,65.872861
395.51548,73.699167 392.0,88.859982 392.98049,100.16584
383.23819,107.47528 385.28316,117.75 386.99765,130.8025
378.31562,142.80546 366.60109,147.50467 348.26803,161.15492
351.07751,186.12891 343.20388,205.5203 339.94576,216.61141
346.02554,226.6016 353.07439,234.27436 368.22184,232.53466
363.81044,243.27226 362.93281,254.36135 359.16835,270.54658
354.86292,286.61992 358.83673,303.29563 360.45117,320.59404
361.51585,320.66693 361.84614,307.40489 371.68823,326.49286
367.14442,351.86645 362.62079,373.13975 362.54839,389.49421
365.72865,406.56637 363.74896,422.5 359.38896,429.68632
345.1072,441.02246 358.17963,447.25 361.40486,449.9234
363.64998,451.97044 368.08758,451.0 368.08758,451.0
368.08758,451.0 368.08758,451.0 368.08758,451.0
;
370.16667,449.0 370.16667,449.0 370.23317,438.04843
365.48464,447.41224 367.04578,443.71711 360.32179,447.7687
360.69408,443.24865 356.25605,440.25102 357.77486,435.98875
362.31808,429.91412 367.16188,421.42883 378.97718,409.51002
382.59647,426.70361 376.96512,437.62654 375.50151,444.02578
371.64295,446.75282 370.16667,449.0 370.16667,449.0
370.16667,449.0 370.16667,449.0 370.16667,449.0
;
434.73521,446.76678 434.73521,446.76678 427.64173,442.07189
427.72471,428.54809 426.09256,419.56956 431.71387,409.6539
441.49244,421.09779 444.73672,429.80481 455.48544,439.92287
443.83179,443.92044 443.15512,441.84575 431.47531,435.46155
438.65258,438.42251 434.73521,446.76678 434.73521,446.76678
434.73521,446.76678 434.73521,446.76678 434.73521,446.76678
;
374.3803,416.0 374.3803,416.0 361.98182,416.64905
367.25827,399.42423 366.2206,391.5817 363.91809,373.88482
369.01836,356.8843 370.79128,339.58461 370.99117,325.73409
369.19012,311.25419 360.86751,299.88393 356.98788,277.30697
369.0869,255.19723 366.88197,233.0 353.57493,236.73852
348.62599,223.66212 345.0,214.79581 347.64395,193.58759
355.55543,173.14844 364.64484,154.03923 372.14699,145.63867
385.90007,145.07555 387.12507,131.5 392.73601,121.6228
386.51407,110.176 393.31882,100.42316 397.87379,86.669996
407.33812,69.912185 424.5,74.0074 436.03946,78.522736
440.41652,90.939245 438.8206,102.49992 437.82713,94.836441
436.42638,77.224654 424.95081,84.062082 413.5407,93.376872
395.86698,101.63249 399.50006,119.49992 403.6492,125.43959
412.51308,134.86547 409.12232,140.57548 403.52802,124.01217
404.33304,132.14571 405.02104,145.0 405.63287,156.20006
399.98675,135.98827 403.01863,156.28764 403.29014,162.89071
411.92377,179.83546 407.44145,178.24055 407.38815,176.70983
396.75161,184.8435 393.54741,193.33358 388.005,198.62223
392.56172,217.63639 399.99924,213.5 404.2452,210.69681
425.73021,201.74109 416.20598,212.5 415.97202,238.63207
408.41257,263.90621 406.99924,289.85335 418.69575,289.67279
431.77506,281.97553 426.54817,300.715 424.1677,309.75536
428.36595,332.21774 433.99919,313.9999 425.3087,308.39779
431.66499,298.50737 428.35822,310.54457 430.47561,300.45534
427.24787,288.05787 430.80458,279.33214 428.40303,274.30536
426.66168,260.92853 426.58745,251.56329 423.66998,240.76239
427.73192,232.99898 426.0524,221.51932 424.72848,209.49442
443.83066,216.55606 444.99919,203.30376 446.02937,191.68066
435.56811,185.24859 425.95144,182.35235 426.72237,165.57999
422.42691,149.24989 426.12662,133.11798 431.93355,126.00198
436.99776,116.52765 438.98118,106.4999 440.12978,118.31478
433.81899,131.47292 439.43461,142.18201 446.25254,148.23443
455.63458,151.1056 461.42827,156.42291 465.79766,168.82122
463.75752,182.03955 467.99919,194.21066 466.91045,203.58158
475.55711,213.37717 466.36192,221.11409 462.41185,232.29361
442.51201,231.03292 447.7421,245.55288 448.33143,259.7625
448.18532,276.22011 452.49652,287.98053 452.91306,298.74352
451.41347,303.98139 447.14775,312.95237 437.45139,323.12418
439.20758,340.22438 440.55725,353.38294 444.62362,372.37997
441.63726,391.85744 439.87955,410.97602 431.48883,420.02008
420.16518,410.70827 423.60252,399.40709 422.14895,385.48779
419.56869,370.70779 417.90529,357.4423 410.81613,341.89999
414.35325,322.39488 408.83465,305.55619 406.94028,288.68322
403.66106,307.75418 402.81048,314.88521 390.39356,315.89474
407.4423,324.69844 399.26836,333.40251 397.21586,344.2282
396.58716,354.82333 390.11796,363.83522 389.04402,379.78405
383.90029,395.27019 382.63914,411.0 381.83734,414.79705
378.06567,416.88377 374.3803,416.0 374.3803,416.0
374.3803,416.0 374.3803,416.0 374.3803,416.0
;
362.47695,285.0 362.47695,285.0 375.87066,276.86353
356.04018,276.94895 362.47695,285.0 362.47695,285.0
362.47695,285.0 362.47695,285.0 362.47695,285.0
;
447.63546,182.11007 447.63546,182.11007 454.5588,178.61767
468.69898,176.41536 460.27396,170.0 455.63641,174.40725
463.13502,177.28374 449.96777,177.01335 445.39477,175.72737
443.89436,188.16564 447.63546,182.11007 447.63546,182.11007
447.63546,182.11007 447.63546,182.11007 447.63546,182.11007
;
415.23123,286.56371 415.23123,286.56371 397.63908,287.32201
433.90087,279.85453 416.57788,286.38507 416.57788,286.38507
415.23123,286.56371 415.23123,286.56371 415.23123,286.56371
;
415.71412,282.80116 415.71412,282.80116 408.51614,283.32718
410.66115,270.7477 417.9768,271.39672 424.18003,264.30746
415.62201,276.38363 419.61659,275.20514 425.02259,272.45358
421.68159,285.68751 415.71412,282.80116 415.71412,282.80116
415.71412,282.80116 415.71412,282.80116 415.71412,282.80116
;
415.60176,268.59933 415.60176,268.59933 410.30414,261.35337
418.3464,246.98626 416.84517,236.98144 420.30177,222.33934
423.22153,250.34689 423.27607,256.36264 424.03151,265.14826
426.30649,267.8769 415.60176,268.59933 415.60176,268.59933
415.60176,268.59933 415.60176,268.59933 415.60176,268.59933
;
420.44494,227.69792 420.44494,227.69792 409.50249,223.98271
429.79932,213.54901 420.44494,227.69792 420.44494,227.69792
420.44494,227.69792 420.44494,227.69792 420.44494,227.69792
;
435.22132,210.34743 435.22132,210.34743 424.39054,212.07377
422.82047,204.71423 425.84549,202.40443 429.38809,199.08357
420.05558,194.98846 433.22363,196.17629 421.64519,192.23283
426.53942,185.52993 434.01923,189.00973 443.11561,192.9564
445.59748,206.00188 435.22132,210.34743 435.22132,210.34743
435.22132,210.34743 435.22132,210.34743 435.22132,210.34743
;
400.41904,209.0 400.41904,209.0 389.55806,207.34465
395.347,194.04238 399.5838,188.07675 408.24265,180.93805
410.0569,182.12747 405.10914,186.7268 421.98537,181.28751
411.69431,185.67549 407.20635,190.08688 424.55101,188.51058
409.33101,191.87278 409.80313,197.12762 423.31565,192.65332
407.42351,206.13347 413.44354,200.26501 421.89936,200.60667
401.37206,210.9723 400.41904,209.0 400.41904,209.0
400.41904,209.0 400.41904,209.0 400.41904,209.0
;
420.66389,180.0 420.66389,180.0 416.90672,176.53317
405.46022,157.48082 411.18657,157.66885 411.69297,167.65251
421.24406,153.16657 422.0,164.4593 415.72333,168.68735
424.78414,175.61821 420.66389,180.0 420.66389,180.0
420.66389,180.0 420.66389,180.0 420.66389,180.0
;
416.96526,157.72445 416.96526,157.72445 406.48519,154.15684
414.44327,138.8389 412.69752,140.08395 410.5493,128.92175
405.24355,124.43332 419.75,130.46965 430.38645,132.64682
414.49405,147.18917 418.54398,155.50526 417.67955,155.94029
419.62398,158.906 416.96526,157.72445 416.96526,157.72445
416.96526,157.72445 416.96526,157.72445 416.96526,157.72445
;
418.19586,137.30521 418.19586,137.30521 414.87262,124.7876
413.51202,136.80742 417.98782,137.73585 417.98782,137.73585
418.1959,137.30521 418.1959,137.30521 418.1959,137.30521
418.19586,137.30521 418.19586,137.30521 418.19586,137.30521
;
408.50717,149.0 408.50717,149.0 402.0799,140.15328
411.0829,138.58841 408.50717,149.0 408.50717,149.0
408.50717,149.0 408.50717,149.0 408.50717,149.0
;
420.11906,127.0 420.11906,127.0 408.31182,128.18207
398.12847,114.05195 407.40248,104.21904 409.14018,98.836917
426.27939,106.37188 418.61154,97.58122 419.12189,98.547237
422.60781,90.844915 431.59822,87.0 442.00424,99.109617
416.34848,94.154313 428.92335,99.231465 428.3979,98.064485
418.84536,104.25256 431.82874,107.0 437.97862,108.36709
432.78222,117.15133 427.85271,124.47048 425.64033,127.44576
423.52253,127.26693 420.11906,127.0 420.11906,127.0
420.11906,127.0 420.11906,127.0 420.11906,127.0
;
419.39602,123.99503 419.39602,123.99503 407.15283,112.16974
430.47117,129.554 427.54498,115.42446 426.98082,96.855822
428.3439,122.30634 419.22883,114.33333 408.00442,113.75585
416.70893,102.72425 421.42857,110.57143 429.32947,114.10757
417.20744,99.985516 412.37601,107.96969 408.38603,116.67554
411.15718,119.90846 419.39602,123.99503 419.39602,123.99503
419.39602,123.99503 419.39602,123.99503 419.39602,123.99503
;
77.428252,432.89313 77.428252,432.89313 82.650714,419.79085
70.847418,423.02062 77.428252,432.89313 77.428252,432.89313
77.428252,432.89313 77.428252,432.89313 77.428252,432.89313
;
72.206384,425.76616 72.206384,425.76616 77.26224,422.23217
70.664881,400.47779 70.831616,405.5 72.137194,395.76937
70.185512,386.9981 67.637583,377.38516 66.132475,372.58134
71.527488,359.48095 66.279522,365.0 64.035146,354.65914
62.638438,347.0225 63.747756,364.45705 65.096949,384.2677
68.427887,404.76984 71.511843,423.80884 72.229365,423.93753
69.343751,427.94915 72.206384,425.76616 72.206384,425.76616
72.206384,425.76616 72.206384,425.76616 72.206384,425.76616
;
852.75,422.94235 852.75,422.94235 849.80368,414.27351
831.92786,410.94849 848.70667,420.22091 850.11047,420.98904
851.27711,422.35586 852.75,422.94235 852.75,422.94235
852.75,422.94235 852.75,422.94235 852.75,422.94235
;
511.83324,414.00027 511.83324,414.00027 518.75069,415.49692
503.63441,397.2448 511.42439,415.22684 511.42439,415.22684
511.83324,414.00027 511.83324,414.00027 511.83324,414.00027
;
33.097379,408.77499 33.097379,408.77499 40.108097,403.05015
19.972269,390.50407 27.213979,402.0 38.256237,399.00025
28.525951,408.45958 33.097379,408.77499 33.097379,408.77499
33.097379,408.77499 33.097379,408.77499 33.097379,408.77499
;
565.5,407.62812 565.5,407.62812 585.1716,408.15047
556.37427,406.21835 549.58149,406.27292 532.21792,406.25522
527.36238,406.47764 547.41455,407.17815 553.44022,407.52728
559.46438,407.6778 565.5,407.62812 565.5,407.62812
565.5,407.62812 565.5,407.62812 565.5,407.62812
;
465.5,405.64504 465.5,405.64504 489.03265,405.59794
450.03315,404.63882 460.4186,405.64304 462.11206,405.64353
463.80802,405.64604 465.5,405.64504 465.5,405.64504
465.5,405.64504 465.5,405.64504 465.5,405.64504
;
2.8009368,335.5 2.8009368,335.5 9.4056994,321.09288
-1.325695,331.87251 2.8009368,335.5 2.8009368,335.5
2.8009368,335.5 2.8009368,335.5 2.8009368,335.5
;
3.25,288.98494 3.25,288.98494 17.092763,286.38503
13.800703,284.41272 1.5965009,286.92305 16.006137,283.86264
-8.6048255,282.66112 3.25,288.98494 3.25,288.98494
3.25,288.98494 3.25,288.98494 3.25,288.98494
;
17.850641,283.63517 17.850641,283.63517 26.050265,274.60232
7.9189503,271.76816 16.742306,280.71085 21.923697,280.00834
9.5621265,287.75701 17.850641,283.63517 17.850641,283.63517
17.850641,283.63517 17.850641,283.63517 17.850641,283.63517
;
25.831787,282.46765 25.831787,282.46765 28.800685,281.05006
46.579972,271.81853 35.5,270.1069 28.32842,269.12301
9.3164607,267.48743 9.8822171,269.65712 15.866589,275.20021
30.033735,272.92718 20.298562,277.65371 19.29143,280.43825
23.513835,283.56506 25.831787,282.46765 25.831787,282.46765
25.831787,282.46765 25.831787,282.46765 25.831787,282.46765
;
2.5318034,279.55887 2.5318034,279.55887 8.7081669,281.37798
4.1610458,268.16576 1.7958824,277.82841 1.0658651,279.02272
0.14127893,284.38958 2.5318034,279.55887 2.5318034,279.55887
2.5318034,279.55887 2.5318034,279.55887 2.5318034,279.55887
;
57.0,272.0 57.0,272.0 79.814803,272.94084
49.319146,263.80722 57.0,272.0 57.0,272.0
57.0,272.0 57.0,272.0 57.0,272.0
;
13.000996,254.82648 13.000996,254.82648 20.699248,253.65071
38.818565,255.14656 37.897248,245.79108 38.242489,240.07703
31.442244,213.83057 33.907436,230.5 30.890725,238.30017
42.570716,252.54727 29.221921,249.48138 20.411964,251.02139
12.595374,254.47749 3.5,253.16122 6.4831023,254.88073
9.6950496,254.65779 13.000996,254.82648 13.000996,254.82648
13.000996,254.82648 13.000996,254.82648 13.000996,254.82648
;
29.5,224.56667 29.5,224.56667 37.388488,215.24214
30.116074,205.60883 29.008466,222.13244 26.883302,226.03358
23.964551,230.21472 29.5,224.56667 29.5,224.56667
29.5,224.56667 29.5,224.56667 29.5,224.56667
;
127.29597,192.0 127.29597,192.0 128.43404,177.40567
121.19684,180.10545 127.29597,192.0 127.29597,192.0
127.29597,192.0 127.29597,192.0 127.29597,192.0
;
852.84772,183.95684 852.84772,183.95684 846.83205,178.10337
837.7049,163.89787 826.96709,166.67529 814.68421,166.61659
802.2803,163.62593 791.00201,158.56903 790.56897,156.03743
785.55255,155.26535 794.32915,143.82874 802.99115,128.16253
814.96152,114.71489 820.43537,97.642016 826.7206,81.872193
839.01464,69.512614 841.65285,52.302237 850.31356,41.196807
837.25954,31.722506 840.36173,20.214462 837.73842,11.054798
844.47379,-1.8841296 837.79113,1.0377081 837.16343,7.8854329
837.00139,22.089813 838.53437,31.715339 846.9962,43.199818
835.7736,55.154921 834.66372,67.5 823.2107,82.206752
817.19094,101.27004 808.15116,117.29516 799.99726,130.3518
789.1394,144.3679 784.74068,158.09217 799.35395,166.1218
816.27138,169.82211 832.98501,168.99961 838.99654,172.81305
848.06062,184.06028 852.84772,183.95684 852.84772,183.95684
852.84772,183.95684 852.84772,183.95684 852.84772,183.95684
;
3.7417782,175.1192 3.7417782,175.1192 2.2535607,153.82501
-0.44458158,193.69303 2.6740067,168.5 3.0274701,172.01316
3.3483892,187.58423 3.7417782,175.1192 3.7417782,175.1192
3.7417782,175.1192 3.7417782,175.1192 3.7417782,175.1192
;
32.766555,175.2003 32.766555,175.2003 33.509524,165.31871
28.140126,147.61837 30.741325,168.06652 30.846307,168.98283
31.887205,178.97683 32.766555,175.2003 32.766555,175.2003
32.766555,175.2003 32.766555,175.2003 32.766555,175.2003
;
9.25,155.98469 9.25,155.98469 32.769052,155.94999
-9.4348773,151.62433 4.9185973,155.99269 6.3623754,155.98969
7.8062402,155.98769 9.25,155.98469 9.25,155.98469
9.25,155.98469 9.25,155.98469 9.25,155.98469
;
23.805958,156.0 23.805958,156.0 21.066243,150.29903
30.775015,134.46656 25.214218,139.89136 19.194528,145.55739
19.209623,143.39121 22.998021,136.29074 20.015568,129.96463
8.6174267,134.90091 1.0,136.0381 -1.2718512,140.96666
9.1842589,140.29666 6.6567962,143.98497 4.4165966,152.39118
0.36475322,140.56348 1.0,150.95 8.909248,151.7723
26.100062,138.64179 22.0,154.25193 21.93019,154.89528
23.129416,156.13917 23.805958,156.0 23.805958,156.0
23.805958,156.0 23.805958,156.0 23.805958,156.0
;
16.259325,144.49552 16.259325,144.49552 14.833239,133.7965
10.603388,144.09397 9.5419027,139.08919 -0.00719008,135.81578
28.143101,134.33267 18.5,138.5 17.735806,140.36802
20.424258,145.91353 16.259325,144.49552 16.259325,144.49552
16.259325,144.49552 16.259325,144.49552 16.259325,144.49552
;
