427.0,480.0 427.0,480.0 284.66667,480.0
142.33333,480.0 0.0,480.0 0.0,320.0
0.0,160.0 0.0,0.0 284.66667,0.0
569.33333,0.0 854.0,0.0 854.0,160.0
854.0,320.0 854.0,480.0 711.66667,480.0
569.33333,480.0 427.0,480.0 427.0,480.0
427.0,480.0 427.0,480.0 427.0,480.0
;
62.123851,477.83385 62.123851,477.83385 72.140308,483.95179
52.004774,459.81139 58.655692,472.28624 66.026525,478.59168
49.119263,469.41174 58.852554,476.59113 61.198613,473.10285
60.427071,482.55634 62.123851,477.83385 62.123851,477.83385
62.123851,477.83385 62.123851,477.83385 62.123851,477.83385
;
187.46484,478.85328 187.46484,478.85328 198.95231,464.67346
207.03965,445.44094 216.31946,428.83034 223.99773,411.33865
236.1769,395.418 243.0,378.0 206.83335,377.83014
170.66673,377.65348 134.5,377.49999 135.96297,369.22778
132.34807,361.83327 131.20167,349.69297 126.91692,324.18973
124.75646,298.39814 120.70801,272.85308 130.14554,264.87921
140.52054,252.90319 132.7482,240.16108 135.95869,229.69662
126.28311,219.41558 130.0,207.45792 130.93519,196.23421
130.68704,185.52107 123.0,178.01752 115.19165,166.88328
128.83842,166.36988 122.31243,162.92679 123.61479,165.23226
106.52819,160.23757 121.0,157.05 125.1972,152.98138
132.03142,158.10871 118.83268,151.1371 116.7869,142.34551
120.37449,129.39914 112.57781,121.98255 107.89902,105.09069
97.183523,136.41368 100.42296,120.21519 101.459,107.2621
88.389819,113.56064 85.704854,118.32566 77.854542,118.95612
77.736396,118.91124 76.141212,114.41272 76.279621,118.76121
74.65811,130.24466 67.147531,116.79228 63.020513,108.70945
42.90722,123.61844 44.0,108.9105 45.793293,102.01986
50.046458,89.092752 38.335053,89.678259 30.279026,86.404272
35.74266,69.208051 28.023833,64.0 26.347722,63.244017
34.747244,90.654231 28.875244,74.739232 27.511142,59.41237
13.263542,62.917532 12.838533,60.896506 27.516353,63.8189
23.55955,58.361199 24.872879,46.5 22.122773,35.923738
23.136302,23.425261 18.30959,13.90959 6.4174374,20.667791
0.39570506,-0.14219801 1.2144586,6.9197874 1.7233574,17.139111
4.0357649,17.354019 1.0,25.0 5.988986,18.380241
-1.6426105,33.173423 4.0378429,38.688988 2.5121114,44.279759
-0.73042143,53.312612 1.0,55.0 6.142322,55.617353
16.913314,66.56807 11.142345,71.812256 2.1986836,74.33341
0.39212415,53.743986 1.0272468,68.625413 12.377664,80.373303
-2.0961049,71.194486 3.8854357,81.028293 -0.24331308,83.825098
2.7971907,100.28106 3.25,98.921053 -9.5581585,103.33078
21.909249,99.647854 23.571595,100.61918 17.902798,101.06788
-6.8862696,106.21807 5.5,105.99869 16.87538,104.88497
29.608057,99.360778 40.182612,100.84928 34.254353,108.39787
37.838833,104.09091 35.672686,117.98863 35.662286,130.07767
40.683791,141.60993 42.690186,153.5 37.594818,154.72519
14.994801,156.98129 25.219082,160.01129 42.834222,164.25622
26.10991,167.9832 17.0,166.0 15.613115,155.90845
4.9356276,160.87751 20.404969,155.25486 10.10114,153.49704
20.491972,145.09404 23.132845,154.0 18.663899,147.65384
15.922052,138.87473 8.595686,135.0 -10.194899,136.75945
16.684656,133.59763 12.481585,145.5 20.380589,159.46516
0.55551133,153.37044 1.0,162.63318 13.767234,162.83732
19.75933,164.34968 3.1190389,165.01859 1.7405148,164.98269
9.978746,171.5707 14.933213,173.0 18.835054,185.69455
17.831038,202.71209 20.275363,217.0 12.142792,214.74664
-8.5671396,219.29219 8.9376704,220.83505 -0.46642893,215.21469
28.862869,225.92841 22.145563,211.58346 20.681948,198.72305
19.681497,185.80568 17.772912,173.0 26.89119,175.67006
46.383583,167.38539 48.256425,177.7064 47.791618,169.14854
65.935221,174.46493 74.0,173.0 73.133181,185.80488
70.847871,198.52887 71.146053,211.5 73.114558,206.39942
74.0416,179.62262 76.271608,190.18371 79.732451,209.81903
79.016088,229.84948 85.802783,248.5 78.230812,251.00391
60.66884,243.88711 61.000007,254.10484 59.186905,259.73851
50.442409,266.33706 43.000007,266.65641 31.094732,268.17051
19.691249,270.50613 36.425383,262.18199 40.227712,254.00664
37.80314,259.46068 28.759229,262.55799 23.129717,266.24256
22.602262,259.74528 8.3552187,266.58282 6.2932018,263.24157
13.537678,266.14076 23.126219,257.91215 34.473507,262.61355
29.605795,249.42182 37.862237,250.807 50.634319,245.74502
27.210136,241.79168 22.0,244.21398 33.337831,237.19848
15.123013,244.63205 11.029035,244.25578 8.6050844,246.27358
36.891201,249.47456 25.0,249.76671 23.359069,260.56735
15.39857,242.76806 18.638705,255.17986 31.544433,251.84766
18.609235,260.71202 11.148685,261.96842 -3.2504609,264.7217
16.441514,259.51838 4.0,259.5 3.7529778,252.16223
13.812984,257.15177 7.0,248.01863 6.8954298,231.73134
3.7181947,259.32145 1.0,263.91881 -1.4403338,270.03328
12.131892,270.93072 20.5,264.42179 25.599872,275.7076
-11.974303,266.97879 6.8772997,273.08726 29.359154,271.09564
54.67121,278.1507 73.523596,262.24385 80.976238,260.56472
60.096481,275.27614 52.541124,273.75029 35.33842,273.76312
18.204052,275.2928 1.0,275.0 11.895921,275.52909
6.4768148,290.61207 6.1753005,300.83303 5.9845184,308.47479
4.0497652,333.6723 6.8507954,313.88401 7.4975588,301.58855
8.7344398,289.34757 10.292959,277.13629 24.695306,277.07389
39.097653,277.01149 53.5,276.94909 55.132709,288.37962
56.850073,303.05344 59.08619,312.29247 55.3046,310.15591
53.826889,313.3744 46.995636,316.66239 42.479726,314.80508
42.507456,313.83299 41.401811,316.70319 54.83966,324.7258
30.890132,318.6349 36.188339,330.76561 28.886108,322.3045
27.083304,347.10544 25.932616,330.4584 25.391746,336.88091
12.710657,342.23687 8.0719908,349.50004 9.8181809,358.08039
6.8658773,375.77779 17.267573,377.12011 7.6785988,379.76978
17.610633,394.64486 16.805294,402.4415 18.12892,410.0358
37.084001,425.56413 25.112468,410.77122 17.337164,403.75799
18.194531,392.4347 16.0,383.0 30.644269,375.81918
21.651007,388.57486 27.473113,385.71834 36.268534,394.91401
31.955305,410.41593 32.241648,422.39032 38.783113,409.9087
37.360814,391.18504 27.756662,380.40533 15.527067,372.86966
40.40753,380.42123 39.914441,388.50032 44.421962,401.51062
43.535511,415.31893 39.835151,428.40662 43.361337,433.26383
53.736002,443.45319 57.895553,435.73788 67.471351,435.51022
60.949071,433.44489 76.499993,434.76717 57.41728,434.52271
81.918168,431.38355 78.092502,428.38451 79.775857,425.23019
81.190154,442.5725 78.063382,436.28138 83.268121,444.43627
89.724471,431.32051 81.303392,434.41451 75.910122,393.83225
68.891307,353.49097 61.711984,313.19294 65.284718,309.53021
82.636228,313.22014 92.488525,311.06066 92.387434,321.1551
103.050969,333.15961 101.131129,339.82106 92.743366,347.84686
83.872711,356.43215 89.473874,368.89031 92.511153,381.84705
91.753088,398.09537 97.252935,409.0 109.427669,397.00301
94.200303,420.83028 88.497248,419.40995 86.435628,419.72564
88.12845,410.75094 83.698618,405.0 81.886847,411.46126
85.644162,426.24375 83.749998,425.06567 77.715242,433.55711
98.002395,424.16124 90.616325,434.70883 82.81384,448.84435
63.587542,437.41294 53.0,443.99938 62.864098,445.08612
77.880144,446.84132 87.753575,441.74771 94.985349,432.69972
100.15594,432.74377 98.999998,433.06277 109.25538,434.31548
111.73079,420.48235 117.42113,414.30096 123.90724,406.88071
126.63927,402.25049 137.41729,404.17623 152.36159,404.36342
169.31845,399.99086 179.09305,387.95958 184.39682,381.04702
167.49823,382.66359 183.63334,380.94325 202.06353,381.26121
223.14142,378.82083 240.0,380.72273 220.82968,413.08809
205.24143,446.77187 185.6889,479.20651 185.6889,479.20651
187.46484,478.85323 187.46484,478.85323 187.46484,478.85323
187.46484,478.85328 187.46484,478.85328 187.46484,478.85328
;
51.29969,433.41655 51.29969,433.41655 45.135911,435.03645
39.115407,420.11787 49.408175,420.94314 60.876957,417.11002
63.093508,424.113 56.141049,424.07549 50.480155,420.30829
62.591533,433.93003 51.29969,433.41655 51.29969,433.41655
51.29969,433.41655 51.29969,433.41655 51.29969,433.41655
;
57.851151,434.45972 57.851151,434.45972 47.880838,432.10686
77.839192,429.68692 59.5,433.7831 59.5,433.7831
57.851151,434.45972 57.851151,434.45972 57.851151,434.45972
;
71.421002,429.78832 71.421002,429.78832 58.765768,425.28408
82.96209,420.68813 71.427202,429.78739 71.427202,429.78739
71.421002,429.78832 71.421002,429.78832 71.421002,429.78832
;
101.83651,430.0 101.83651,430.0 99.981649,422.20405
114.9176,412.60056 119.55931,404.17415 132.50284,392.18824
130.68987,401.5534 118.91187,409.78269 112.35983,415.76517
109.77045,426.34211 101.83651,430.0 101.83651,430.0
101.83651,430.0 101.83651,430.0 101.83651,430.0
;
99.166593,423.884 99.166593,423.884 88.218895,423.2468
114.5643,404.2138 105.69098,405.30902 109.45214,403.00255
122.31502,390.35301 119.84541,386.59549 121.78028,379.60856
121.98233,391.5451 129.99992,385.6 129.42502,394.44608
118.23487,399.54108 113.79658,407.35188 108.79711,412.56509
104.15164,419.40573 99.166593,423.884 99.166593,423.884
99.166593,423.884 99.166593,423.884 99.166593,423.884
;
100.2816,420.83871 100.2816,420.83871 111.77571,408.2693
108.20354,407.74552 99.054997,420.44555 96.588698,423.82404
98.434651,424.17916 100.2816,420.83871 100.2816,420.83871
100.2816,420.83871 100.2816,420.83871 100.2816,420.83871
;
66.781385,420.87591 66.781385,420.87591 58.925606,415.94867
43.503272,420.81031 45.845012,409.36374 46.897538,396.27557
41.976408,379.83132 30.338993,375.32767 42.709506,376.46676
22.128874,373.83121 16.740107,374.13425 6.0090741,365.50697
21.837959,362.15528 22.076561,353.85006 34.978558,353.77556
48.285283,357.34807 56.80242,346.0 68.822486,344.66686
63.06325,357.37519 62.712492,358.93227 56.981043,359.4561
26.070023,361.3186 44.332712,360.5668 53.434566,359.71697
72.916683,357.47379 65.291006,369.03472 58.845032,368.66519
27.791267,370.74686 45.332832,370.93846 70.80566,370.67571
37.558448,372.80689 50.377714,372.76596 60.894632,370.54317
72.161254,374.21926 66.583333,379.92977 71.937635,384.63164
55.403279,379.71374 69.631399,385.47826 71.204061,395.93881
73.12154,406.39948 73.971219,416.96915 69.583433,416.68108
69.157887,419.96589 66.781385,420.87591 66.781385,420.87591
66.781385,420.87591 66.781385,420.87591 66.781385,420.87591
;
44.10765,384.0 44.10765,384.0 47.374965,382.379
40.59944,374.0558 35.865397,368.5 34.131943,376.30175
43.025504,376.48555 44.10765,384.0 44.10765,384.0
44.10765,384.0 44.10765,384.0 44.10765,384.0
;
101.04963,401.26536 101.04963,401.26536 93.51257,407.44861
96.426824,382.8906 93.400287,376.6284 91.29745,365.50522
87.682383,352.81176 99.25,345.68822 102.93688,337.92251
120.77903,329.96854 107.6,334.0 97.84155,332.82572
97.109,317.9176 96.0,309.7878 97.89838,293.92306
112.23468,304.38836 111.1672,315.24077 107.96851,331.73271
115.21401,326.7976 116.99876,335.4526 118.60742,348.68523
119.47402,362.03731 122.75578,375.0 115.83796,378.46228
109.36522,390.14024 104.0,397.55704 104.10626,399.14559
101.66126,399.91434 101.04963,401.26536 101.04963,401.26536
101.04963,401.26536 101.04963,401.26536 101.04963,401.26536
;
107.0,382.32125 107.0,382.32125 128.90835,380.20139
98.988676,378.95235 101.45356,382.74689 103.30237,382.60501
105.15119,382.46313 107.0,382.32125 107.0,382.32125
107.0,382.32125 107.0,382.32125 107.0,382.32125
;
142.0,400.34915 142.0,400.34915 125.86291,405.69537
140.19052,385.47092 130.48249,397.12238 122.64268,390.25807
140.83075,385.29987 147.58767,384.84381 155.73164,383.97026
170.42746,377.09618 173.0,388.3711 165.85296,396.74122
152.20033,397.56172 142.0,400.34915 142.0,400.34915
142.0,400.34915 142.0,400.34915 142.0,400.34915
;
127.9298,385.56353 127.9298,385.56353 123.10341,384.42598
124.96479,365.84854 122.76472,358.05309 120.80583,342.82862
119.8684,327.32602 115.72109,312.5 109.75324,326.21371
118.04371,299.31391 113.85339,293.78904 112.62824,287.65036
109.89153,264.85519 113.92109,282.25 114.95429,288.66534
118.61898,316.95657 117.33582,298.04682 116.61111,292.36201
112.61328,266.88094 119.43227,277.8704 123.82148,312.01816
129.4603,346.09695 131.89394,380.43664 136.17011,382.39653
152.62672,378.9145 137.11915,383.58778 133.74246,386.4864
130.23961,382.41211 127.92983,385.56353 127.92983,385.56353
127.9298,385.56353 127.9298,385.56353 127.9298,385.56353
;
24.152326,353.03096 24.152326,353.03096 10.813981,355.32284
7.0037663,348.44732 20.814965,341.27756 26.917521,342.28066
45.168153,333.59742 37.690025,327.0 44.574477,321.16767
48.429628,330.2866 56.212634,317.44824 65.534978,311.55626
55.395847,317.17184 60.842166,329.11541 69.977997,346.67432
50.702056,340.22324 51.438858,344.74759 67.140517,341.59291
61.020996,344.9694 48.616774,347.88476 41.809677,349.36833
20.349497,354.35129 21.335568,347.94346 22.479068,340.52737
14.572404,357.20013 30.5,352.56189 28.384109,352.71824
26.268217,352.87459 24.152326,353.03094 24.152326,353.03094
24.152326,353.03096 24.152326,353.03096 24.152326,353.03096
;
70.372445,309.98899 70.372445,309.98899 61.119969,305.54339
65.46827,289.08385 61.95699,279.80938 57.34139,269.65164
77.623962,271.40257 73.871464,269.74999 76.048606,265.24453
75.582627,283.58145 77.0,288.62596 83.496532,291.68646
79.103854,305.45082 82.859429,298.49999 80.903668,311.60261
83.194131,303.13869 74.405715,309.66313 73.088347,310.09133
71.725062,309.97715 70.372445,309.98899 70.372445,309.98899
70.372445,309.98899 70.372445,309.98899 70.372445,309.98899
;
89.006936,309.0 89.006936,309.0 80.509021,308.11114
84.224941,290.70556 80.157762,282.5 78.035628,271.31764
83.692259,254.63224 94.087003,257.14866 91.413145,267.04509
97.733987,272.68273 97.465069,285.63124 99.897277,294.10739
98.836165,308.46727 89.006944,309.0 89.006944,309.0
89.006936,309.0 89.006936,309.0 89.006936,309.0
;
60.807564,307.0 60.807564,307.0 59.273758,297.45096
56.063012,285.46461 56.748685,275.91798 57.976497,287.94723
62.1556,295.13497 60.807564,307.0 60.807564,307.0
60.807564,307.0 60.807564,307.0 60.807564,307.0
;
110.76698,303.56635 110.76698,303.56635 103.88988,296.25866
104.94949,291.49501 102.11579,281.64948 99.157854,271.53592
102.66274,265.74812 98.239437,257.14006 100.34951,241.38824
102.30957,265.30203 104.36494,270.5 113.44598,277.09246
103.34895,290.87845 109.99129,292.09433 109.95879,295.76889
111.64248,300.21101 110.76698,303.56635 110.76698,303.56635
110.76698,303.56635 110.76698,303.56635 110.76698,303.56635
;
99.707677,292.23517 99.707677,292.23517 96.696972,291.73658
99.998583,268.82438 102.00085,291.11803 100.2019,290.21918
99.67968,288.62857 99.707677,292.23517 99.707677,292.23517
99.707677,292.23517 99.707677,292.23517 99.707677,292.23517
;
78.679049,286.9922 78.679049,286.9922 76.170519,281.03584
76.91655,271.29798 76.849754,266.15025 83.124448,262.77943
76.235875,279.64011 78.679049,286.992 78.679049,286.992
78.679049,286.9922 78.679049,286.9922 78.679049,286.9922
;
112.52033,272.0 112.52033,272.0 108.89739,265.6969
106.3306,251.97165 110.07037,244.0 93.238421,252.17255
105.18059,242.79591 115.22329,239.23556 126.95909,228.42685
128.4598,249.17103 130.76643,244.94948 137.51644,252.78416
121.53295,268.87731 120.30309,266.61729 124.87072,257.04582
129.86757,240.62954 121.19971,259.0833 116.14472,264.54879
121.58987,271.99061 112.52033,272.0 112.52033,272.0
112.52033,272.0 112.52033,272.0 112.52033,272.0
;
56.75,268.4495 56.75,268.4495 47.318637,267.56159
64.86778,256.03994 70.668134,255.41406 88.952232,254.6144
59.699807,268.1188 56.75,268.4495 56.75,268.4495
56.75,268.4495 56.75,268.4495 56.75,268.4495
;
81.75779,259.83356 81.75779,259.83356 83.61753,252.05544
101.6274,250.3034 84.356702,258.44682 83.436896,258.80293
82.710214,259.54215 81.75779,259.83356 81.75779,259.83356
81.75779,259.83356 81.75779,259.83356 81.75779,259.83356
;
100.62582,241.95747 100.62582,241.95747 86.656166,251.09418
91.56985,229.24185 88.771369,221.05527 86.569331,206.08648
85.070236,190.31026 83.602548,175.90511 75.855994,172.16681
96.21748,168.05701 97.581325,171.81371 104.22556,172.02482
119.36499,168.28951 119.92969,177.82143 117.16622,174.80018
118.25925,192.72065 117.73218,201.91774 115.29831,214.64736
120.54239,220.09636 119.17412,229.12045 124.98368,236.97856
106.20524,237.92512 100.62582,241.95747 100.62582,241.95747
100.62582,241.95747 100.62582,241.95747 100.62582,241.95747
;
131.83911,235.75642 131.83911,235.75642 124.21558,237.07987
128.99928,226.2716 122.16664,229.04491 123.13414,214.06181
121.6251,196.46238 124.0269,183.00001 130.31138,190.71104
125.77066,204.54717 127.72757,214.58264 129.508,229.69434
121.04908,224.52081 132.17815,233.70155 132.17815,233.70155
131.85913,235.63471 131.85913,235.63471 131.85913,235.63471
131.83903,235.75645 131.83903,235.75645 131.83903,235.75645
131.83911,235.75642 131.83911,235.75642 131.83911,235.75642
;
119.74245,205.79748 119.74245,205.79748 119.09976,223.09733
119.52675,192.03869 119.40596,185.74419 119.19071,172.81716
120.53837,203.47219 119.74245,205.79748 119.74245,205.79748
119.74245,205.79748 119.74245,205.79748 119.74245,205.79748
;
77.534856,169.8527 77.534856,169.8527 66.11928,169.8265
79.383263,167.47211 87.028946,163.52204 94.266735,160.79525
111.86325,153.86198 109.61704,155.37845 115.83964,156.95935
115.45874,147.04033 104.60203,150.5 97.253521,133.45917
112.26149,148.70768 110.09964,142.26014 105.63338,145.17989
115.98169,131.71304 114.75,127.0 116.47532,136.01344
116.00259,150.38896 117.41924,155.64869 106.5029,164.72198
106.25104,161.90836 108.0,160.99997 103.23724,167.14775
85.913601,162.03815 77.534856,169.85267 77.534856,169.85267
77.534856,169.8527 77.534856,169.8527 77.534856,169.8527
;
23.274316,170.0 23.274316,170.0 0.51147867,170.1031
24.493103,167.93546 34.094317,168.52821 39.674076,170.61406
25.115397,169.92241 23.274316,170.0 23.274316,170.0
23.274316,170.0 23.274316,170.0 23.274316,170.0
;
43.309017,168.92971 43.309017,168.92971 38.630813,165.91922
41.876148,157.95123 49.395863,167.18191 31.576851,163.70752
50.694455,169.30455 43.309017,168.92971 43.309017,168.92971
43.309017,168.92971 43.309017,168.92971 43.309017,168.92971
;
101.4143,168.83071 101.4143,168.83071 81.423738,168.0915
100.39335,165.62506 109.99882,166.49996 111.55391,171.85677
104.11866,167.81739 101.4143,168.83071 101.4143,168.83071
101.4143,168.83071 101.4143,168.83071 101.4143,168.83071
;
78.597119,161.72259 78.597119,161.72259 68.326335,163.28653
82.001774,153.11452 71.520608,147.79598 64.739293,149.54342
72.084562,140.96158 77.527018,150.46929 87.570412,152.16839
95.524299,153.07071 83.666689,157.38086 63.719395,161.82972
95.648747,160.80195 78.597114,161.72255 78.597114,161.72255
78.597119,161.72259 78.597119,161.72259 78.597119,161.72259
;
97.323324,151.95486 97.323324,151.95486 76.682422,148.8607
105.14128,146.54347 97.323324,151.95486 97.323324,151.95486
97.323324,151.95486 97.323324,151.95486 97.323324,151.95486
;
47.578148,151.0 47.578148,151.0 41.717509,145.64065
42.694857,131.04429 37.829858,122.55556 35.102155,113.42792
42.610781,99.161658 43.115558,115.95338 43.536901,121.52166
45.919752,135.99937 48.426604,145.40367 47.94796,147.06292
52.321196,152.81658 47.578148,151.0 47.578148,151.0
47.578148,151.0 47.578148,151.0 47.578148,151.0
;
80.084543,147.86321 80.084543,147.86321 77.685538,143.11419
88.663456,147.82441 98.0,143.26855 92.036526,145.84717
87.298667,149.87781 80.084543,147.86321 80.084543,147.86321
80.084543,147.86321 80.084543,147.86321 80.084543,147.86321
;
51.750451,148.0 51.750451,148.0 50.182589,139.64493
46.226584,128.58638 45.281968,118.89422 52.81374,119.2623
42.34085,131.22214 53.460853,135.72688 60.187362,133.32428
52.546399,147.02999 51.750451,148.0 51.750451,148.0
51.750451,148.0 51.750451,148.0 51.750451,148.0
;
79.531892,143.93232 79.531892,143.93232 70.669356,141.38092
74.467447,135.99242 73.755111,136.0 76.073462,141.21188
85.044965,136.73898 79.531892,143.93232 79.531892,143.93232
79.531892,143.93232 79.531892,143.93232 79.531892,143.93232
;
101.02729,139.0 101.02729,139.0 101.70086,145.47612
97.827881,121.90639 83.473788,131.07047 62.97546,132.27379
73.507663,125.93717 87.618711,127.58483 92.625421,127.97622
117.00118,124.48785 107.21137,129.34097 101.78776,133.30939
100.67016,136.74856 101.02729,139.0 101.02729,139.0
101.02729,139.0 101.02729,139.0 101.02729,139.0
;
56.693312,134.66581 56.693312,134.66581 39.040775,129.45566
74.944804,131.33775 57.831844,132.08272 52.336097,131.97005
67.289981,134.61907 56.693312,134.66581 56.693312,134.66581
56.693312,134.66581 56.693312,134.66581 56.693312,134.66581
;
31.0,99.335499 31.0,99.335499 18.201218,99.168703
59.599989,95.529397 35.5,98.636835 34.0,98.869723
32.5,99.102611 31.0,99.335499 31.0,99.335499
31.0,99.335499 31.0,99.335499 31.0,99.335499
;
16.0,97.820612 16.0,97.820612 2.76382,101.98504
2.5375005,81.317607 8.9620773,96.213417 24.66089,99.357495
0.79228732,87.203689 12.5,88.3671 13.089127,79.893996
19.732268,109.18084 15.461991,86.447006 7.1015345,70.021567
13.343671,80.007262 16.018741,78.0 12.132774,66.869767
24.398494,62.28157 20.457299,66.889203 33.915522,74.680493
10.556464,75.597149 19.666667,81.968247 14.214201,82.969312
19.114739,90.367306 20.5,84.0 27.49453,87.050282
26.348288,87.323358 23.665733,81.5 36.128037,87.903404
21.570569,89.129405 18.0,91.959302 15.055454,98.84279
29.214379,97.687672 16.0,97.820612 16.0,97.820612
16.0,97.820612 16.0,97.820612 16.0,97.820612
;
16.893011,58.0 16.893011,58.0 7.9685958,59.688762
29.97468,41.185525 20.786022,58.0 20.786022,58.0
18.82672,58.0 18.82672,58.0 18.82672,58.0
16.893011,58.0 16.893011,58.0 16.893011,58.0
;
9.7005996,38.88733 9.7005996,38.88733 -2.8188294,40.949026
12.604352,34.413685 18.975601,34.484921 23.707083,39.539291
11.102645,34.93682 9.7005996,38.88733 9.7005996,38.88733
9.7005996,38.88733 9.7005996,38.88733 9.7005996,38.88733
;
18.579705,26.877455 18.579705,26.877455 10.038779,24.54776
8.1087036,14.49327 14.391582,19.325254 14.391867,15.714866
13.100402,10.043076 18.579705,26.877455 18.579705,26.877455
18.579705,26.877455 18.579705,26.877455 18.579705,26.877455
;
694.64067,479.0 694.64067,479.0 694.3687,474.15799
696.88919,465.63998 687.30369,455.5 677.68016,440.06297
670.77325,424.16624 659.32684,409.65681 660.42065,405.14012
649.43215,397.53876 644.84866,387.30015 651.04696,384.27674
667.68557,386.87174 677.882,385.99991 680.60796,387.76299
690.61527,385.33878 702.35258,387.15256 752.56741,388.06415
802.79638,388.33708 853.00003,389.76072 847.61935,383.37201
830.50555,388.62735 820.57607,386.75289 777.21916,384.9288
733.73374,384.94922 690.31864,384.49994 699.25115,380.92108
687.60555,375.23596 681.80073,375.15643 684.95601,384.89357
677.63549,384.01453 665.66456,383.59386 658.63174,385.61284
635.1269,377.17041 643.20597,389.97379 654.09509,404.70611
663.57496,420.76134 673.9241,435.99994 666.38053,436.25218
635.05199,436.18599 656.28798,436.82353 671.68665,437.31714
679.1683,437.76595 659.04166,438.05847 636.02767,438.37922
663.54451,438.95064 672.69678,439.43095 681.34083,447.05605
686.54998,460.60995 693.88184,470.49994 684.44849,469.1572
690.78966,477.70579 694.64067,479.0 694.64067,479.0
694.64067,479.0 694.64067,479.0 694.64067,479.0
;
59.61355,467.57771 59.61355,467.57771 68.54939,464.37239
81.122564,469.03441 88.153528,462.11008 86.759694,452.41365
69.347699,459.73221 61.634829,458.59456 53.786933,461.45083
79.399243,458.30971 85.200672,458.71948 83.953584,467.53128
56.216977,460.86114 59.550761,467.60237 59.550761,467.60237
59.61355,467.57771 59.61355,467.57771 59.61355,467.57771
;
33.666667,458.0 33.666667,458.0 37.648116,446.37428
35.554775,452.18873 31.0,452.86522 30.895899,454.86018
30.487042,458.60764 33.666667,458.0 33.666667,458.0
33.666667,458.0 33.666667,458.0 33.666667,458.0
;
99.600581,450.0 99.600581,450.0 114.03732,442.43056
102.74829,447.54836 107.49993,436.52715 96.180318,432.78968
95.33815,447.29414 99.600581,450.0 99.600581,450.0
99.600581,450.0 99.600581,450.0 99.600581,450.0
;
100.89142,447.0 100.89142,447.0 97.624844,440.13683
112.39784,430.83711 100.89142,447.0 100.89142,447.0
100.89142,447.0 100.89142,447.0 100.89142,447.0
;
8.7385165,441.81184 8.7385165,441.81184 16.623164,430.89367
-10.933908,431.10597 7.0,440.05136 7.254958,441.0312
6.0987398,443.71992 8.7385165,441.81184 8.7385165,441.81184
8.7385165,441.81184 8.7385165,441.81184 8.7385165,441.81184
;
632.25605,437.56772 632.25605,437.56772 657.50525,436.81995
616.91081,433.98992 626.40933,435.60661 649.28293,436.30231
629.70991,437.26489 625.45924,437.62039 627.72478,437.60279
629.99072,437.58549 632.25605,437.56769 632.25605,437.56769
632.25605,437.56772 632.25605,437.56772 632.25605,437.56772
;
388.59501,436.90032 388.59501,436.90032 402.89225,438.10359
396.30782,418.65727 398.4531,409.73026 398.4631,386.34774
402.06871,362.95868 405.10652,340.10698 413.76256,327.69211
409.61421,309.9962 416.02679,297.16669 419.26697,283.99785
421.26508,310.42609 421.19669,316.50002 425.11099,330.82644
428.57182,344.13372 429.84057,359.00002 432.2892,374.78727
433.12915,390.92908 436.15196,406.50002 428.1841,391.92833
435.94092,421.20076 441.87786,424.29441 450.8439,427.25207
470.80407,417.81715 459.74591,406.87406 452.37656,399.21603
450.52683,389.47852 455.47507,380.00002 455.24879,376.58906
456.06202,359.51432 457.21661,350.55051 457.14421,331.82056
450.16827,313.15129 457.00005,295.17223 461.6782,290.08141
470.49804,282.49392 468.88069,271.34641 471.25982,255.01105
459.44326,240.96757 462.55591,224.50005 462.50171,211.0015
458.2713,203.36189 473.50005,202.20096 481.99076,194.90562
490.19548,186.03959 484.59729,174.23899 479.78593,155.80529
475.28171,136.58799 470.95801,119.18825 459.44748,113.47825
445.7333,108.42225 444.6265,93.590915 441.50614,73.745425
445.42103,48.995046 428.42997,34.5 412.93183,27.582491
394.26384,36.773975 388.0,51.802258 388.81236,66.217661
379.8658,79.139148 382.51156,93.877297 382.90334,106.5029
372.08899,113.95703 363.70704,121.13967 350.38902,140.45082
358.01795,165.42653 355.56162,187.44957 356.31728,196.72026
368.48439,201.63249 363.58218,212.91551 361.3827,205.59888
374.20858,200.08145 371.61475,215.52558 371.71295,230.53131
367.5154,245.01362 365.09987,259.41489 363.60549,271.84249
368.42708,282.23896 375.0,292.42288 383.21621,316.36083
371.02949,341.66983 374.39606,366.39646 374.05407,383.91237
384.88578,403.07907 373.12804,418.72745 365.66922,430.29311
378.14266,437.26763 388.59501,436.90032 388.59501,436.90032
388.59501,436.90032 388.59501,436.90032 388.59501,436.90032
;
386.32608,430.26498 386.32608,430.26498 384.43722,432.31968
380.845,426.5552 376.49999,424.0 378.78333,427.60009
373.68262,433.43304 375.58959,420.43209 382.57754,414.42365
377.80353,397.92352 388.85271,401.5938 400.23251,396.89169
393.1132,417.52986 395.42901,423.96467 395.08209,440.78143
389.21967,422.489 386.32608,430.26498 386.32608,430.26498
386.32608,430.26498 386.32608,430.26498 386.32608,430.26498
;
445.37751,422.40863 445.37751,422.40863 443.22916,421.27072
438.16735,415.37914 438.25013,405.36777 429.87197,391.35261
448.95646,386.1284 452.22798,400.07565 458.08712,409.8855
460.90712,412.02895 457.21398,416.00003 452.76372,411.43003
459.27182,419.31201 449.82514,417.39193 443.69804,405.35717
447.05005,420.39887 445.37751,422.40863 445.37751,422.40863
445.37751,422.40863 445.37751,422.40863 445.37751,422.40863
;
388.7836,398.76804 388.7836,398.76804 375.04829,401.09616
380.76966,381.55279 378.04214,373.24895 372.44013,345.26485
386.63236,317.09524 377.15846,289.43664 372.86903,281.47439
365.88288,272.95296 367.29704,261.7335 370.57425,245.95771
374.34997,229.82084 374.55118,213.3522 377.93798,201.99785
359.37478,198.71552 357.85187,187.69911 358.12149,167.11677
358.86871,146.86618 364.61202,127.03676 368.73032,116.12434
384.3362,115.54382 384.69506,101.65388 388.6977,89.89247
383.27691,76.521585 390.10841,64.92011 393.70365,51.201644
402.50611,31.871502 419.52564,35.922816 439.66282,40.639731
439.47069,66.206499 440.14497,82.913146 440.00031,95.964002
442.82518,112.02949 457.21051,115.92486 469.31608,118.12791
470.95605,127.06702 472.63926,138.12012 475.24219,154.21364
483.03003,170.26958 482.95017,186.21819 479.8702,197.23224
465.62719,202.30237 458.96011,203.95206 462.17318,219.12102
457.19142,235.8538 463.34572,250.05425 461.35899,257.03129
470.01837,266.06257 465.21798,276.30135 467.06187,288.92737
451.31077,287.86673 453.05718,300.1453 447.79933,320.14533
456.56315,339.9086 453.38839,360.04324 451.70762,369.54647
454.93929,381.85795 448.18803,389.24044 434.6974,394.86017
433.93421,379.49336 434.2701,370.17562 432.46807,358.74824
430.94174,347.03514 430.08187,335.76277 421.44839,318.33538
424.32327,297.15073 418.75983,278.15502 418.64429,286.22147
406.74452,290.2549 411.78313,296.41759 410.26519,308.78199
408.50237,322.81441 404.93804,334.71373 397.44614,344.37472
402.7408,358.05036 398.51818,369.30745 394.60296,378.38542
402.46816,396.77737 390.16497,398.65347 390.16497,398.65347
388.78339,398.76804 388.78339,398.76804 388.78339,398.76804
388.7836,398.76804 388.7836,398.76804 388.7836,398.76804
;
436.64647,295.0 436.64647,295.0 450.33439,295.10908
433.55146,277.40918 436.92299,282.0 435.54354,285.81747
437.78571,260.96927 435.13509,253.36239 441.90805,249.8722
430.51379,243.53597 432.86629,233.55584 431.49228,222.73954
430.29699,211.82072 432.55138,203.11832 430.7171,192.99246
436.70533,175.11211 429.81282,170.00052 423.37906,177.47647
423.78075,187.01382 424.17891,197.55818 424.3192,219.93724
418.82355,241.89166 417.76523,264.23735 430.92434,262.72491
435.89925,264.58865 434.61754,280.23293 436.49916,284.84202
431.39417,292.68018 436.64647,295.0 436.64647,295.0
436.64647,295.0 436.64647,295.0 436.64647,295.0
;
425.03711,261.60138 425.03711,261.60138 409.57193,260.49961
441.69853,257.40359 425.03711,261.60138 425.03711,261.60138
425.03711,261.60138 425.03711,261.60138 425.03711,261.60138
;
424.75,257.81037 424.75,257.81037 418.95266,259.60463
422.05262,239.83704 430.0,245.67126 423.13117,249.37616
435.17964,256.33449 424.75,257.81037 424.75,257.81037
424.75,257.81037 424.75,257.81037 424.75,257.81037
;
425.75,241.98469 425.75,241.98469 422.30971,236.58902
423.06504,224.53167 428.69839,220.87004 426.8709,226.27789
434.58445,242.02543 425.75,241.98469 425.75,241.98469
425.75,241.98469 425.75,241.98469 425.75,241.98469
;
370.4433,260.0 370.4433,260.0 384.01186,250.86945
365.427,251.19453 370.4433,260.0 370.4433,260.0
370.4433,260.0 370.4433,260.0 370.4433,260.0
;
379.67471,244.43018 379.67471,244.43018 384.53411,227.59578
372.18342,248.49233 379.67471,244.43018 379.67471,244.43018
379.67471,244.43018 379.67471,244.43018 379.67471,244.43018
;
423.91893,166.0 423.91893,166.0 429.04939,162.22803
440.78907,169.20307 445.86391,157.35863 451.80102,148.63177
433.18665,138.60198 435.77381,130.25 427.02564,138.48339
422.7953,118.92241 422.0,112.11868 424.83147,104.53009
428.32201,94.647276 433.47258,87.078354 437.90355,73.636043
436.45247,57.073464 429.48477,45.182219 417.89574,41.010759
411.28435,57.169882 404.0,63.608324 393.3598,71.051927
393.91228,90.671884 406.40375,97.343841 421.2916,114.52041
398.51763,91.558735 408.10394,105.01401 415.10819,115.18653
416.49232,118.84725 419.99871,125.86682 410.56618,130.11579
412.60302,100.28825 410.49995,120.22649 408.53415,129.72998
400.4816,138.24467 396.01313,147.50068 398.28415,158.77053
410.92007,161.72642 417.84969,151.72194 421.03968,153.05247
420.26244,164.00797 423.91893,166.0 423.91893,166.0
423.91893,166.0 423.91893,166.0 423.91893,166.0
;
434.44625,161.92971 434.44625,161.92971 418.2238,160.07446
430.34078,147.40345 426.5,140.49998 429.86916,144.68045
427.11157,137.11234 428.57652,135.75943 434.55478,139.85829
451.25004,152.67738 439.89874,158.87719 438.04945,159.6781
436.567,162.2002 434.44625,161.92971 434.44625,161.92971
434.44625,161.92971 434.44625,161.92971 434.44625,161.92971
;
406.12756,154.98193 406.12756,154.98193 394.77028,149.4305
409.02013,140.3915 409.51954,132.11347 415.33116,125.38639
417.37972,127.35827 421.19346,134.42798 428.14539,136.82675
415.09776,148.03842 418.76403,145.99997 414.9311,150.67155
410.04415,151.77685 406.12756,154.98193 406.12756,154.98193
406.12756,154.98193 406.12756,154.98193 406.12756,154.98193
;
417.02658,115.37342 417.02658,115.37342 415.32392,112.06431
407.03992,92.58863 421.90755,98.5 426.32848,97.064079
415.02573,111.18339 417.02658,115.37342 417.02658,115.37342
417.02658,115.37342 417.02658,115.37342 417.02658,115.37342
;
416.0,95.524081 416.0,95.524081 405.40053,94.380882
396.57042,83.123572 402.84107,72.604389 406.33905,67.400399
425.11049,68.396355 410.1475,62.553499 415.69055,66.340246
415.43505,55.442462 422.59524,50.138557 432.23754,48.877818
433.65653,64.004154 420.33649,60.135642 425.34285,66.166897
429.6933,60.643932 418.99993,67.118033 420.06026,73.450007
435.38296,65.821983 432.97493,74.209278 432.40229,84.39406
427.79631,95.402365 416.0,95.524081 416.0,95.524081
416.0,95.524081 416.0,95.524081 416.0,95.524081
;
416.0,90.957786 416.0,90.957786 429.31974,90.860996
399.90164,85.498429 420.13736,87.224037 430.03327,86.61522
421.69543,77.689484 418.33382,81.540802 417.40758,77.624693
408.60012,85.786548 410.89252,76.726087 414.28639,79.856778
421.357,71.589624 422.0,78.0 431.77064,69.425827
402.81511,78.65106 414.0,73.059017 407.05204,68.18478
403.41584,89.234733 413.5,90.946198 413.5,90.946198
415.45928,90.955298 415.45928,90.955298 415.45928,90.955298
416.0,90.957798 416.0,90.957798 416.0,90.957798
416.0,90.957786 416.0,90.957786 416.0,90.957786
;
460.25019,146.24413 460.25019,146.24413 475.48719,142.41285
471.36178,139.39939 457.77788,142.93945 452.57481,145.84006
456.18052,147.66172 460.25019,146.24413 460.25019,146.24413
460.25019,146.24413 460.25019,146.24413 460.25019,146.24413
;
468.36667,142.0 468.36667,142.0 476.24047,133.55115
456.84671,134.2012 468.36667,142.0 468.36667,142.0
468.36667,142.0 468.36667,142.0 468.36667,142.0
;
408.12924,126.25 408.12924,126.25 411.82746,118.60245
404.60197,121.17875 405.0,121.24098 403.99867,122.80349
406.35762,128.48726 408.12924,126.25 408.12924,126.25
408.12924,126.25 408.12924,126.25 408.12924,126.25
;
87.736386,406.66667 87.736386,406.66667 92.424046,396.49806
79.176834,392.39112 87.736386,406.66667 87.736386,406.66667
87.736386,406.66667 87.736386,406.66667 87.736386,406.66667
;
82.147159,399.06659 82.147159,399.06659 84.849941,390.57695
80.364824,380.76135 79.13291,372.97906 77.799515,368.08707
77.523663,356.83827 73.493442,349.02066 71.586564,342.8968
81.286013,346.0704 76.458886,343.19628 87.843986,345.2924
86.421853,341.7289 74.992985,340.65965 81.836327,328.03882
67.380153,351.37617 69.865532,334.55548 68.304862,316.60692
65.397795,324.31675 68.627488,337.65811 70.841123,350.58048
71.632789,364.32342 75.939095,376.5 78.572135,373.52623
76.630103,390.28547 80.851543,397.43975 80.929583,399.84853
78.830376,403.97384 82.147159,399.06659 82.147159,399.06659
82.147159,399.06659 82.147159,399.06659 82.147159,399.06659
;
525.79899,387.5 525.79899,387.5 531.92754,392.99897
522.09914,371.17627 524.96027,387.72227 525.18965,391.37861
525.50397,388.72196 525.79899,387.5 525.79899,387.5
525.79899,387.5 525.79899,387.5 525.79899,387.5
;
579.5,384.63477 579.5,384.63477 602.8301,384.90635
573.02165,385.91406 571.4593,384.63177 574.13933,384.63272
576.82087,384.63477 579.5,384.63477 579.5,384.63477
579.5,384.63477 579.5,384.63477 579.5,384.63477
;
571.0,383.172 571.0,383.172 578.09529,383.1378
605.87099,382.58133 584.23279,382.01035 571.87819,382.42921
558.25563,379.65009 546.66667,381.99995 563.06788,382.08725
567.25015,382.52274 548.68653,383.60615 555.37417,383.49737
563.70849,383.31064 571.0,383.17195 571.0,383.17195
571.0,383.172 571.0,383.172 571.0,383.172
;
479.5,379.63477 479.5,379.63477 502.8301,379.90635
473.02165,380.91406 471.4593,379.63177 474.13933,379.63272
476.82087,379.63477 479.5,379.63477 479.5,379.63477
479.5,379.63477 479.5,379.63477 479.5,379.63477
;
309.0,377.65059 309.0,377.65059 331.76224,377.60189
293.49664,376.662 304.4186,377.65059 305.94574,377.65059
307.47287,377.65059 309.0,377.65059 309.0,377.65059
309.0,377.65059 309.0,377.65059 309.0,377.65059
;
338.0,377.58489 338.0,377.58489 355.92929,377.69304
358.97745,377.53579 339.41777,376.9755 324.12262,377.2249
313.78447,377.8222 335.17442,377.58489 335.17442,377.58489
337.13372,377.58489 337.13372,377.58489 337.13372,377.58489
338.0,377.58489 338.0,377.58489 338.0,377.58489
;
9.3745958,341.91667 9.3745958,341.91667 11.685985,333.24327
10.369822,309.9031 9.0178812,331.3372 9.1772727,334.44674
8.6207335,340.47952 9.3745958,341.91667 9.3745958,341.91667
9.3745958,341.91667 9.3745958,341.91667 9.3745958,341.91667
;
12.105295,308.5 12.105295,308.5 14.170171,289.44253
6.8287543,317.09764 12.075335,308.65374 12.075335,308.65374
12.105295,308.5 12.105295,308.5 12.105295,308.5
;
40.5,302.60006 40.5,302.60006 62.33982,303.10619
49.400606,301.67757 35.219142,302.17203 16.491644,302.849
31.717535,302.5141 40.5,302.60006 40.5,302.60006
40.5,302.60006 40.5,302.60006 40.5,302.60006
;
71.5,247.52372 71.5,247.52372 76.393638,238.97636
49.725172,246.48797 62.576215,245.93675 64.72035,242.87524
67.455552,249.7286 71.5,247.52372 71.5,247.52372
71.5,247.52372 71.5,247.52372 71.5,247.52372
;
15.05,240.8812 15.05,240.8812 36.340283,240.47265
-5.601188,238.66345 15.05,240.8812 15.05,240.8812
15.05,240.8812 15.05,240.8812 15.05,240.8812
;
2.440983,237.0 2.440983,237.0 -0.52437893,232.74912
19.083432,230.89407 13.0,233.27645 7.4420083,239.12722
30.946473,226.87438 11.390866,230.01936 8.9988092,231.62907
-4.2031879,230.93218 2.440983,237.0 2.440983,237.0
2.440983,237.0 2.440983,237.0 2.440983,237.0
;
22.584914,228.92323 22.584914,228.92323 33.009518,228.47841
42.890547,227.17094 52.02719,221.82008 64.572424,231.16013
51.463385,221.56417 63.75,223.46235 65.407686,222.98482
58.32379,221.03973 59.102603,218.00596 46.578297,212.52345
50.146273,230.26138 48.468994,214.66519 48.891094,190.25654
48.76707,231.44716 45.394256,208.00059 43.000935,202.97475
40.153867,174.57337 39.0,190.26168 17.008302,191.03445
42.615485,186.68483 37.980041,197.62455 28.901508,213.76486
44.831814,187.01237 42.70961,207.5 47.924615,219.84453
44.762996,226.0699 31.897044,224.29704 29.368568,218.47551
27.496942,193.3682 28.487534,212.44063 34.881619,226.92038
23.766783,229.43947 11.665664,227.08268 10.087019,230.82884
19.806333,228.26043 22.584914,228.92323 22.584914,228.92323
22.584914,228.92323 22.584914,228.92323 22.584914,228.92323
;
133.5164,164.79149 133.5164,164.79149 132.7457,148.26017
126.66976,154.56751 133.5164,164.79149 133.5164,164.79149
133.5164,164.79149 133.5164,164.79149 133.5164,164.79149
;
29.249774,153.25866 29.249774,153.25866 41.710305,152.55669
31.287227,147.8475 30.968591,139.5 39.07546,151.62178
19.117219,153.95963 29.249774,153.25866 29.249774,153.25866
29.249774,153.25866 29.249774,153.25866 29.249774,153.25866
;
39.412213,150.0 39.412213,150.0 39.176341,143.08893
32.973769,119.06527 36.351087,139.52857 37.534667,142.82225
36.676457,147.66165 39.412213,150.0 39.412213,150.0
39.412213,150.0 39.412213,150.0 39.412213,150.0
;
852.80114,143.09658 852.80114,143.09658 849.71856,134.67021
837.13308,134.64952 829.34634,134.18402 816.05698,132.82853
800.77448,130.13733 790.0,123.84637 799.92375,105.60337
810.54709,86.436819 823.0,70.521416 831.74804,46.893655
849.80647,26.566751 853.0,1.0 846.24197,9.7434342
845.98784,25.569859 837.85938,35.195131 827.84239,53.058171
820.16686,72.776987 807.18634,89.161653 799.96825,100.99892
791.96765,112.97852 787.0,125.75371 804.44711,135.09054
824.94093,135.14294 843.487,138.6769 846.65388,139.19981
852.35352,144.38544 852.80114,143.09658 852.80114,143.09658
852.80114,143.09658 852.80114,143.09658 852.80114,143.09658
;
12.593315,129.89832 12.593315,129.89832 35.090256,130.36214
12.269797,126.48792 2.144473,128.0 -2.9959332,130.92378
10.803765,129.38665 12.593315,129.89832 12.593315,129.89832
12.593315,129.89832 12.593315,129.89832 12.593315,129.89832
;
29.217328,129.18267 29.217328,129.18267 26.868724,124.23809
34.001645,106.28957 29.565978,113.5 23.322039,122.53619
31.516387,106.43277 21.294352,106.23704 12.248064,107.41866
-2.4673095,110.96676 3.25,112.70573 -4.403786,117.78225
18.604408,114.63377 7.9938471,119.45896 7.6605156,119.28991
-1.0564277,116.87912 4.5,123.00491 -7.0102552,127.63987
16.858508,122.11987 22.88426,120.97327 29.304282,113.80666
25.031988,131.18885 29.217328,129.18267 29.217328,129.18267
29.217328,129.18267 29.217328,129.18267 29.217328,129.18267
;
24.460337,117.873 24.460337,117.873 18.634632,113.43026
17.513743,117.9439 17.0,109.88197 7.0195061,117.4018
6.2903987,107.58203 20.274014,109.78191 26.11008,106.30429
21.184218,113.23799 24.346647,115.21758 23.111856,115.7576
25.990215,117.413 24.460337,117.873 24.460337,117.873
24.460337,117.873 24.460337,117.873 24.460337,117.873
;
