427.0,480.0 427.0,480.0 284.66667,480.0
142.33333,480.0 0.0,480.0 0.0,320.0
0.0,160.0 0.0,0.0 284.66667,0.0
569.33333,0.0 854.0,0.0 854.0,160.0
854.0,320.0 854.0,480.0 711.66667,480.0
569.33333,480.0 427.0,480.0 427.0,480.0
427.0,480.0 427.0,480.0 427.0,480.0
;
398.66821,444.85809 398.66821,444.85809 409.54378,441.85661
407.88018,425.08065 410.0,415.67504 411.73094,404.4148
413.17629,393.30726 414.94331,381.77554 418.94021,370.02249
414.72564,355.93951 424.0,346.19126 425.32105,331.41296
428.20397,316.62123 429.41324,301.71365 433.5589,317.34541
431.21408,335.00438 438.85771,349.45579 440.02877,374.57312
444.49076,398.40949 444.57245,423.41745 443.4732,436.54127
458.9914,440.26157 467.05423,431.76272 480.81167,423.09773
457.05864,411.62531 462.78942,400.01401 467.122,383.67957
467.43968,366.52538 468.26081,349.39217 463.58248,332.63624
464.14248,313.04105 473.10034,298.02477 486.16616,279.74017
475.08559,256.86579 477.53366,236.26214 474.99668,222.87576
478.43443,217.46438 490.50006,214.61262 498.99773,208.64414
509.2105,200.27307 503.68877,188.68689 496.19827,167.13513
496.48149,141.78372 481.0,124.0 470.87486,122.46657
462.22339,113.09817 457.45471,105.2343 456.74348,83.565269
457.54844,56.615918 438.5,42.319645 429.79117,38.811639
418.8574,41.644407 411.00591,47.222459 396.62459,62.651239
392.68898,84.57752 389.01081,104.5 385.11528,117.39027
380.10008,130.98057 374.0,142.11803 378.57729,143.94644
369.61665,161.34421 370.32929,169.36827 367.73416,181.03348
372.28359,184.24859 370.06045,195.4526 370.80093,206.93107
387.38168,211.69046 386.21883,220.93357 383.62778,234.7647
384.3775,248.80444 382.03173,262.41271 380.61657,291.968
397.71903,319.97531 389.6463,349.47879 385.7622,367.91225
389.88201,386.78626 390.02504,405.42509 398.63714,416.04608
374.88362,426.41961 381.58088,436.96984 386.86609,441.12208
391.52983,445.02543 398.66821,444.85809 398.66821,444.85809
398.66821,444.85809 398.66821,444.85809 398.66821,444.85809
;
399.05902,442.0 399.05902,442.0 395.85308,437.27226
398.203,433.55083 393.98022,439.6 391.97767,436.1257
381.87006,436.3339 385.06866,432.51321 382.96921,432.06541
390.5518,420.08571 394.0,412.87315 401.24544,404.75465
411.97091,413.51605 406.18979,425.21383 406.42587,432.12551
401.62813,441.01747 399.05902,442.0 399.05902,442.0
399.05902,442.0 399.05902,442.0 399.05902,442.0
;
450.49576,432.0 450.49576,432.0 447.45636,423.25846
444.66766,412.39442 447.12199,402.83283 460.01153,400.88534
460.99288,411.38889 467.16599,420.26108 467.11219,424.07636
471.1718,428.20192 461.49944,425.84211 469.03048,432.50222
461.80159,429.07172 454.93105,426.5423 452.47548,428.53835
456.06485,431.89126 450.49576,432.0 450.49576,432.0
450.49576,432.0 450.49576,432.0 450.49576,432.0
;
401.71994,408.7281 401.71994,408.7281 388.93607,410.72147
392.97095,392.54484 391.25078,384.54552 387.34171,358.8641
399.56235,333.64174 392.09575,308.23067 381.86708,277.94022
385.22683,245.00898 390.2243,213.89096 381.31582,210.45023
371.55947,200.0001 373.19594,189.87005 375.89522,168.44462
374.02289,146.05262 385.07016,126.5 389.84487,114.19523
396.44247,100.85473 394.00353,87.5 400.59052,95.660197
393.79,76.755633 400.97343,70.226392 405.24948,56.349791
415.91605,41.348465 432.30265,44.262362 448.86729,47.933824
450.86181,69.360472 454.00111,83.215752 454.06591,95.256188
451.69011,109.46752 462.96637,117.5 465.69908,124.21359
479.8858,123.95089 483.58629,132.26759 493.84594,150.12233
494.90055,171.18836 501.34626,190.45005 505.69983,202.92793
491.45048,210.69624 482.19859,216.0 467.21977,213.25305
478.75423,232.23736 475.04906,240.29266 471.91212,246.88355
479.83127,267.79761 473.60081,265.0 469.63581,269.94948
482.52474,279.10536 474.99639,287.90739 471.32723,297.07141
464.67009,304.83406 463.92071,315.5 458.95972,334.6733
469.28315,353.57237 463.90971,372.84383 461.19518,381.72416
465.52497,395.97562 457.04642,401.2514 442.09932,406.21018
445.19946,387.2675 443.72728,378.04858 441.9411,363.01311
443.459,347.65783 436.69851,334.5894 433.17907,322.62467
436.67101,308.66546 430.90404,297.57074 423.13414,303.25071
426.87521,316.50007 424.03891,325.22548 423.46536,336.19852
421.46727,346.90801 415.7485,356.13996 415.27065,372.75061
409.50413,388.49636 409.29496,405.13358 407.13845,407.86455
405.38335,408.97523 401.71992,408.7281 401.71992,408.7281
401.71994,408.7281 401.71994,408.7281 401.71994,408.7281
;
439.5,307.0 439.5,307.0 452.62629,301.51481
435.92141,301.46573 441.09287,288.93694 442.07712,272.84073
437.51267,272.69584 439.37313,273.4187 436.75386,282.72533
439.28033,294.11036 436.57991,301.8113 437.4758,303.07417
436.65161,308.23195 439.5,307.0 439.5,307.0
439.5,307.0 439.5,307.0 439.5,307.0
;
439.73504,293.75 439.73504,293.75 439.06506,306.69182
439.09244,264.25078 440.10958,289.0 439.98473,290.58333
439.85989,292.16667 439.73504,293.75 439.73504,293.75
439.73504,293.75 439.73504,293.75 439.73504,293.75
;
441.70508,266.25 441.70508,266.25 448.44052,260.00645
439.02869,253.27045 441.63558,241.37785 440.9074,235.41903
440.90778,207.0153 442.00004,225.50388 441.78813,246.92009
443.59004,224.35405 443.5251,215.66908 443.3292,213.77666
440.4826,208.65308 440.1124,223.57801 439.98326,230.73074
439.11161,257.71932 439.4184,253.54549 440.43147,233.07693
440.93591,238.47006 441.20496,255.83353 441.65589,257.54948
440.73176,275.51376 441.70512,266.25 441.70512,266.25
441.70508,266.25 441.70508,266.25 441.70508,266.25
;
394.97432,269.0 394.97432,269.0 400.9658,262.02905
398.16926,258.76616 400.0115,258.0 402.2551,254.83656
387.18294,269.81077 394.97432,269.0 394.97432,269.0
394.97432,269.0 394.97432,269.0 394.97432,269.0
;
401.64921,255.58098 401.64921,255.58098 407.77182,247.49926
405.57975,243.31341 400.13848,255.80271 400.13848,255.80271
401.64921,255.58098 401.64921,255.58098 401.64921,255.58098
;
445.66683,198.66651 445.66683,198.66651 449.31726,185.88808
446.4355,180.752 457.08714,179.17863 468.22248,173.25939
462.42943,160.99716 458.0,152.84868 469.09448,152.14435
478.66029,155.34968 473.06277,145.00003 472.50376,147.68153
453.92262,154.11831 462.38546,149.55163 457.35116,152.52054
443.5355,148.77504 453.21601,136.50003 460.56186,130.52312
457.17511,110.74018 452.0,118.0 448.36302,130.3575
446.68292,110.09671 447.57274,101.67319 450.04647,92.195597
447.91238,85.295637 445.26893,75.149244 440.72654,66.882833
434.17883,49.761311 433.0,54.865225 421.0338,54.200204
418.34165,68.872748 415.96807,76.538479 416.54892,83.674534
407.46645,91.454833 410.24426,100.44423 412.68291,109.72569
427.01191,115.63612 432.0,116.51955 423.65464,111.01993
443.76218,107.37126 444.14853,105.94558 436.69701,115.25778
447.55218,130.56876 440.66732,134.65307 429.04597,132.6555
439.34111,140.82589 440.41853,146.0852 443.47631,156.77098
429.51844,162.62691 424.35329,163.80772 413.89652,157.65434
422.216,141.77685 431.0,139.0 434.41586,133.92369
431.64037,126.45021 425.76232,118.16309 416.62265,109.10797
434.87105,134.13224 425.9694,130.5 421.76893,129.75919
416.05567,151.00444 415.87263,158.76196 421.33012,169.6543
429.45013,168.27093 437.50563,161.49553 431.56132,175.10856
455.81345,174.79184 447.81041,184.208 446.11458,179.29911
445.76951,187.00816 445.63196,192.95246 447.81912,201.87583
441.16946,184.27521 445.66686,198.66651 445.66686,198.66651
445.66683,198.66651 445.66683,198.66651 445.66683,198.66651
;
454.07569,175.97804 454.07569,175.97804 443.39727,175.93944
435.84508,162.90721 444.80978,155.59779 444.79338,147.81153
442.12557,143.96054 447.88197,151.99996 456.10498,153.09296
464.27129,165.14072 458.39157,172.95612 456.99014,173.96905
456.2637,176.81902 454.07569,175.97804 454.07569,175.97804
454.07569,175.97804 454.07569,175.97804 454.07569,175.97804
;
444.97695,145.0 444.97695,145.0 432.77053,142.557
457.77934,132.9769 444.97695,145.0 444.97695,145.0
444.97695,145.0 444.97695,145.0 444.97695,145.0
;
442.5,138.52666 442.5,138.52666 429.1383,138.07917
457.46244,133.4516 442.5,138.52675 442.5,138.52675
442.5,138.52666 442.5,138.52666 442.5,138.52666
;
448.25,129.25514 448.25,129.25514 439.03393,127.52505
444.75315,111.90479 444.68076,123.54249 445.24524,105.89426
443.06416,117.1754 450.0,124.48109 449.81711,126.46225
450.84457,128.30915 448.25,129.25514 448.25,129.25514
448.25,129.25514 448.25,129.25514 448.25,129.25514
;
428.28984,110.96086 428.28984,110.96086 419.23346,108.44315
411.05763,102.14182 415.0,92.802298 423.15389,85.065346
421.89697,79.567904 422.69834,69.0 426.58156,51.883844
439.55748,65.414402 441.7673,75.866168 442.98651,85.797079
448.7084,100.07364 437.68452,106.2201 434.94034,108.04346
431.50085,110.28303 428.28984,110.96086 428.28984,110.96086
428.28984,110.96086 428.28984,110.96086 428.28984,110.96086
;
421.92638,103.16178 421.92638,103.16178 429.24002,103.41761
444.05526,95.917327 428.97331,95.0 423.66062,99.709877
416.10949,91.816844 419.31471,101.79525 420.1584,102.28701
421.37167,105.40114 421.92638,103.16178 421.92638,103.16178
421.92638,103.16178 421.92638,103.16178 421.92638,103.16178
;
418.0,93.5 418.0,93.5 418.66588,93.298127
434.58179,86.045304 429.77732,92.022681 435.68348,81.982287
426.2602,90.669121 422.3529,89.495751 418.8344,83.374918
414.74171,94.214458 418.0,93.5 418.0,93.5
418.0,93.5 418.0,93.5 418.0,93.5
;
432.44373,84.0 432.44373,84.0 439.5807,79.479797
427.46444,82.96808 439.81364,78.25 426.61588,73.357917
440.45705,76.11227 439.33333,73.0 430.01576,66.335829
422.67805,75.684464 429.49027,77.350396 422.31471,79.645913
429.05621,82.519808 432.44373,84.0 432.44373,84.0
432.44373,84.0 432.44373,84.0 432.44373,84.0
;
432.77955,176.5311 432.77955,176.5311 443.83887,172.71339
423.89496,166.57227 431.39553,177.0622 431.39553,177.0622
432.77955,176.5311 432.77955,176.5311 432.77955,176.5311
;
