433.0,488.0 433.0,488.0 288.66667,488.0
144.33333,488.0 0.0,488.0 0.0,325.33333
0.0,162.66667 0.0,0.0 288.66667,0.0
577.33333,0.0 866.0,0.0 866.0,162.66667
866.0,325.33333 866.0,488.0 721.66667,488.0
577.33333,488.0 433.0,488.0 433.0,488.0
433.0,488.0 433.0,488.0 433.0,488.0
;
406.94825,463.82684 406.94825,463.82684 421.27884,465.15595
418.68021,444.97257 421.44824,435.51903 424.74487,413.73327
424.91043,391.70022 426.24656,369.5 434.98955,355.10289
430.44968,337.51851 432.43556,321.5 437.7445,339.84401
436.62084,360.17753 447.74771,376.5 449.73147,389.16551
453.8369,401.48079 455.97506,413.9534 462.45197,426.40576
454.82931,443.8675 466.0,454.0 477.21656,457.10572
495.6341,445.68041 484.88841,433.87568 474.7498,424.08551
479.91396,412.98959 480.66139,401.15568 483.00978,385.3795
480.00236,370.06495 475.89488,355.0237 475.3856,339.96362
476.13769,324.2927 478.5464,310.06062 476.72811,299.33292
488.76562,290.19278 484.60062,278.59741 482.268,261.19173
478.05451,243.76489 480.10967,226.0 495.61083,228.73187
504.68192,212.76538 510.84946,201.26604 507.8184,177.49889
503.38759,153.17367 492.14941,131.50005 485.28233,123.20265
478.83002,115.96267 468.10664,112.52747 458.39314,103.56603
465.10544,87.494422 461.55816,75.563673 459.39926,61.166911
455.56054,41.314843 440.14561,36.288276 421.23984,32.197527
403.66178,46.251273 400.16221,64.675445 393.12704,80.809622
393.65114,99.956343 382.60667,114.36113 388.2567,113.82653
373.27305,129.56269 374.00552,136.46697 371.49619,149.37809
369.00191,162.86938 367.94325,175.45 371.16177,182.28842
365.83141,194.11703 371.25221,201.71565 375.47461,210.39671
390.09408,215.34853 384.39035,225.12427 380.41102,235.91148
384.82469,248.15822 378.95271,258.5 378.43685,275.63905
378.05993,292.75535 385.81268,308.5411 396.95245,334.88449
393.96002,363.7177 394.22379,391.43309 397.56445,404.07501
399.06578,416.84247 401.00039,429.56049 397.6465,437.33116
385.38237,446.90139 391.2774,455.03871 396.45656,457.83668
400.54961,464.71163 406.94825,463.82684 406.94825,463.82684
406.94825,463.82684 406.94825,463.82684 406.94825,463.82684
;
410.16667,462.0 410.16667,462.0 408.7415,448.68425
406.7387,464.10929 399.16667,456.0 390.02731,450.52218
393.86981,448.9258 398.72164,439.33045 402.31812,428.30785
408.07676,427.0618 418.31494,425.76627 417.77519,438.51616
417.70719,454.07135 410.16667,462.0 410.16667,462.0
410.16667,462.0 410.16667,462.0 410.16667,462.0
;
468.95025,452.0 468.95025,452.0 460.41192,445.99127
463.38853,431.11846 460.99997,421.24123 474.45835,417.00194
477.5576,427.0712 483.63639,436.66253 490.42291,449.64192
469.25669,444.58313 479.38226,450.00006 469.77134,448.75022
472.78588,436.04044 468.95025,452.0 468.95025,452.0
468.95025,452.0 468.95025,452.0 468.95025,452.0
;
411.19129,425.38525 411.19129,425.38525 398.08651,425.38025
402.90261,406.50392 399.31809,397.69741 394.83905,378.88144
400.09608,358.06794 397.11555,339.71633 394.86987,322.45203
387.44813,304.66873 382.65401,287.51228 382.15842,273.9345
381.39947,260.39197 385.31559,247.52537 383.91754,236.81565
388.24642,227.13834 388.99999,216.8657 381.15101,207.90956
368.21295,199.98736 372.38398,186.32791 372.07048,161.35598
373.92036,134.2141 389.61049,114.0749 392.94894,106.2026
394.55878,97.190612 397.06977,88.869606 400.67475,70.026581
406.08761,45.431914 427.0593,38.736281 438.58558,39.320167
450.9179,42.546796 453.36336,55.666769 460.59907,72.696763
458.80115,91.889848 461.41646,109.45434 466.93957,119.67513
481.51061,119.46762 486.97267,130.47634 498.61204,147.26648
503.06327,168.41046 505.88702,188.27087 509.96843,200.14331
504.0198,208.95636 495.87729,217.10022 491.56572,228.41823
471.66633,216.94131 477.2716,233.43768 473.77969,253.84678
485.34131,274.03803 479.86742,293.95142 471.98459,302.02535
477.6866,312.0214 473.10182,320.58087 472.04582,340.49991
471.03356,360.41434 478.00546,379.48539 476.06019,392.08559
481.63854,409.18544 471.39789,418.40076 456.10662,423.9925
458.03477,402.99296 455.07518,393.49998 452.20514,382.31668
450.12885,371.77647 444.28927,361.49998 441.31805,351.83168
441.85503,349.18695 440.56628,340.80788 438.49513,331.46309
433.46655,320.6733 435.1825,313.31223 447.90961,316.04974
429.27267,303.67211 433.27312,303.42667 430.89832,306.78832
432.14319,293.01856 429.3619,309.5 428.61529,326.34328
429.13505,344.01276 426.78371,360.3083 419.93943,374.18499
424.5364,390.5808 420.1418,405.40171 421.96743,413.2924
421.73017,424.83847 411.19129,425.38525 411.19129,425.38525
411.19129,425.38525 411.19129,425.38525 411.19129,425.38525
;
430.70273,287.44013 430.70273,287.44013 434.34976,267.71997
429.83446,280.90475 430.14191,278.375 429.52077,267.36564
439.08518,268.14016 430.17351,260.91303 430.75427,279.04095
427.96934,265.80407 430.00338,253.49997 428.70571,242.63344
426.84734,231.14844 427.91523,221.96879 433.90355,213.22945
431.16164,214.75299 429.45842,209.49997 423.05392,235.51512
427.95473,262.39384 429.40552,288.73737 429.40552,288.73737
430.7028,287.4401 430.7028,287.4401 430.7028,287.4401
430.70273,287.44013 430.70273,287.44013 430.70273,287.44013
;
474.15499,278.0 474.15499,278.0 482.62095,269.11813
456.83936,267.25095 474.15499,278.0 474.15499,278.0
474.15499,278.0 474.15499,278.0 474.15499,278.0
;
394.57372,271.0 394.57372,271.0 411.2914,257.45282
385.44549,263.13756 394.57372,271.0 394.57372,271.0
394.57372,271.0 394.57372,271.0 394.57372,271.0
;
468.05017,267.46899 468.05017,267.46899 473.4071,254.40248
458.17374,260.25901 468.05017,267.46899 468.05017,267.46899
468.05017,267.46899 468.05017,267.46899 468.05017,267.46899
;
403.65264,254.46036 403.65264,254.46036 405.4822,250.8859
406.24332,240.52803 401.16471,253.13565 400.33309,254.29828
403.06327,258.85089 403.65264,254.46036 403.65264,254.46036
403.65264,254.46036 403.65264,254.46036 403.65264,254.46036
;
431.90919,201.5 431.90919,201.5 434.35132,205.74518
438.02123,187.92759 437.84387,179.50348 436.40207,192.03467
434.00905,182.67634 432.47225,195.90817 432.57375,197.05035
429.60344,207.22493 431.90919,201.5 431.90919,201.5
431.90919,201.5 431.90919,201.5 431.90919,201.5
;
445.43384,182.99414 445.43384,182.99414 457.35768,179.18824
458.15545,167.15334 454.30038,156.50014 452.51369,149.17217
480.02912,156.44594 470.85956,146.03183 462.37763,136.67527
471.83598,154.42604 459.52443,150.03954 454.73942,151.36215
451.33554,155.55928 443.56974,142.85672 444.37041,137.95262
456.61339,112.53301 451.44479,122.35181 447.97178,118.94431
447.86919,100.07332 453.65821,95.00009 453.44748,90.069062
454.01112,76.684293 450.64048,68.646706 447.03376,59.859109
446.58368,45.773654 433.54578,49.591227 420.23131,54.599433
413.35392,70.365761 407.98072,82.985429 406.02685,97.372072
419.06047,105.82176 420.45265,119.15236 423.05902,133.36164
411.72944,106.09356 413.00706,126.20676 416.35889,125.72347
408.57845,143.01865 413.7013,152.43889 415.83704,164.18874
429.83194,167.30866 434.34723,154.90393 442.14314,148.30602
419.34447,172.78352 435.82171,175.8438 439.02935,177.81807
441.44182,183.23872 445.43384,182.99414 445.43384,182.99414
445.43384,182.99414 445.43384,182.99414 445.43384,182.99414
;
445.49234,179.0 445.49234,179.0 434.60365,179.21262
430.53913,153.61239 438.45703,163.93366 441.70005,181.33543
440.62066,164.79218 439.00669,157.49589 440.80274,163.41712
447.53882,185.27613 446.24314,165.43826 446.75759,158.929
436.30078,141.98647 444.9872,150.00828 446.7686,156.10653
454.4967,159.44265 453.65885,171.37189 450.88978,173.38029
448.91238,178.66073 445.49234,179.0 445.49234,179.0
445.49234,179.0 445.49234,179.0 445.49234,179.0
;
425.19567,160.37908 425.19567,160.37908 417.15388,162.76699
411.08598,138.18634 420.25308,144.04126 435.44631,149.78897
425.17423,143.16806 416.54703,138.3952 415.46945,128.47257
427.15715,124.96961 421.92963,133.0 426.23302,123.48792
431.36844,134.22215 428.21835,135.41521 438.94917,127.53508
425.18386,146.16352 439.48815,139.50103 441.46387,138.41168
432.96951,149.23436 428.2368,156.72931 425.22576,159.37978
425.59346,156.59602 425.19567,160.37908 425.19567,160.37908
425.19567,160.37908 425.19567,160.37908 425.19567,160.37908
;
439.82606,137.51367 439.82606,137.51367 437.27757,132.94953
427.95796,129.00897 423.57519,121.22523 417.82402,107.49078
424.01794,110.06849 435.26183,113.13818 426.70258,114.40477
444.72104,102.59017 446.59466,107.75987 446.34403,112.05801
433.56408,132.0642 440.94152,123.58162 448.62725,106.85772
447.30227,118.09094 446.85676,126.79413 443.43422,129.82358
446.68587,137.90179 439.82606,137.51367 439.82606,137.51367
439.82606,137.51367 439.82606,137.51367 439.82606,137.51367
;
430.26358,108.9558 430.26358,108.9558 419.63173,106.25886
409.35676,96.352364 412.88212,84.476717 420.17083,70.231331
413.98053,82.618107 423.3729,78.328595 436.69558,74.603331
407.38847,71.46232 421.20298,71.304228 432.00193,72.494446
416.87971,63.257689 428.99601,57.266693 440.47216,49.034801
442.67234,61.112341 448.11341,70.0 448.03581,65.703041
426.90708,64.218661 431.9871,70.746675 442.15958,69.120839
453.08618,71.92115 448.68696,84.632602 450.7842,95.871431
445.08222,105.64199 433.76357,108.11914 433.76357,108.11914
432.02714,109.0 432.02714,109.0 432.02714,109.0
430.26357,108.9558 430.26357,108.9558 430.26357,108.9558
430.26358,108.9558 430.26358,108.9558 430.26358,108.9558
;
429.19099,102.96832 429.19099,102.96832 438.06851,104.46627
414.02894,95.277408 434.69494,98.387316 445.20951,95.07637
434.34174,88.963675 425.5,91.030626 425.33666,93.680331
413.60192,91.591735 424.34344,102.07375 425.47681,103.80485
427.6009,102.5937 429.19099,102.96832 429.19099,102.96832
429.19099,102.96832 429.19099,102.96832 429.19099,102.96832
;
423.65809,88.659762 423.65809,88.659762 423.67779,85.726794
422.24098,88.50038 434.79607,85.038776 438.77561,87.735588
433.98813,80.251535 424.29477,85.5888 428.79376,73.725181
411.47647,91.564357 423.65809,88.659762 423.65809,88.659762
423.65809,88.659762 423.65809,88.659762 423.65809,88.659762
;
439.18034,79.0 439.18034,79.0 451.96156,78.96935
443.5089,67.294652 433.28662,73.053081 428.02439,74.139508
436.80489,80.921594 439.18034,79.0 439.18034,79.0
439.18034,79.0 439.18034,79.0 439.18034,79.0
;
