427.0,480.0 427.0,480.0 284.66667,480.0
142.33333,480.0 0.0,480.0 0.0,320.0
0.0,160.0 0.0,0.0 284.66667,0.0
569.33333,0.0 854.0,0.0 854.0,160.0
854.0,320.0 854.0,480.0 711.66667,480.0
569.33333,480.0 427.0,480.0 427.0,480.0
427.0,480.0 427.0,480.0 427.0,480.0
;
193.44383,479.0 193.44383,479.0 205.32134,460.86449
212.22609,436.91402 223.35153,417.08213 235.74804,402.40191
222.99838,400.45006 209.40842,402.66646 178.7823,402.46512
147.34286,404.71097 117.21691,402.5 113.86582,367.43768
109.9157,332.50206 105.90883,297.5 118.50465,290.3125
132.91387,274.17648 121.13072,260.10723 119.53274,249.76212
115.76971,239.97181 117.84266,228.5 118.77037,223.1292
118.31522,200.17598 114.69142,207.66435 116.59044,221.05159
114.43075,235.29866 114.84713,249.0 107.91457,244.53019
114.29335,227.18011 112.749,217.4966 111.51645,208.80784
117.05153,196.97627 108.87703,190.87703 115.74266,186.91115
113.19569,180.34765 106.72153,185.18385 99.736254,178.9765
111.40102,176.26933 115.68464,177.0 107.06623,173.98655
105.71319,163.02763 106.75535,152.58589 102.09439,151.41455
107.67346,136.89839 95.126717,139.0 88.549414,154.24264
93.001058,141.65107 88.663809,134.71693 82.840415,128.00607
81.778649,140.7996 76.166667,139.0 74.186568,137.35845
75.195477,137.27948 67.0,137.03596 62.858661,144.65895
72.120194,135.65736 68.106435,145.06151 65.782133,145.93257
57.374179,142.25997 55.541204,135.54452 49.312301,134.70265
26.15892,136.10615 40.0,140.83333 35.068571,143.1517
38.276841,158.34217 46.829214,156.51822 45.387717,164.35728
39.626009,176.50686 39.466736,158.554 33.623565,149.01099
32.452513,136.5678 31.423254,124.86252 43.674164,113.06823
26.876041,111.98177 22.786214,106.0 22.428808,93.378734
18.189515,87.323701 16.615919,89.647522 19.061103,78.322059
-9.7263253,83.947603 10.375879,81.0 19.231704,80.691649
11.621215,61.438159 12.395923,53.213383 16.009949,43.843468
2.6305856,24.31273 2.2482652,39.060592 6.3654026,38.806715
8.098848,36.453794 8.9972053,48.5 1.9778919,43.323727
-1.6521878,34.874146 2.693057,47.886735 -1.0679485,54.61411
2.9816626,54.977828 9.0,58.0 -3.6318655,57.186627
3.5842325,62.692447 1.0,71.560954 -1.9658568,75.096872
13.821504,69.578798 1.037305,75.424394 4.501267,87.496095
0.63824346,93.286386 1.1618042,104.6685 0.40607136,103.64439
8.5254614,115.45428 5.0,116.0 4.479533,117.02109
-2.6471844,107.7787 2.9558651,121.15802 23.166354,119.5668
19.340054,120.58382 1.5506894,123.11598 4.5865774,127.97962
20.558335,119.36878 27.561898,121.22856 23.443568,129.42776
23.728625,122.90161 23.0,130.65748 22.567079,145.31601
26.673276,159.63895 29.199482,174.0 50.560198,173.8496
22.865205,176.27547 14.901651,177.10204 1.9520292,182.56145
26.19631,177.06 27.0028,186.5 11.875122,188.34563
9.7427082,182.68845 12.584256,182.13412 -6.3624756,180.54754
11.057161,183.51912 1.0,187.08602 3.1824022,196.05445
3.9432886,206.62238 4.4039815,217.40358 7.8786727,227.22455
3.43642,241.03565 2.9244556,240.86527 12.092905,245.06875
7.2036201,228.06687 7.2076981,220.69505 9.2444031,212.2922
-2.254111,191.97783 11.953922,193.43035 20.663782,195.14557
38.875079,186.69942 35.349414,201.5 32.717962,186.30353
52.335058,195.44957 61.354008,193.0 73.023258,191.95531
66.018517,211.9039 69.707014,219.94834 69.082604,228.62822
76.878226,243.81503 66.210939,244.21431 75.043204,246.46555
72.481609,259.48669 75.391392,268.00004 76.252364,275.6895
53.523444,265.12986 53.094285,275.33945 52.031762,281.36628
43.670429,285.37117 38.584888,288.39742 33.110615,286.92298
10.153085,293.61333 18.873839,289.49273 29.507028,285.16912
37.359804,274.75628 24.02194,283.22656 21.378283,287.26643
12.65194,287.79972 19.480389,281.63076 18.498814,281.8968
10.09542,284.99404 1.0,288.0 5.1382827,288.41609
22.243248,289.69171 2.9082031,292.0 -0.2266318,297.6634
23.269281,293.40759 31.086917,294.54389 45.254496,296.73993
58.008697,290.34067 69.0,282.04034 62.45067,294.52522
44.59758,297.25776 31.255242,296.11497 23.811971,296.87308
0.82076089,294.71778 2.959302,299.0 17.210548,299.0
31.461795,299.0 45.713041,299.0 46.571529,310.61761
47.162647,324.94734 50.5,334.56594 48.663941,339.21419
39.096084,329.23887 38.028789,336.73165 51.528632,332.54349
37.197172,344.54165 35.236842,340.5 25.888426,334.27699
38.189043,340.96033 24.622065,346.27901 23.434341,342.30451
32.353341,332.46931 21.533808,345.12514 25.102432,363.34317
14.083433,344.90431 14.0,359.93547 14.432259,360.93089
2.3205355,358.89648 1.0,370.10178 9.5243214,363.41732
18.592091,365.78948 25.656046,355.55261 16.369077,351.63656
38.147676,336.60619 30.714999,346.04833 23.559514,357.6614
40.296997,345.47437 44.83952,340.29054 53.29034,333.44307
52.022337,358.19325 50.690983,364.30902 61.863744,363.21825
27.366064,370.46451 42.619241,368.44488 64.248775,364.9307
36.52851,371.332 50.166265,369.9648 59.05085,370.93394
46.397055,382.65616 54.666667,382.50004 47.493457,385.97362
34.058382,382.98533 24.5,385.74017 34.157387,388.23475
53.552559,378.57685 55.886848,390.21043 51.400986,398.47697
33.624901,392.57379 24.030819,395.24089 32.064801,398.07008
44.90979,394.4659 54.749143,395.27239 47.634593,393.56055
60.378759,401.35746 54.457806,404.87725 61.502631,407.6943
57.662482,423.41674 60.819704,431.20014 67.805221,445.47905
47.478327,444.75651 63.000008,445.27102 58.787672,448.86654
39.312671,446.14923 47.166675,447.0001 39.053371,449.05397
39.083773,461.14401 49.282244,458.52501 56.640615,459.87479
37.121719,462.58011 38.118034,459.00002 32.023233,462.53318
26.674191,454.24867 30.0,448.3407 30.738576,448.47987
43.063461,441.89258 34.04208,443.40445 27.583251,439.02458
33.9938,423.16392 29.002397,414.75638 25.068115,405.95774
20.98819,396.62796 9.6694946,399.79351 -11.396505,400.31242
19.492896,402.86121 1.7058359,403.49233 8.167056,405.45478
-4.65126,411.03696 9.0,406.8449 14.721364,404.54789
19.434082,423.51354 18.614368,431.62014 19.590994,448.32234
13.15101,429.3006 5.2832085,424.09932 -1.2329258,406.36733
-0.53767197,427.12171 9.44249,432.18627 14.944378,442.34968
24.098595,444.05057 20.985841,429.6628 21.160038,417.89874
13.640105,398.93995 12.803456,403.0 28.701904,405.33489
29.452692,426.73315 28.300704,439.51759 27.205216,448.5004
23.226112,458.67351 31.916232,462.0 41.098666,464.10655
37.760322,464.57363 41.418326,467.18144 47.045971,458.64275
53.208998,462.52252 63.5,461.75805 45.344439,459.83232
65.622338,462.42684 65.060823,453.04913 64.85583,439.52323
70.018992,478.41968 67.607974,452.5997 64.879406,413.00249
56.256537,373.50449 53.447968,334.28203 57.084644,336.8219
73.072304,335.13453 82.0,334.7009 81.91105,344.11072
87.11972,353.37253 90.999999,361.11902 84.162932,370.2111
71.737677,378.48213 77.10453,391.50324 80.010033,405.86982
78.484878,422.35513 84.049918,435.44992 94.903808,428.56471
73.65088,452.87624 74.451935,444.25812 83.337169,446.31288
68.538351,438.66418 73.19553,431.1378 78.864049,422.38049
71.469507,424.33694 69.963014,433.04553 71.866787,441.53342
68.077235,454.53993 72.878531,452.83272 71.257546,456.30401
82.817169,454.19429 75.62886,464.3104 67.754495,474.93822
50.121573,466.90109 41.0,471.08975 49.776657,471.80049
66.296126,474.33528 74.830007,468.6206 81.583456,463.47224
85.950416,453.92149 85.09375,461.72261 92.01704,460.23957
98.466166,447.94495 102.92177,439.8608 116.91925,418.6905
89.929929,455.94983 94.940434,446.97107 90.253123,463.72128
83.504155,451.07011 96.171613,442.22475 100.11015,435.59917
112.53573,419.39328 113.85375,426.48686 102.75043,434.30105
116.06298,428.08091 125.5,430.4281 138.84789,428.98394
153.97558,425.59122 163.23864,415.08686 153.47248,401.4202
170.08581,407.34638 179.73816,405.70848 194.93046,405.5486
211.83599,404.12222 226.00001,405.53538 213.8879,429.50388
203.66068,454.62175 192.15664,479.00004 192.15664,479.00004
193.44384,479.00004 193.44384,479.00004 193.44384,479.00004
193.44383,479.0 193.44383,479.0 193.44383,479.0
;
56.835753,457.0 56.835753,457.0 45.534512,451.59181
71.863344,447.23759 57.845048,457.0 57.845048,457.0
56.835753,457.0 56.835753,457.0 56.835753,457.0
;
85.961939,450.52352 85.961939,450.52352 86.887841,446.31388
96.916076,431.8173 85.982069,447.2638 78.512792,455.36422
89.891533,434.70296 88.250041,438.5 86.516992,440.83697
97.656983,423.68311 94.838692,428.5 100.920993,420.01552
99.798198,421.49326 102.795363,415.3735 107.348753,414.84548
101.467413,408.22465 109.000043,410.0 105.155493,417.29528
123.406563,409.28139 109.195913,421.69304 100.839323,430.77835
94.242155,441.51649 85.961942,450.52352 85.961942,450.52352
85.961939,450.52352 85.961939,450.52352 85.961939,450.52352
;
86.537314,428.5 86.537314,428.5 81.296615,428.93091
84.018056,409.19581 81.074899,402.00908 81.052059,391.38082
74.855621,378.85434 85.518802,371.53489 86.851125,364.66659
104.40692,358.31093 92.944522,356.6993 85.555458,348.62197
79.826968,329.86395 92.363699,323.05695 102.1024,329.27554
98.98083,341.68522 100.88584,350.42945 104.83531,366.49232
104.39856,384.78457 108.09424,401.5 104.31843,394.66323
99.546687,412.14044 94.811012,416.29818 92.170408,420.45265
89.51824,424.58395 86.537314,428.5 86.537314,428.5
86.537314,428.5 86.537314,428.5 86.537314,428.5
;
86.243398,408.93019 86.243398,408.93019 103.77651,408.86679
99.634786,403.50301 84.862147,407.57771 80.8183,408.38882
83.286201,411.08735 86.243398,408.93019 86.243398,408.93019
86.243398,408.93019 86.243398,408.93019 86.243398,408.93019
;
99.807212,367.10721 99.807212,367.10721 98.106686,346.60584
97.696847,382.12116 99.807203,367.10721 99.807203,367.10721
99.807212,367.10721 99.807212,367.10721 99.807212,367.10721
;
127.0,426.29471 127.0,426.29471 110.28234,429.27877
124.02908,415.43603 112.0353,421.90378 116.46552,410.05713
130.98107,411.90699 141.13295,408.29379 150.45557,402.51334
166.43943,414.46445 151.21412,419.4329 143.13654,421.61036
135.35738,425.44453 127.0,426.29471 127.0,426.29471
127.0,426.29471 127.0,426.29471 127.0,426.29471
;
112.10699,412.0 112.10699,412.0 107.85744,402.24528
110.01396,387.74782 107.76057,376.19395 105.29051,349.62167
100.40192,323.26599 99.0,296.6 105.6509,311.69137
100.4555,313.48793 103.51702,298.0 107.25796,308.77103
106.27561,324.93448 108.2967,337.75542 111.01395,359.92908
113.76602,383.55486 115.00155,405.00251 126.88046,406.97695
134.96835,406.07249 117.5,410.13044 113.63882,409.88209
113.36477,409.54603 112.10699,412.0 112.10699,412.0
112.10699,412.0 112.10699,412.0 112.10699,412.0
;
59.084879,334.0 59.084879,334.0 53.065879,327.58423
57.330396,326.02773 55.13281,314.31984 50.011582,305.40813
57.738251,285.25261 58.0,303.82925 64.073552,319.38095
59.500784,291.22638 61.91176,294.5 63.181414,306.58597
68.01572,291.82716 63.0,309.26658 62.146094,323.2764
67.173062,319.98174 65.022011,329.5 61.719476,334.11008
67.616713,324.09585 59.084879,334.0 59.084879,334.0
59.084879,334.0 59.084879,334.0 59.084879,334.0
;
75.024982,333.0 75.024982,333.0 61.465501,336.56734
69.429582,318.30561 64.997425,311.0907 68.113845,299.48164
68.629135,284.03217 81.584057,278.92862 86.613624,279.22375
83.623403,293.82172 86.950549,303.5 89.590189,314.0713
87.325705,324.04694 83.0,333.0 80.341661,333.0
77.683321,333.0 75.024982,333.0 75.024982,333.0
75.024982,333.0 75.024982,333.0 75.024982,333.0
;
52.062681,322.0 52.062681,322.0 51.255827,338.13539
48.141794,297.01434 49.809126,308.35028 50.723478,320.11558
53.238295,312.62765 52.062681,322.0 52.062681,322.0
52.062681,322.0 52.062681,322.0 52.062681,322.0
;
97.624092,324.0 97.624092,324.0 89.00115,316.00034
97.853924,301.14451 97.163828,320.5 96.335374,320.92009
99.604895,324.4561 97.624092,324.0 97.624092,324.0
97.624092,324.0 97.624092,324.0 97.624092,324.0
;
89.720998,316.72721 89.720998,316.72721 89.684318,327.25292
86.951767,290.63899 91.155717,307.43592 93.546078,316.17169
90.596395,311.23748 89.720998,316.72721 89.720998,316.72721
89.720998,316.72721 89.720998,316.72721 89.720998,316.72721
;
94.548033,306.57006 94.548033,306.57006 90.201736,309.84461
91.484196,289.14064 90.691739,285.19895 84.451655,272.9794
94.229565,268.69027 92.04772,284.5 93.356169,291.47651
97.41401,299.93441 94.548033,306.57006 94.548033,306.57006
94.548033,306.57006 94.548033,306.57006 94.548033,306.57006
;
67.549172,296.0 67.549172,296.0 63.08652,297.65778
67.6621,284.79907 66.905903,294.71857 69.495135,287.88873
69.599297,290.77214 67.549172,296.0 67.549172,296.0
67.549172,296.0 67.549172,296.0 67.549172,296.0
;
101.17065,293.74804 101.17065,293.74804 90.817147,291.80942
104.75631,264.61176 92.848378,268.90074 92.775868,266.59873
108.28112,256.75752 116.06278,259.00004 113.43339,277.5158
115.72623,260.95394 121.08926,267.90358 125.963,279.8946
112.06261,286.65827 105.59515,294.50004 102.95184,288.78238
120.3282,262.63827 109.07697,277.80002 104.61041,281.82816
105.04612,292.86053 101.17065,293.74804 101.17065,293.74804
101.17065,293.74804 101.17065,293.74804 101.17065,293.74804
;
47.594864,290.49524 47.594864,290.49524 38.221359,288.71922
63.752016,275.83084 57.611302,277.18009 69.881523,274.53824
70.469561,282.56234 57.315329,287.57345 54.699598,289.89146
50.764996,289.45787 47.594864,290.49524 47.594864,290.49524
47.594864,290.49524 47.594864,290.49524 47.594864,290.49524
;
76.5,280.14044 76.5,280.14044 63.402228,285.92717
92.287542,266.11087 80.5,277.87859 79.166667,278.63254
77.833333,279.38649 76.5,280.14044 76.5,280.14044
76.5,280.14044 76.5,280.14044 76.5,280.14044
;
81.82346,271.0 81.82346,271.0 82.937309,258.96253
80.01433,241.06559 78.892129,226.8053 77.507967,214.77723
76.80767,202.6607 74.776283,190.71636 86.383188,192.82057
98.909881,191.73769 110.0,195.11803 109.9122,211.57869
109.82448,228.03934 109.73672,244.5 103.83781,226.44521
114.4287,263.54658 106.34788,256.99406 99.549791,262.6518
84.599685,261.77859 82.860898,271.0 82.860898,271.0
81.82346,271.0 81.82346,271.0 81.82346,271.0
;
118.84401,255.84424 118.84401,255.84424 114.44011,254.08861
115.43833,249.9124 113.47695,250.0 116.40862,248.71667
119.07825,253.84627 118.84401,255.84424 118.84401,255.84424
118.84401,255.84424 118.84401,255.84424 118.84401,255.84424
;
16.440983,191.0 16.440983,191.0 -5.1341906,191.59955
10.590754,187.58522 22.770083,189.36196 38.427145,189.27726
22.450081,191.94951 16.440983,191.0 16.440983,191.0
16.440983,191.0 16.440983,191.0 16.440983,191.0
;
77.495265,187.80136 77.495265,187.80136 56.739292,194.47447
77.297937,183.90256 87.191897,181.76788 94.679793,176.09179
98.96588,179.39475 99.55,176.01536 108.04746,177.93369
101.70983,171.83754 95.456955,168.32156 91.420773,151.03921
93.654556,164.50315 88.541275,152.45246 79.822269,150.11482
64.61311,156.26193 60.335603,148.50006 74.213325,147.86644
88.264772,149.33103 102.0,146.97642 96.31236,149.88277
89.595934,157.05516 97.504759,165.64026 104.2696,163.57535
97.413369,164.75153 104.0,154.96124 105.87329,149.04732
105.37292,179.72102 107.61117,176.66788 97.488954,179.52273
100.51053,187.14122 88.829103,185.49576 84.804316,183.81188
81.302782,186.8468 77.495265,187.80136 77.495265,187.80136
77.495265,187.80136 77.495265,187.80136 77.495265,187.80136
;
97.917134,190.57565 97.917134,190.57565 85.896853,191.15878
74.130833,187.76958 93.153017,188.10318 95.225472,188.34404
104.77176,187.38416 97.917134,190.57565 97.917134,190.57565
97.917134,190.57565 97.917134,190.57565 97.917134,190.57565
;
58.608677,185.0 58.608677,185.0 49.828377,182.92938
70.843397,183.52836 70.0,175.79254 60.624617,166.41931
68.80724,184.64895 63.0,175.0 57.832184,174.34122
62.612071,159.69372 62.0,167.46482 63.305033,173.53051
89.312982,173.46113 79.258154,175.04151 61.913416,182.51241
79.634231,181.17821 70.880465,182.82609 66.143108,180.03323
63.206862,185.80358 58.608677,185.0 58.608677,185.0
58.608677,185.0 58.608677,185.0 58.608677,185.0
;
44.1875,181.77083 44.1875,181.77083 36.743823,180.46802
40.729657,175.12133 44.024316,179.0 47.486633,177.10665
45.972591,182.02469 44.1875,181.77083 44.1875,181.77083
44.1875,181.77083 44.1875,181.77083 44.1875,181.77083
;
94.5,175.26684 94.5,175.26684 89.010263,179.23561
93.434479,149.89272 93.777288,171.61532 93.38263,176.27177
104.72742,172.99043 94.5,175.26684 94.5,175.26684
94.5,175.26684 94.5,175.26684 94.5,175.26684
;
87.591295,173.2273 87.591295,173.2273 77.979647,172.47348
77.52154,168.57281 90.0,171.0508 91.199053,173.43181
88.848337,172.87735 87.591295,173.2273 87.591295,173.2273
87.591295,173.2273 87.591295,173.2273 87.591295,173.2273
;
36.047287,172.81878 36.047287,172.81878 26.158503,171.53826
30.879118,153.41979 26.692436,145.50004 21.77738,137.33672
29.217552,118.23395 30.928715,136.50004 29.153227,145.13622
41.963819,160.72478 35.0,161.06277 38.60822,164.0433
42.35564,174.28905 36.047287,172.81878 36.047287,172.81878
36.047287,172.81878 36.047287,172.81878 36.047287,172.81878
;
78.75,169.93661 78.75,169.93661 66.000432,169.20206
68.929688,163.2854 73.873236,167.01411 84.659342,167.09861
92.769757,162.05739 80.0,168.51905 80.0,168.51905
80.0,170.0 80.0,170.0 80.0,170.0
78.75,169.9366 78.75,169.9366 78.75,169.9366
78.75,169.93661 78.75,169.93661 78.75,169.93661
;
70.75,164.96959 70.75,164.96959 59.565288,163.45463
63.250543,155.84016 72.0,160.00001 71.274145,161.13134
73.487572,166.01895 70.75,164.96959 70.75,164.96959
70.75,164.96959 70.75,164.96959 70.75,164.96959
;
99.66411,159.82391 99.66411,159.82391 97.082461,149.23977
103.3904,161.14559 101.33428,159.5 101.33428,159.5
99.664115,159.82391 99.664115,159.82391 99.664115,159.82391
99.66411,159.82391 99.66411,159.82391 99.66411,159.82391
;
56.587361,158.74597 56.587361,158.74597 51.530781,158.74297
52.695592,148.99899 56.500001,143.11534 62.329106,145.89007
50.785299,146.98963 56.587361,158.74597 56.587361,158.74597
56.587361,158.74597 56.587361,158.74597 56.587361,158.74597
;
46.549196,155.67586 46.549196,155.67586 31.747218,151.20124
56.733705,150.00021 51.081844,153.75948 39.847934,150.56049
56.431479,156.92801 46.549196,155.67586 46.549196,155.67586
46.549196,155.67586 46.549196,155.67586 46.549196,155.67586
;
56.460337,141.873 56.460337,141.873 50.6455,140.2201
51.666067,136.65084 52.133369,137.13164 56.067669,135.54488
57.164904,139.19452 56.460337,141.873 56.460337,141.873
56.460337,141.873 56.460337,141.873 56.460337,141.873
;
31.25,120.98469 31.25,120.98469 4.6428061,120.10253
35.746454,115.01419 31.25,120.98469 31.25,120.98469
31.25,120.98469 31.25,120.98469 31.25,120.98469
;
7.8652233,118.00053 7.8652233,118.00053 3.9529768,108.64729
5.7190929,99.950182 6.4879865,90.067418 10.049518,86.974065
8.33486,81.170602 14.403818,92.344375 20.817679,105.812
3.195962,89.986395 11.029725,102.24104 -2.532962,99.142256
26.078557,110.79679 13.10444,104.21455 20.618092,97.682438
18.755249,118.55285 9.2501028,106.75 6.42964,99.518679
9.9769246,118.28464 7.8652233,118.00053 7.8652233,118.00053
7.8652233,118.00053 7.8652233,118.00053 7.8652233,118.00053
;
7.8360663,79.0 7.8360663,79.0 2.2591031,78.07863
10.503065,74.486091 10.913273,72.845955 10.019632,75.294757
12.933853,80.891145 7.8360663,79.0 7.8360663,79.0
7.8360663,79.0 7.8360663,79.0 7.8360663,79.0
;
681.66328,479.0 681.66328,479.0 681.60848,472.29021
668.3637,462.13879 666.1472,452.5 660.66178,443.57152
648.03766,432.61582 646.86481,424.91201 646.25799,424.48555
625.46747,405.43724 633.67346,404.90554 643.02656,404.50675
661.62683,401.37563 663.45915,404.1159 724.66076,406.35127
787.59883,405.15831 849.5,405.99842 859.62673,397.83407
837.39742,406.14708 831.5815,403.38629 779.46368,403.08176
727.34544,402.84807 675.22746,402.57088 672.34675,394.83535
677.65961,394.70498 666.68168,393.00004 668.89298,404.41204
656.52003,402.15924 645.41821,402.00004 630.44627,399.0968
620.86189,403.87752 635.27235,416.24533 644.53689,428.4969
653.80142,440.74847 663.06595,453.00004 655.99412,453.38687
626.31065,452.60439 646.89223,454.42123 632.45792,455.67685
649.56288,456.16739 661.29766,456.94969 670.52966,458.72741
673.56066,475.09754 681.66328,479.0 681.66328,479.0
681.66328,479.0 681.66328,479.0 681.66328,479.0
;
86.75,476.9731 86.75,476.9731 101.88804,471.15342
88.756118,473.02587 94.0,467.82672 90.55572,454.72669
81.011689,472.7208 84.0,473.88197 84.02758,476.59096
83.12571,477.8113 86.75,476.9731 86.75,476.9731
86.75,476.9731 86.75,476.9731 86.75,476.9731
;
88.4728,473.37206 88.4728,473.37206 83.766121,470.78348
95.123392,459.05408 89.9456,472.8069 89.9456,472.8069
88.4728,473.37206 88.4728,473.37206 88.4728,473.37206
;
67.836511,467.0 67.836511,467.0 86.195548,458.92194
58.694747,464.5045 67.836511,467.0 67.836511,467.0
67.836511,467.0 67.836511,467.0 67.836511,467.0
;
382.90654,457.56251 382.90654,457.56251 395.5984,458.3345
390.81331,439.88215 392.78973,431.58837 394.44563,420.88426
396.3572,411.40792 398.5811,400.93521 403.92856,389.54649
400.79108,374.97556 411.11706,366.24649 413.59188,357.92014
412.57914,340.36618 416.96747,340.43727 416.26624,351.6356
422.66137,362.99199 421.57118,375.4132 421.53088,392.57177
424.28206,409.01526 425.72339,425.86625 417.6044,418.50045
433.42564,444.54496 432.02455,442.82942 439.52635,453.13406
464.09391,438.3342 451.36917,427.87658 440.53213,419.60085
445.12497,409.34139 447.30386,398.44677 453.68054,368.61065
444.05604,336.47402 457.99999,308.09932 459.73119,297.27846
468.82018,288.20897 465.50096,276.17766 464.6653,260.75754
460.63236,245.59534 460.99092,230.0 476.84315,233.09573
485.03106,216.3909 490.13144,204.39304 482.919,179.40387
476.9579,151.64083 456.883,133.62913 445.57577,132.32077
437.76685,123.22578 440.39996,111.70077 439.42312,92.689977
437.73669,68.494649 419.39399,57.994323 404.76856,56.256559
390.01071,63.69208 385.93095,78.560665 377.84913,92.717688
378.37169,109.6342 376.0689,124.87305 375.6332,138.19692
355.61056,146.5791 357.00096,162.06424 350.47382,173.00608
358.54246,183.26093 355.01747,195.26455 352.55548,208.33849
353.9891,222.19164 365.46498,230.71088 379.19455,232.0132
369.70675,245.94753 370.76024,255.00464 374.32581,264.60816
369.1613,275.75871 370.92004,286.4593 370.26646,298.96463
374.91844,311.88447 374.94497,323.66091 376.19511,315.00155
376.78699,331.97736 377.17949,331.22615 380.52689,345.42235
378.00887,363.16627 373.14822,377.98647 375.183,387.43598
367.96812,402.45443 373.00104,402.9996 371.66441,414.82947
377.82998,426.27589 368.95794,436.22648 361.92632,446.26903
363.72625,452.72186 375.37293,455.88562 377.62592,458.02825
380.05071,457.74279 382.90654,457.56251 382.90654,457.56251
382.90654,457.56251 382.90654,457.56251 382.90654,457.56251
;
380.71853,450.15459 380.71853,450.15459 379.58489,451.45934
368.7446,451.41046 368.72792,443.33117 374.32417,435.37106
374.80343,420.89419 387.52701,424.99998 393.08449,429.39633
389.37807,444.73474 387.52501,452.77352 382.28853,455.51174
384.65705,440.18397 380.71864,450.15459 380.71864,450.15459
380.71853,450.15459 380.71853,450.15459 380.71853,450.15459
;
437.1331,441.68481 437.1331,441.68481 429.80152,439.6537
428.51946,422.57609 427.70201,413.777 439.47315,412.34069
443.3657,420.6306 449.60128,429.49366 455.50609,435.23632
444.42297,442.8707 445.2,440.8 445.1891,442.87253
436.57,428.51216 437.1331,441.68481 437.1331,441.68481
437.1331,441.68481 437.1331,441.68481 437.1331,441.68481
;
383.42431,422.98635 383.42431,422.98635 370.88448,421.26076
377.53042,403.79248 375.31058,394.66761 373.91157,374.77001
384.5979,356.23813 381.26144,336.16301 379.49309,315.22226
371.23552,295.04141 373.85429,273.66277 375.81005,263.91196
373.83409,255.6875 374.35505,245.80367 379.29425,233.99431
374.07596,229.61575 364.266,226.06407 356.85518,217.6008
355.46817,208.59655 357.88895,198.64768 357.51653,189.29561
358.34065,177.98887 358.76905,170.5 361.23037,156.8955
366.14754,144.09397 376.86936,134.79507 383.83756,120.52373
378.15033,103.19438 385.72766,88.624534 388.35358,73.380614
401.41282,55.852368 418.62974,62.656052 434.42836,69.760147
435.86888,91.640235 436.97026,107.18457 436.67135,118.7371
437.83923,134.64127 452.58334,135.76845 470.39602,145.84855
475.24489,168.24561 482.06675,186.34181 486.66711,197.46394
489.1985,208.79347 479.24236,217.68859 477.67062,232.15912
455.9632,221.21234 458.35839,233.0726 456.05345,255.47908
471.44799,280.2786 456.52351,300.27906 449.90939,323.05349
442.70529,346.7312 448.10673,370.5 445.16198,384.1967
446.32634,399.08339 440.69412,411.96676 428.0702,417.90136
423.93367,404.65316 425.53968,394.5 425.13779,375.66788
422.81751,356.79762 419.25979,338.57239 423.952,331.41661
414.01304,309.91043 423.50001,315.9654 432.6225,308.61813
417.32314,302.11152 423.26829,289.66807 421.13791,280.11943
424.58974,276.35749 424.25001,267.11935 419.98916,258.28015
423.88019,244.67769 422.58674,234.1046 422.57774,222.81752
420.99783,264.3998 421.1506,237.37286 420.62642,226.77117
427.22836,221.86806 425.03335,209.24847 423.86277,197.66282
423.38201,187.42754 432.84415,197.0 443.67519,189.97561
441.3251,177.38139 435.49925,168.03521 429.39705,156.60307
453.34563,169.96452 453.0,160.0 446.22141,149.54233
450.32061,164.10664 439.23779,160.60677 433.30267,164.28399
421.32058,164.16709 428.21544,150.73323 434.82532,136.82084
423.56679,120.50977 434.5,107.71509 431.67146,100.78721
432.37293,87.858903 427.19337,78.998004 425.91322,65.350629
405.63044,70.300423 403.96799,81.676628 397.99426,91.766804
397.8827,101.01129 393.80608,111.88238 399.13022,120.72199
400.16153,129.77739 404.32802,138.53243 414.96295,145.35786
409.84054,160.1656 399.84655,149.0 392.67711,150.09561
407.8759,159.61654 400.18111,169.96114 394.57772,178.50577
394.17386,192.00901 406.88693,194.0 411.76582,190.91452
419.49433,175.07283 419.0,186.40028 417.6495,192.75318
422.71405,193.06291 421.89419,207.75225 418.71661,240.83965
420.36439,274.28399 419.44072,307.38019 413.26982,310.84048
414.97708,325.29956 413.06343,334.66894 410.52782,348.846
411.24154,364.20491 401.22684,375.5 399.4478,390.46997
394.52806,404.95278 391.69953,419.45682 391.45843,423.31803
386.16406,422.81114 383.42431,422.98635 383.42431,422.98635
383.42431,422.98635 383.42431,422.98635 383.42431,422.98635
;
382.29579,282.6086 382.29579,282.6086 399.17467,271.1097
374.80533,274.39743 382.29579,282.6086 382.29579,282.6086
382.29579,282.6086 382.29579,282.6086 382.29579,282.6086
;
458.64639,280.0 458.64639,280.0 468.10208,273.31583
443.54865,266.94509 458.64639,280.0 458.64639,280.0
458.64639,280.0 458.64639,280.0 458.64639,280.0
;
391.12735,268.32023 391.12735,268.32023 398.62574,249.51386
381.15101,275.79482 391.12735,268.32023 391.12735,268.32023
391.12735,268.32023 391.12735,268.32023 391.12735,268.32023
;
453.56739,270.0 453.56739,270.0 460.82796,261.93027
444.74602,262.28606 453.56739,270.0 453.56739,270.0
453.56739,270.0 453.56739,270.0 453.56739,270.0
;
421.73899,300.75 421.73899,300.75 421.16935,318.25561
421.11242,268.31841 421.8617,291.20546 422.26383,294.39177
421.9498,297.56434 421.73899,300.75 421.73899,300.75
421.73899,300.75 421.73899,300.75 421.73899,300.75
;
421.73499,273.75 421.73499,273.75 421.06501,286.69182
421.09239,244.25078 422.10953,269.0 421.98468,270.58333
421.85984,272.16667 421.73499,273.75 421.73499,273.75
421.73499,273.75 421.73499,273.75 421.73499,273.75
;
423.10576,223.99758 423.10576,223.99758 421.91843,224.72392
422.76449,203.29839 423.71722,195.56509 423.30031,204.73919
424.70236,214.77261 423.10576,223.99758 423.10576,223.99758
423.10576,223.99758 423.10576,223.99758 423.10576,223.99758
;
432.16106,191.91715 432.16106,191.91715 422.04023,190.04451
419.89093,179.21525 425.99995,173.65752 428.64271,166.81482
421.17435,158.57751 430.5,171.0 434.05076,168.7178
437.5644,177.22151 438.0,185.84655 436.05273,187.07449
434.44337,191.81243 432.16106,191.91715 432.16106,191.91715
432.16106,191.91715 432.16106,191.91715 432.16106,191.91715
;
404.86287,189.7875 404.86287,189.7875 397.19347,188.43872
400.94111,178.176 403.40003,170.83329 398.43694,161.72195
418.57449,150.32834 409.0,158.02381 421.15938,156.16572
418.9316,165.07591 419.13388,164.25474 424.64344,167.5337
417.19103,179.70138 410.21252,183.84676 408.65771,185.94391
405.40245,187.07866 404.86287,189.7875 404.86287,189.7875
404.86287,189.7875 404.86287,189.7875 404.86287,189.7875
;
422.32417,151.04395 422.32417,151.04395 415.48126,155.72716
404.08937,136.53031 409.75,137.43378 409.63337,137.23444
403.53511,128.91768 405.5,128.52958 398.89522,124.43187
421.56353,131.97042 425.20415,122.99999 428.59536,126.51338
415.55506,148.08462 424.14048,136.21639 429.21984,122.66095
427.2038,146.56663 424.14848,150.40097 424.14848,150.40097
422.32432,151.04394 422.32432,151.04394 422.32432,151.04394
422.32417,151.04395 422.32417,151.04395 422.32417,151.04395
;
412.7609,125.9558 412.7609,125.9558 402.41782,123.14855
396.19709,116.08439 400.78562,105.07295 414.59221,95.281825
403.11204,92.787876 408.19714,92.672668 407.54438,90.203661
406.41158,76.139535 418.66928,75.78902 424.68764,82.850296
433.30659,93.188529 420.00855,86.0 408.85739,92.473972
418.4192,89.087568 418.36064,99.0 433.67017,101.33697
420.79124,83.07402 429.09507,94.874991 430.18236,108.05298
429.04187,123.93623 412.7609,125.9558 412.7609,125.9558
412.7609,125.9558 412.7609,125.9558 412.7609,125.9558
;
412.56465,122.0 412.56465,122.0 425.12802,119.0704
395.45491,119.49779 415.74799,116.0645 428.78193,118.48384
416.1481,105.11107 406.87188,109.86144 399.4897,113.28599
407.17762,122.87666 412.56465,122.0 412.56465,122.0
412.56465,122.0 412.56465,122.0 412.56465,122.0
;
407.5,108.0 407.5,108.0 419.82636,104.59033
411.83306,105.65566 407.61844,105.44806 419.09784,101.64288
394.76954,102.72546 407.5,108.0 407.5,108.0
407.5,108.0 407.5,108.0 407.5,108.0
;
415.59501,107.9778 415.59501,107.9778 425.98222,101.02803
412.17665,101.07419 416.59501,105.82818 417.46687,105.98072
412.79484,108.72767 415.59501,107.9778 415.59501,107.9778
415.59501,107.9778 415.59501,107.9778 415.59501,107.9778
;
69.360266,425.0 69.360266,425.0 77.497847,419.6107
63.181053,410.93758 70.0,404.6 68.401305,400.81404
66.840317,402.65619 66.719885,391.15254 68.384734,384.08665
58.706928,370.72656 64.5,369.0 65.899253,366.01477
62.667764,369.65937 64.625126,360.29179 57.737317,372.28118
59.32365,337.65273 58.387805,348.41072 59.094307,373.16093
63.487945,397.95763 68.126362,421.75 68.863153,422.52622
66.435496,426.2882 69.360266,425.0 69.360266,425.0
69.360266,425.0 69.360266,425.0 69.360266,425.0
;
515.15813,407.77838 515.15813,407.77838 520.53229,411.28202
507.68554,393.0089 515.15813,407.77838 515.15813,407.77838
515.15813,407.77838 515.15813,407.77838 515.15813,407.77838
;
30.101163,407.29884 30.101163,407.29884 35.026675,394.84409
14.635558,400.48558 29.15359,401.71296 29.07738,402.61467
27.759753,411.20031 30.101163,407.29884 30.101163,407.29884
30.101163,407.29884 30.101163,407.29884 30.101163,407.29884
;
551.5,404.88501 551.5,404.88501 548.04903,400.70634
568.66853,403.83919 575.8366,403.08971 592.3499,402.48467
561.6668,401.59753 556.54116,401.69748 544.51459,401.40656
527.32365,400.77856 548.5,402.6548 540.70582,402.78191
550.0494,404.48847 551.5,404.88501 551.5,404.88501
551.5,404.88501 551.5,404.88501 551.5,404.88501
;
565.5,404.64504 565.5,404.64504 589.03265,404.59794
550.03315,403.63882 560.4186,404.64304 562.11206,404.64353
563.80802,404.64604 565.5,404.64504 565.5,404.64504
565.5,404.64504 565.5,404.64504 565.5,404.64504
;
336.0,402.6395 336.0,402.6395 360.44334,402.6279
320.35804,401.62654 330.4186,402.6395 332.27907,402.6395
334.13953,402.6395 336.0,402.6395 336.0,402.6395
336.0,402.6395 336.0,402.6395 336.0,402.6395
;
332.19799,401.24153 332.19799,401.24153 337.88416,401.26143
367.46079,400.42467 354.62219,400.36457 341.24812,400.28987
327.87406,400.21524 314.5,400.14057 319.89348,402.83684
326.36863,400.76668 332.19799,401.24153 332.19799,401.24153
332.19799,401.24153 332.19799,401.24153 332.19799,401.24153
;
465.30902,401.88169 465.30902,401.88169 489.83891,400.46647
450.63514,398.67652 465.03507,401.88969 465.03507,401.88969
465.30902,401.88169 465.30902,401.88169 465.30902,401.88169
;
2.4182125,389.0 2.4182125,389.0 6.1630844,380.98496
10.831383,376.30766 25.113008,378.44452 31.830758,382.42318
51.835298,367.56686 36.372124,372.64621 26.879249,375.79903
15.140247,375.63007 5.6587806,374.99211 13.025733,362.06259
1.1675505,381.47905 9.54212,377.66108 -3.420952,376.01189
5.7601899,389.75614 4.0,387.0 1.6475383,385.56166
-1.0921835,389.28371 2.4182125,389.0 2.4182125,389.0
2.4182125,389.0 2.4182125,389.0 2.4182125,389.0
;
20.0,326.60261 20.0,326.60261 42.071441,327.12232
27.609416,325.63496 14.128742,326.19186 -3.6834141,326.88913
13.000278,326.49843 20.0,326.60261 20.0,326.60261
20.0,326.60261 20.0,326.60261 20.0,326.60261
;
2.5714286,285.57143 2.5714286,285.57143 17.583962,279.27204
9.9277854,278.16349 1.0,285.60997 0.25017524,288.67195
1.7257673,286.3613 2.5714286,285.57147 2.5714286,285.57147
2.5714286,285.57143 2.5714286,285.57143 2.5714286,285.57143
;
20.0,279.66984 20.0,279.66984 23.446257,277.17413
40.934239,267.4429 27.54854,266.91105 21.601157,265.63778
-3.7245738,263.64665 11.5,270.3523 27.290234,272.60094
6.1837731,273.07845 8.0306255,273.45925 8.9729339,280.31061
14.163742,277.38202 20.0,279.66984 20.0,279.66984
20.0,279.66984 20.0,279.66984 20.0,279.66984
;
57.059017,269.0 57.059017,269.0 59.644804,265.059
68.544736,271.46414 58.316927,265.32233 38.743449,265.70587
55.516627,267.12211 57.059017,269.0 57.059017,269.0
57.059017,269.0 57.059017,269.0 57.059017,269.0
;
13.0,251.15083 13.0,251.15083 21.527632,249.29193
30.550556,246.68029 37.48695,247.87591 28.226651,240.68218
31.421293,225.80547 27.730867,215.28287 30.72314,197.6221
14.818854,216.9229 24.236425,213.15566 22.775568,217.70724
31.63227,231.27702 28.05299,229.32332 33.549785,242.45631
28.30273,247.62514 14.971993,247.73657 12.731547,232.56665
15.867594,256.97323 1.5429139,250.21369 0.81533954,250.79378
10.097578,252.03513 13.0,251.15083 13.0,251.15083
13.0,251.15083 13.0,251.15083 13.0,251.15083
;
121.7149,184.61843 121.7149,184.61843 123.04362,174.122
115.98814,174.92561 121.23124,185.10209 121.23124,185.10209
121.7149,184.61843 121.7149,184.61843 121.7149,184.61843
;
1.8775553,179.0 1.8775553,179.0 3.1153075,165.77875
7.4861201,179.8162 7.7272308,169.84679 -4.2970063,167.84332
12.025321,148.47323 1.0,160.20419 1.6990155,165.91742
-0.30652354,174.83376 1.8775553,179.0 1.8775553,179.0
1.8775553,179.0 1.8775553,179.0 1.8775553,179.0
;
16.0,174.37706 16.0,174.37706 31.435379,171.1072
19.368178,170.10418 11.5,175.02836 12.999963,174.8113
14.500089,174.59406 16.0,174.37706 16.0,174.37706
16.0,174.37706 16.0,174.37706 16.0,174.37706
;
26.304376,171.0 26.304376,171.0 26.713931,162.10246
21.274374,142.40837 23.882059,162.78441 23.889459,165.48426
24.677005,169.13635 26.304376,171.0 26.304376,171.0
26.304376,171.0 26.304376,171.0 26.304376,171.0
;
850.75,155.88432 850.75,155.88432 856.88805,151.26836
834.24485,152.93184 828.60809,149.63063 818.04237,145.09629
806.65474,144.59109 817.44297,132.40321 827.05471,114.10626
841.25251,98.52453 847.25902,78.602771 852.86194,71.321254
855.33823,53.026686 848.01292,70.631532 841.46954,87.263106
834.13937,103.14007 823.34266,117.57217 820.51091,125.8979
804.01124,140.17263 812.65233,145.98844 824.87786,151.82277
837.17139,155.05655 850.75,155.88432 850.75,155.88432
850.75,155.88432 850.75,155.88432 850.75,155.88432
;
15.75,150.99681 15.75,150.99681 21.138862,143.47351
9.6131556,136.43519 15.75,150.99681 15.75,150.99681
15.75,150.99681 15.75,150.99681 15.75,150.99681
;
6.75,142.38672 6.75,142.38672 19.516197,146.64792
21.490764,124.18564 18.401055,136.30961 16.421552,139.7823
11.668068,117.40215 0.79972898,130.13306 13.120767,128.3897
11.241396,132.68771 11.489673,136.4356 -1.0868305,142.65236
14.414682,132.44237 3.8364251,133.0 -0.96436707,131.18209
-1.0454337,149.86374 6.75,142.38672 6.75,142.38672
6.75,142.38672 6.75,142.38672 6.75,142.38672
;
