427.0,480.0 427.0,480.0 284.66667,480.0
142.33333,480.0 0.0,480.0 0.0,320.0
0.0,160.0 0.0,0.0 284.66667,0.0
569.33333,0.0 854.0,0.0 854.0,160.0
854.0,320.0 854.0,480.0 711.66667,480.0
569.33333,480.0 427.0,480.0 427.0,480.0
427.0,480.0 427.0,480.0 427.0,480.0
;
451.95795,446.0 451.95795,446.0 463.50277,448.65121
475.52124,435.40923 465.03631,425.91479 456.06905,417.6642
461.85173,407.42017 463.0,397.73957 464.60589,378.98256
469.40555,360.10692 463.66676,341.5 462.60643,325.95421
464.1198,309.47935 470.0,295.50667 473.60847,285.56862
478.65267,275.97714 476.48165,264.6221 475.93204,251.20111
473.26364,237.90669 472.93075,224.43331 485.78009,223.02872
493.47855,210.14453 499.64047,200.29601 497.87219,175.71714
492.86495,148.99889 478.07347,128.20009 467.28663,122.64488
459.07625,113.82888 459.4414,101.02579 455.21175,82.627785
454.52495,59.64139 437.43943,48.11973 424.15771,46.837406
409.25639,49.353109 404.09992,63.518285 396.95872,79.239314
393.72976,96.665476 392.3021,113.45127 378.36381,131.15423
363.64085,150.6414 364.36144,174.5 368.59913,184.53513
355.9061,192.11963 363.16896,201.8059 365.39105,211.7734
374.73359,220.23396 385.2493,218.0 382.55626,230.78499
383.52787,244.42224 378.8035,256.45548 376.9951,265.08626
380.64759,274.52434 380.70459,285.10568 384.82456,308.09082
392.68237,331.18255 386.56035,354.67222 384.15145,373.9534
387.03981,394.24857 388.42968,412.84142 385.60942,421.38649
369.76672,432.92644 383.2493,439.32969 390.49968,446.34224
405.58322,445.7855 404.71623,433.02304 407.6339,421.23784
407.57524,409.27242 411.01389,398.18074 410.91929,383.92315
416.74696,370.33772 416.29947,355.93247 425.24695,345.7425
422.71248,328.71155 425.4227,314.96341 426.84447,296.16382
430.36057,320.4362 428.99921,326.9183 430.50978,343.79844
437.83482,359.26259 436.91821,376.5 441.22261,397.18325
437.75488,419.02016 442.32666,439.33252 443.96632,444.32739
446.11928,447.43872 451.95795,446.0 451.95795,446.0
451.95795,446.0 451.95795,446.0 451.95795,446.0
;
449.59796,439.54489 449.59796,439.54489 442.68065,438.10651
444.94818,420.56168 443.73484,412.63891 456.47304,408.75234
457.42144,421.79369 464.0,430.06748 460.96937,436.51509
468.79376,437.43259 459.0,435.0 465.58096,445.08224
448.59182,428.53416 449.59796,439.54489 449.59796,439.54489
449.59796,439.54489 449.59796,439.54489 449.59796,439.54489
;
396.54255,440.0 396.54255,440.0 398.47216,429.23722
390.72453,439.67812 387.06361,434.5 383.8001,437.49972
378.94379,429.35801 388.86256,420.20203 390.015,407.64382
409.57655,407.18328 402.81178,421.5 401.50262,426.88397
401.96426,437.84464 396.54255,440.0 396.54255,440.0
396.54255,440.0 396.54255,440.0 396.54255,440.0
;
450.40101,409.0 450.40101,409.0 437.61811,409.51818
444.42516,389.74266 441.34465,381.18741 440.03539,366.74047
440.93239,351.99327 434.97464,338.64626 431.79055,326.00566
434.21537,312.82829 430.28367,300.26951 438.87246,300.21501
423.82603,285.99329 427.24997,284.116 433.42069,278.68193
425.37436,256.85648 424.86758,277.40805 430.9224,289.05985
412.15668,294.03228 423.06313,298.46098 423.89833,304.49453
420.31661,320.06067 419.70381,329.72169 420.2116,340.20404
415.22915,347.94776 412.16289,357.27207 412.10089,373.2781
406.22828,388.28899 406.29238,404.34483 399.00392,413.63609
387.8376,404.70863 390.77506,394.63265 388.22169,374.87073
390.78306,355.23258 392.33206,335.7035 394.606,312.3249
382.60725,291.05691 382.36399,268.5 379.1754,256.30069
385.2611,251.9894 386.45001,241.343 384.66294,232.83062
395.15765,213.51849 382.26878,214.0 370.99301,214.90094
363.6093,199.31241 366.02935,190.06939 369.08882,181.13841
374.89735,170.31529 371.44258,161.22251 371.93206,156.37242
377.31885,144.73982 379.66736,136.75147 387.69939,125.2859
402.00766,115.46733 398.66373,99.55502 401.21146,83.533452
404.3129,64.561718 417.97302,54.084159 430.11102,48.390922
443.96181,55.469089 446.96092,68.44007 457.06607,86.581037
448.13787,113.95024 467.75717,126.35568 486.00348,137.7859
488.9253,162.05399 493.63323,181.39322 494.98081,191.66986
498.64961,202.08486 488.62825,209.22339 485.90494,220.40967
467.68842,216.46251 469.04696,227.79668 471.57378,236.5616
470.5284,247.62831 471.24853,256.00376 475.94953,264.74433
474.82805,280.90891 465.99928,290.46427 465.19981,300.36471
459.55184,309.71288 459.65304,320.28898 456.50637,340.57125
465.69412,360.28033 460.38691,380.50613 458.43291,389.98213
459.77525,399.99917 455.84419,409.0 454.03001,409.0
452.21297,409.0 450.40101,409.0 450.40101,409.0
450.40101,409.0 450.40101,409.0 450.40101,409.0
;
467.75,270.98675 467.75,270.98675 477.71585,265.65798
453.99053,257.83895 464.97306,270.31404 465.39443,271.57883
466.74802,270.92021 467.75,270.98675 467.75,270.98675
467.75,270.98675 467.75,270.98675 467.75,270.98675
;
385.81144,267.0 385.81144,267.0 393.84203,267.28648
395.26405,249.55116 389.61081,258.4566 387.21705,259.89805
379.92031,266.30841 385.81144,267.0 385.81144,267.0
385.81144,267.0 385.81144,267.0 385.81144,267.0
;
428.25,265.92105 428.25,265.92105 433.46831,257.63373
429.49472,256.1305 429.0,245.19233 428.58986,232.70409
432.22595,218.40925 429.97454,206.98427 432.99613,206.57186
431.80289,177.29273 438.0,192.88197 448.6373,193.20719
455.61631,177.62477 447.679,168.53515 437.72199,157.47166
450.69187,155.26226 459.88114,157.54053 473.88334,157.17178
457.63313,139.82188 457.43686,154.38586 453.68307,152.33099
442.65933,150.21567 438.38466,160.08253 429.00376,151.00205
448.85395,142.26399 446.74979,131.48569 445.60927,123.20527
441.00773,110.47474 446.32669,101.5 448.65612,94.71696
446.75313,80.027942 442.77924,70.871542 442.46357,60.083017
431.78988,54.085442 422.83035,60.359326 412.96501,67.08256
412.88603,80.397743 408.9115,89.767437 403.5382,100.03731
413.31472,107.94022 415.00001,116.16349 411.98731,125.97084
423.82156,136.78229 421.94941,144.0 416.54566,135.12866
404.0243,140.14177 411.78063,142.14696 418.81709,147.19192
407.5578,157.26849 407.65029,165.64153 396.49979,170.24737
403.88,186.86663 413.99916,188.13478 414.71034,181.13456
428.47576,167.0115 424.99691,181.62952 433.90455,189.13739
425.38115,202.96519 426.70972,213.41061 425.32711,230.52489
424.71088,247.66429 424.99921,264.83333 426.10459,265.10844
427.06141,265.97996 428.25,265.92105 428.25,265.92105
428.25,265.92105 428.25,265.92105 428.25,265.92105
;
441.65781,187.0 441.65781,187.0 438.56646,184.8138
423.40889,181.69964 431.03647,171.96353 436.4428,162.61174
432.58345,164.98178 439.81863,166.3596 443.29334,165.20448
452.06622,183.40418 442.19751,187.0 442.19751,187.0
441.65774,187.0 441.65774,187.0 441.65774,187.0
441.65781,187.0 441.65781,187.0 441.65781,187.0
;
410.80776,179.07673 410.80776,179.07673 400.29459,176.09806
415.60697,166.20575 414.86501,157.5 419.97398,171.9653
423.72872,162.07568 417.00001,155.0 417.8409,141.94949
424.78034,158.32597 427.00001,156.06277 426.49859,159.39629
429.35434,160.84216 424.53091,166.71485 420.97019,171.88481
414.49128,175.72713 410.80776,179.07673 410.80776,179.07673
410.80776,179.07673 410.80776,179.07673 410.80776,179.07673
;
437.22708,137.80224 437.22708,137.80224 427.39376,139.94522
421.14492,129.11998 420.68024,121.5249 416.2456,112.48461
442.43789,110.96755 439.80996,111.95941 439.08148,117.98648
432.43843,139.04477 440.87209,123.5 440.50851,128.22623
442.77736,135.43306 437.22708,137.80224 437.22708,137.80224
437.22708,137.80224 437.22708,137.80224 437.22708,137.80224
;
424.5,111.96217 424.5,111.96217 412.64079,109.24778
412.5816,95.52233 415.15891,86.0 429.28804,87.784592
418.7582,74.28742 422.87779,69.503348 426.16392,53.855329
444.54942,76.668298 435.02192,71.773305 417.45825,74.277481
433.5852,78.780072 425.59281,80.849848 429.83028,91.625672
447.36727,75.77977 441.06997,95.283982 441.98179,106.70197
433.58029,109.14186 424.5,111.96217 424.5,111.96217
424.5,111.96217 424.5,111.96217 424.5,111.96217
;
424.12756,107.9731 424.12756,107.9731 436.17314,106.3582
436.47139,90.965195 421.76982,95.750749 410.07111,94.716786
417.58301,107.47424 424.12756,107.9731 424.12756,107.9731
424.12756,107.9731 424.12756,107.9731 424.12756,107.9731
;
424.0,105.90574 424.0,105.90574 412.79541,102.84567
435.63793,97.849698 424.0,105.90574 424.0,105.90574
424.0,105.90574 424.0,105.90574 424.0,105.90574
;
419.5,94.0 419.5,94.0 425.21877,91.43219
437.12052,93.576863 427.79818,86.624732 430.55279,93.605159
408.29754,84.08554 419.5,94.0 419.5,94.0
419.5,94.0 419.5,94.0 419.5,94.0
;
462.06739,261.0 462.06739,261.0 473.18657,249.55743
450.62635,254.69345 462.06739,261.0 462.06739,261.0
462.06739,261.0 462.06739,261.0 462.06739,261.0
;
398.0,244.0 398.0,244.0 408.82078,238.61849
387.99658,238.10453 398.0,244.0 398.0,244.0
398.0,244.0 398.0,244.0 398.0,244.0
;
