427.0,480.0 427.0,480.0 284.66667,480.0
142.33333,480.0 0.0,480.0 0.0,320.0
0.0,160.0 0.0,0.0 284.66667,0.0
569.33333,0.0 854.0,0.0 854.0,160.0
854.0,320.0 854.0,480.0 711.66667,480.0
569.33333,480.0 427.0,480.0 427.0,480.0
427.0,480.0 427.0,480.0 427.0,480.0
;
193.21482,478.99368 193.21482,478.99368 205.60133,463.38169
214.4715,442.42628 226.95871,425.68506 241.65237,411.62566
222.05789,412.08545 211.03786,413.03545 181.66094,413.3864
152.37376,411.45513 123.0,411.48213 129.03382,417.50079
146.46906,411.83796 125.85734,417.85545 108.86598,423.82638
133.23329,420.66069 139.30308,418.2444 146.96741,417.07836
161.38912,411.58722 163.0,422.82257 152.34453,431.81258
136.9651,434.55106 123.22069,434.50033 121.54691,429.03994
113.37632,438.6094 120.38682,437.22569 134.74371,441.45202
150.13769,434.30777 163.20159,428.50036 170.86646,418.95467
159.14009,410.93799 177.38053,414.93968 194.79344,415.74128
213.01505,414.64008 229.93486,416.60188 216.30579,436.80479
203.85675,457.75871 191.92963,479.00036 191.92963,479.00036
193.21482,478.99436 193.21482,478.99436 193.21482,478.99436
193.21482,478.99368 193.21482,478.99368 193.21482,478.99368
;
669.75,478.99312 669.75,478.99312 670.07986,472.46628
659.5405,461.21605 655.84456,452.99313 654.42718,445.93314
635.21371,428.97593 647.64398,430.0115 663.95923,430.17634
680.81226,429.33089 695.83226,431.84715 748.25244,432.43299
800.5994,435.33543 853.0,437.00095 845.45275,432.75538
830.7517,435.29436 820.46723,433.64472 777.12904,431.67039
733.75615,430.37725 690.39509,429.00103 688.74568,413.46963
677.3615,419.48656 681.19895,427.12952 667.2266,429.15882
652.95419,426.78473 638.85547,426.95961 646.34746,445.19877
659.00087,461.50124 668.5,478.98727 668.5,478.98727
669.75,478.99427 669.75,478.99427 669.75,478.99427
669.75,478.99312 669.75,478.99312 669.75,478.99312
;
53.525224,478.0 53.525224,478.0 66.361794,481.0382
75.52765,473.98211 83.326131,464.54858 86.880942,468.63285
98.525961,462.93013 99.0,455.0 92.714506,465.18775
79.863269,466.13625 92.533973,454.07247 100.73554,443.99525
112.04881,436.12328 118.12147,424.5373 106.73969,435.17525
96.257852,446.73418 85.5,457.9954 67.24382,456.52396
89.429605,448.5105 81.150843,455.23323 86.927426,448.94213
90.678178,439.52778 99.129887,431.45287 109.4226,423.05509
103.77396,423.50399 113.14351,415.58877 108.52292,413.88466
116.12089,404.20966 112.57132,393.44521 110.94736,381.67266
111.40599,369.62293 108.84109,358.00007 101.67875,352.89443
105.96242,337.12249 104.58758,327.62251 105.70194,318.32173
100.57337,318.95271 102.61401,329.95672 104.37596,345.87133
104.49928,344.65315 96.487687,331.39204 92.364712,322.77803
86.561573,339.85363 80.682612,341.0716 73.647892,338.70247
53.435567,347.1653 54.772462,338.15404 51.939088,329.16836
53.030568,317.02731 50.387989,306.95041 62.745847,300.96653
72.450777,292.64487 84.961896,287.99994 84.795813,294.16346
87.380018,315.05237 88.788635,309.55017 85.482297,292.8145
89.27419,296.32219 90.03653,311.24284 94.277087,314.64497
90.414032,293.40824 88.94021,286.84005 88.265389,276.02989
99.749439,294.35468 94.964816,281.93426 85.543092,277.42337
106.68806,273.81393 112.403,270.01789 125.82338,268.09847
127.86628,289.89588 116.91647,295.5 114.95371,299.51276
102.41307,310.52525 102.78313,300.79336 95.360596,303.87402
99.742865,311.79651 102.00001,305.00006 103.13036,301.54957
109.2123,326.90052 107.8026,320.54497 102.58781,305.9077
112.87306,306.36297 113.86383,306.33007 115.88222,296.83553
131.40181,291.80727 126.91677,279.64254 129.3996,268.34513
124.31481,260.51479 124.49584,248.70564 122.90327,237.11285
129.73766,222.54431 119.75115,213.9156 124.69758,220.3459
122.67565,233.07727 123.0,242.72747 126.09402,249.57106
120.47215,269.00982 115.92184,260.5 116.3096,240.00271
116.47923,219.48456 117.0,199.0 129.10094,199.80967
98.525604,194.87561 115.80576,190.89079 124.97879,182.64177
117.146,191.28364 114.8341,180.05011 115.77472,161.37166
111.64919,164.89025 113.40776,181.12466 117.84595,187.04109
103.48469,199.54152 105.8609,193.0 104.33478,200.02914
89.795955,194.43238 80.606597,198.98489 72.492212,205.02008
56.824154,201.83913 74.5,198.27647 81.634546,196.40397
100.17287,190.01928 98.728005,190.19171 97.38754,190.70967
119.29509,182.29868 100.14392,184.14252 98.329904,167.70864
96.093341,167.89296 98.109507,184.25934 114.54063,185.69407
89.08559,192.58271 96.785859,182.34222 96.881379,170.69379
95.411161,159.04441 80.716835,164.50903 63.741967,166.57605
65.996533,159.47062 81.406214,161.68909 87.885499,162.9976
112.01035,155.5589 105.93092,162.365 94.38759,159.76133
97.740692,184.46403 108.5,176.55021 96.141893,176.81919
116.16762,169.5837 109.20539,157.54126 106.48936,142.46997
100.27722,159.68936 93.840418,158.89244 105.03442,148.65582
83.761442,142.98378 86.412924,151.15892 75.655125,155.36403
73.018975,145.44811 73.0,157.26256 68.503322,161.1539
64.496124,143.17325 54.593837,148.79805 39.853477,154.40726
42.047823,134.13175 46.5,132.26131 45.727392,123.17097
40.907965,127.71902 34.838094,119.5 35.942631,113.57085
27.661376,93.23462 30.012424,101.7199 32.661949,109.93443
34.050488,135.71198 30.058334,114.95905 26.127554,104.80745
28.094508,92.105559 12.63397,97.401908 17.301821,91.086904
30.925394,103.02161 26.270469,86.552603 26.690408,74.463136
24.901239,61.544796 21.881966,50.0 8.9990963,53.744947
5.1192712,44.483688 4.0,34.540698 -2.2702001,26.346211
2.7424947,62.105345 1.6255384,50.5 7.2526553,52.25672
2.0269607,45.815361 11.678533,56.280853 19.861204,55.335164
16.681066,50.34704 20.902124,57.855071 22.100359,69.067591
10.919734,50.998933 7.4138603,55.363881 8.5090765,52.43608
-2.2176587,59.69034 2.2020018,59.893995 4.7334156,65.699362
12.21707,49.383503 5.9746313,64.913299 5.668159,80.895452
9.4249584,73.255619 18.053379,70.0 29.99937,72.551395
6.5630943,73.805092 4.4889263,79.834093 -7.2582798,93.789108
10.967514,89.741473 11.897345,99.331913 18.523382,120.24626
0.72950518,96.86252 0.96734866,97.453728 -1.05671,105.69738
16.112424,113.97832 2.0,110.0 5.4488298,119.28955
-0.99897853,126.32702 1.0,123.44098 4.8027825,120.52022
13.05668,132.96539 8.8364251,131.0 0.3016945,119.32004
-0.44165973,136.07828 6.3778767,133.78657 19.080576,134.85071
31.44012,131.76321 44.030315,130.7574 39.762119,135.02129
34.719464,144.57531 34.179976,152.58493 37.531758,163.33853
37.931215,174.85789 42.077509,185.33403 27.39547,187.04164
38.672488,192.23277 41.304834,189.20834 55.609266,180.13384
40.143823,188.22984 53.500005,187.69958 31.236944,188.01554
58.307986,191.42398 47.0,193.10161 39.095959,193.2982
35.116742,190.46986 26.918039,191.04131 3.5536772,191.42503
39.665842,192.82409 29.55,194.91639 31.498475,196.15731
14.689581,202.50718 12.0,195.11341 -6.3283566,189.65355
16.925049,195.39209 14.092975,181.30147 29.263891,185.08893
11.287731,180.40977 11.92742,170.63486 -0.75550023,165.72793
1.4948047,168.37277 10.722733,173.49306 17.75449,188.34102
3.343697,186.56917 1.0,195.0 21.551663,195.72196
-5.5963944,195.53677 4.0911202,200.94646 10.750751,205.42014
16.78083,209.55581 14.478218,222.31958 14.976023,228.06003
16.02244,258.47725 17.993791,244.34972 17.220474,231.22414
16.566369,218.05761 14.931048,205.0 32.528722,205.0
50.126397,205.0 67.724071,205.0 70.635078,219.0623
66.844472,238.51734 66.974361,249.5158 71.267022,231.19178
71.787167,236.41745 73.083334,253.0 72.14379,257.67267
65.290118,251.73381 57.540701,249.02386 43.404054,246.95671
42.380204,258.51954 42.114063,240.93474 34.416411,229.07277
49.12511,260.5713 36.147554,255.2573 17.129222,256.98463
38.232839,260.81148 44.118033,255.0 49.304193,255.0735
51.56613,260.28711 65.192834,257.11539 65.820405,256.65532
79.150204,261.65862 75.264518,275.50003 83.198476,289.49263
83.499456,265.90929 82.5,258.95947 81.75569,257.51846
79.529739,244.33391 78.269043,235.0629 77.730496,225.74924
72.192262,212.29071 75.659197,206.07772 73.525022,205.74143
84.621928,205.20496 93.106997,203.21592 86.817351,205.5078
100.36976,203.45622 110.47714,205.16477 117.2971,214.03069
109.93668,220.01916 111.459,210.4394 109.94563,222.79382
108.02717,236.28528 110.25,248.21356 112.88221,256.78343
113.41572,230.72066 113.65706,232.45895 113.43575,243.6049
113.21443,254.75085 112.99312,265.8968 119.99754,267.96611
97.865475,270.54878 92.865256,274.4523 82.941509,279.2663
79.865457,282.72591 67.432621,280.76435 55.575241,279.72631
51.407292,281.70122 49.553616,290.72465 41.683408,296.33241
33.71188,300.64178 22.5,299.32816 3.2087503,303.45199
38.439334,290.40103 24.035927,291.16324 16.318964,296.75544
8.607986,297.40579 10.812761,301.0 -9.9138628,300.43853
12.69233,306.48304 21.556674,303.91748 32.33433,302.91299
46.006796,306.28535 54.0,298.21259 39.947763,304.9131
38.517161,295.29662 52.472301,292.36566 61.552595,285.50554
49.291129,285.80488 61.733041,286.82166 81.137026,286.64425
46.185868,299.9344 58.653636,296.37132 74.202136,287.31648
61.256911,300.15247 52.406431,302.53266 36.183851,309.36535
17.061346,303.5275 0.66666667,307.0 14.152223,309.4515
29.36167,307.85445 43.5,308.77292 45.183893,318.79169
43.708457,331.48926 47.896357,339.80041 50.088491,333.20143
45.449289,318.30964 45.016613,308.5 51.242711,304.40037
48.703386,324.22412 50.14989,330.48906 48.504901,342.05622
55.885749,344.96903 68.25,343.33781 83.800195,338.57408
84.029712,349.07566 86.474598,361.38376 95.936241,370.56986
89.508743,374.79635 80.508153,382.51569 70.447114,391.02682
79.288104,406.44201 78.7119,417.88161 81.832175,424.92686
76.689264,441.4664 85.974604,442.0 94.175994,432.98774
101.3867,421.86656 110.12629,414.0 99.548595,426.92701
89.250622,440.08876 78.13688,452.5659 61.071439,450.88588
75.635733,456.5236 71.5,456.0 66.529231,457.66638
81.312936,455.48328 75.539973,463.06618 82.109871,471.35995
61.983706,479.33939 53.059861,476.0 34.694172,474.86119
33.935795,478.99259 53.525224,478.0 53.525224,478.0
53.525224,478.0 53.525224,478.0 53.525224,478.0
;
85.500402,437.0 85.500402,437.0 82.284326,421.49473
80.394128,404.10376 79.0,387.80221 87.30163,381.24708
95.192797,371.2505 101.23346,364.77301 111.46871,353.36655
106.66476,378.27137 109.44909,386.10457 108.45001,395.88234
116.85148,407.91832 105.76521,413.79265 98.341785,420.842
92.602464,429.95839 85.500402,437.0 85.500402,437.0
85.500402,437.0 85.500402,437.0 85.500402,437.0
;
94.80206,366.79289 94.80206,366.79289 88.540546,364.74712
87.488323,353.13282 86.023653,343.58147 84.579689,332.7679
97.131537,329.37544 99.657213,341.2495 100.05154,348.5674
103.12269,362.94693 94.80206,366.79289 94.80206,366.79289
94.80206,366.79289 94.80206,366.79289 94.80206,366.79289
;
69.576618,293.0 69.576618,293.0 61.597617,279.30821
65.17968,286.80075 66.386777,283.24859 86.422553,281.90919
67.397227,281.77067 70.153235,293.0 70.153235,293.0
69.576618,293.0 69.576618,293.0 69.576618,293.0
;
77.643752,289.24141 77.643752,289.24141 59.606977,298.85496
88.004232,277.3926 82.269533,286.7851 80.727606,287.60387
79.185679,288.42264 77.643752,289.24141 77.643752,289.24141
77.643752,289.24141 77.643752,289.24141 77.643752,289.24141
;
80.19936,277.20064 80.19936,277.20064 76.741256,277.55144
75.046861,246.14348 77.115487,255.84661 76.413542,263.07551
81.203282,271.02863 80.19936,277.20064 80.19936,277.20064
80.19936,277.20064 80.19936,277.20064 80.19936,277.20064
;
125.7049,270.28333 125.7049,270.28333 122.53816,275.62531
113.29056,261.44399 123.93268,262.4872 127.30126,264.65858
127.89098,266.80517 125.7049,270.28333 125.7049,270.28333
125.7049,270.28333 125.7049,270.28333 125.7049,270.28333
;
35.0,202.61778 35.0,202.61778 29.214757,203.23614
-0.41173298,201.69668 12.373467,201.18958 25.355008,199.42308
36.552697,202.73465 49.5,202.58868 44.666667,202.59868
39.833333,202.60808 35.0,202.61778 35.0,202.61778
35.0,202.61778 35.0,202.61778 35.0,202.61778
;
104.75,202.81502 104.75,202.81502 98.517288,202.72892
75.392535,200.53863 92.489543,199.16577 96.621036,200.31123
107.9709,195.67398 104.75,202.81502 104.75,202.81502
104.75,202.81502 104.75,202.81502 104.75,202.81502
;
111.52082,203.0 111.52082,203.0 104.42468,193.97414
109.52777,194.42341 114.36163,201.5 114.61609,203.74784
112.76987,202.93953 111.52082,203.0 111.52082,203.0
111.52082,203.0 111.52082,203.0 111.52082,203.0
;
40.190983,199.93661 40.190983,199.93661 29.75302,203.2059
39.31464,187.76349 40.0,197.9593 45.346992,198.44403
50.888769,200.77713 40.190983,199.93661 40.190983,199.93661
40.190983,199.93661 40.190983,199.93661 40.190983,199.93661
;
60.933834,197.33458 60.933834,197.33458 51.216123,194.9969
52.796193,187.09149 59.62826,196.08758 73.806309,188.69914
47.881608,184.23417 57.25,184.44012 67.032513,180.73669
71.352232,186.52625 65.854875,190.99247 69.85562,196.72243
72.108642,183.71102 68.0,179.06277 58.686444,190.99246
67.751831,168.30668 69.873324,177.0 75.04922,179.88618
90.437157,178.12894 83.068373,177.79488 85.942525,169.63788
99.428997,164.70995 88.186897,173.37827 89.581372,180.97285
98.802144,176.9914 84.84641,179.71293 76.568397,188.13054
89.43914,181.08492 77.686894,180.58948 68.995738,182.3304
97.86141,189.88557 81.928645,187.02237 65.819523,197.68819
79.497388,190.43465 83.611165,192.90774 76.834495,196.10212
67.819907,193.18176 60.933834,197.33458 60.933834,197.33458
60.933834,197.33458 60.933834,197.33458 60.933834,197.33458
;
74.852621,182.75679 74.852621,182.75679 70.194607,169.9992
64.315239,185.91958 74.852621,182.75679 74.852621,182.75679
74.852621,182.75679 74.852621,182.75679 74.852621,182.75679
;
91.530262,185.23897 91.530262,185.23897 80.696075,184.93159
100.90038,176.58263 91.530262,185.23897 91.530262,185.23897
91.530262,185.23897 91.530262,185.23897 91.530262,185.23897
;
45.39881,184.0 45.39881,184.0 40.340929,176.66139
40.597015,163.00852 36.725437,153.5772 36.041857,137.53833
44.065383,143.49627 44.542439,150.85057 35.96249,153.21543
45.952136,169.66563 44.978723,177.5 44.533291,178.9774
48.94469,185.03711 45.39881,184.0 45.39881,184.0
45.39881,184.0 45.39881,184.0 45.39881,184.0
;
49.245172,181.34848 49.245172,181.34848 47.542097,180.01781
42.206122,151.84872 45.866793,161.55671 49.451565,175.50423
48.150958,160.14246 57.5,163.0 59.404412,162.83298
65.974117,163.28044 60.5,169.5 59.049847,166.04208
52.034169,165.47386 51.964463,173.58288 50.029474,175.84562
50.596647,179.43916 49.245172,181.34848 49.245172,181.34848
49.245172,181.34848 49.245172,181.34848 49.245172,181.34848
;
75.5,176.63104 75.5,176.63104 64.308883,176.37278
67.354566,165.31939 77.11675,171.44619 77.803142,170.92912
78.663167,178.88534 75.5,176.63104 75.5,176.63104
75.5,176.63104 75.5,176.63104 75.5,176.63104
;
102.80158,173.0 102.80158,173.0 95.871515,158.50795
116.76641,167.48877 102.80158,173.0 102.80158,173.0
102.80158,173.0 102.80158,173.0 102.80158,173.0
;
62.5,153.0 62.5,153.0 52.656671,148.37414
41.020514,151.33026 60.626158,150.0579 63.464198,148.0498
63.683765,152.62121 62.5,153.0 62.5,153.0
62.5,153.0 62.5,153.0 62.5,153.0
;
14.75,131.98635 14.75,131.98635 12.128383,126.56903
7.5111226,124.11839 12.0,119.0 16.943312,130.31252
16.626133,123.74124 12.702497,112.74553 11.259623,115.27229
18.083668,91.336185 24.358152,103.75 21.540732,112.80132
23.59039,116.62801 24.929042,111.0 38.505683,124.95033
15.523819,120.78233 18.158568,129.47997 23.730533,131.35433
15.955293,131.44826 14.75,131.98635 14.75,131.98635
14.75,131.98635 14.75,131.98635 14.75,131.98635
;
39.25,127.98469 39.25,127.98469 19.410291,125.56165
53.959581,125.09621 39.25,127.98469 39.25,127.98469
39.25,127.98469 39.25,127.98469 39.25,127.98469
;
19.0,93.0 19.0,93.0 6.1975664,97.252887
30.861451,77.068384 23.952278,90.209016 25.410644,94.517012
21.464291,92.629664 19.0,93.0 19.0,93.0
19.0,93.0 19.0,93.0 19.0,93.0
;
18.587006,82.0 18.587006,82.0 6.0793822,73.568567
28.740519,78.085451 16.866617,79.339284 18.057841,82.927387
22.229213,77.742673 18.587006,82.0 18.587006,82.0
18.587006,82.0 18.587006,82.0 18.587006,82.0
;
83.718615,477.98469 83.718615,477.98469 90.396142,466.85829
89.496057,480.266 93.129095,472.01792 92.753851,466.67351
76.629558,476.49568 83.718615,477.98469 83.718615,477.98469
83.718615,477.98469 83.718615,477.98469 83.718615,477.98469
;
434.88744,470.84767 434.88744,470.84767 443.83482,471.7861
457.97286,462.7329 449.35321,453.24102 443.35272,444.53972
440.42145,434.31762 447.00002,424.92598 447.83023,404.50386
456.59981,384.04428 450.66386,363.39445 449.66803,349.08597
452.32948,334.06168 457.753,321.0231 458.98499,308.34722
471.2786,298.72811 467.6964,285.07958 465.76162,271.76716
464.05788,258.31873 462.55685,244.92343 468.90399,241.01379
479.48452,232.68331 486.0454,224.78375 490.16177,214.08545
485.69437,201.09259 484.64789,189.75479 480.78367,171.86847
476.73594,151.80508 460.68451,140.97588 446.23966,122.21521
452.06998,93.066904 434.36327,75.945245 421.63575,66.408618
400.66576,73.97037 396.23904,89.55688 386.78859,102.96057
387.21706,119.64131 382.14563,134.39116 378.29873,145.07906
367.1594,152.91512 364.00555,163.92902 362.363,172.99377
358.58222,180.86422 362.00055,189.51784 359.24825,197.51098
359.83554,203.80143 359.01661,215.15028 361.30339,223.83495
367.27111,237.00768 379.00054,237.00002 374.79395,246.3512
375.27454,256.6244 374.23083,266.55755 368.8915,281.89025
371.41389,299.28923 371.40341,315.44128 374.91873,337.41969
377.33391,359.57881 371.25377,381.33757 368.54795,398.73917
370.51523,416.94009 371.47239,434.12818 369.60881,443.49054
350.71559,454.07942 364.48085,462.32157 372.19067,470.98274
386.77494,467.49393 385.902,454.50002 390.05895,443.78112
389.46594,432.34736 394.00054,422.13733 394.36489,408.26852
400.50641,394.95831 401.85784,381.20746 410.03616,372.03336
407.42463,357.5322 411.60235,347.16476 412.16265,342.24815
414.9875,315.46801 417.25595,323.8298 420.96164,340.7494
414.41997,359.28933 423.22704,374.98576 422.05126,401.261
425.38056,427.6044 424.64351,454.00238 418.49135,435.98263
423.45494,457.90087 425.71675,464.79769 426.49089,469.31941
430.32841,472.09726 434.88744,470.84767 434.88744,470.84767
434.88744,470.84767 434.88744,470.84767 434.88744,470.84767
;
432.60871,468.0 432.60871,468.0 424.74442,464.65816
427.2872,449.25165 426.14665,441.20491 423.69761,429.19727
444.11147,434.677 441.94287,444.81509 450.08817,451.49444
448.8455,469.17643 444.43963,460.90233 445.2584,470.43408
437.10333,460.76542 437.42803,463.75 430.95261,452.72045
436.7822,472.08451 432.60871,468.0 432.60871,468.0
432.60871,468.0 432.60871,468.0 432.60871,468.0
;
377.83403,464.79345 377.83403,464.79345 375.55855,450.77332
374.48624,467.84489 366.73215,460.10322 353.94896,453.47322
373.55846,443.44973 374.44415,434.3604 384.94484,429.51166
390.83142,438.38699 384.98109,449.54848 383.88522,454.57304
382.34928,462.44605 377.83403,464.79345 377.83403,464.79345
377.83403,464.79345 377.83403,464.79345 377.83403,464.79345
;
436.83179,433.38222 436.83179,433.38222 421.10781,436.59878
427.76902,417.70229 426.08611,408.5 424.88569,392.76326
427.75944,376.12314 421.30833,361.54084 420.96168,348.18889
421.56597,334.78857 419.97311,321.5 425.75047,331.2077
430.49611,318.10475 423.86836,314.85699 424.26022,308.97032
420.45693,320.1751 421.42265,310.75 417.09749,317.85639
415.87586,313.23557 412.5733,325.60472 408.07686,345.07903
407.91875,366.24491 398.12063,383.5 397.15595,398.07673
390.95104,412.22514 389.90724,426.3305 384.83553,438.59423
368.55747,429.59977 372.98483,417.72611 371.47618,397.44641
374.31903,377.28941 377.92387,357.58357 377.95047,332.50243
371.4582,308.00541 373.99989,282.82039 374.66583,271.29681
379.13966,260.4075 377.68108,248.5 387.00107,235.68095
379.15254,233.96246 368.59448,229.33199 361.71353,220.66765
360.13645,210.6655 364.95687,201.9051 366.79997,192.31581
364.93877,185.72099 364.01339,176.44024 368.13956,155.48597
388.70637,141.82023 389.04759,119.69715 391.56943,104.16425
397.36588,87.124108 410.09013,77.053279 423.49868,70.3435
438.04485,79.334482 441.59848,93.162024 444.76379,102.17214
445.84748,112.6309 448.45624,118.85868 448.68387,134.8896
461.03968,145.37764 470.97949,155.88359 480.87407,176.10041
484.32357,198.77576 485.15807,221.10127 477.34203,229.04175
470.49973,239.3793 459.14899,241.52589 462.91333,255.95689
461.85237,270.92533 464.94901,285.4185 468.08448,297.86146
456.71726,306.80013 456.11718,318.25804 446.60092,337.71904
446.39511,360.7637 450.31577,382.16278 447.58706,399.26186
445.98648,416.7322 440.72855,432.99994 439.42765,433.11328
438.05308,432.70287 436.83179,433.38222 436.83179,433.38222
436.83179,433.38222 436.83179,433.38222 436.83179,433.38222
;
421.0,301.5 421.0,301.5 422.19181,293.57082
422.2468,314.40943 423.89137,294.5 421.85207,272.14416
418.35174,318.05542 421.0,301.5 421.0,301.5
421.0,301.5 421.0,301.5 421.0,301.5
;
456.47492,289.0 456.47492,289.0 467.36507,284.03028
444.56056,276.37957 456.11341,289.0 456.11341,289.0
456.47492,289.0 456.47492,289.0 456.47492,289.0
;
381.42742,286.0 381.42742,286.0 396.54439,276.44917
376.20341,277.55398 381.42742,286.0 381.42742,286.0
381.42742,286.0 381.42742,286.0 381.42742,286.0
;
422.66228,282.25 422.66228,282.25 427.96709,281.0839
425.67079,252.8641 424.14057,259.5 421.8092,250.49894
421.92413,274.57671 422.15545,279.33721 422.41855,279.82139
421.59859,285.90431 422.66228,282.25 422.66228,282.25
422.66228,282.25 422.66228,282.25 422.66228,282.25
;
423.73367,273.78352 423.73367,273.78352 423.1247,288.43036
423.11109,244.08909 423.87524,265.73808 424.26746,268.43158
423.97014,271.09468 423.73367,273.78352 423.73367,273.78352
423.73367,273.78352 423.73367,273.78352 423.73367,273.78352
;
425.07695,243.5 425.07695,243.5 425.5671,234.44214
426.16855,213.93242 427.67401,234.5 428.70522,229.17094
426.6238,202.1506 426.67503,215.2193 424.05389,219.20605
424.87246,234.53675 423.85374,243.32859 424.73742,252.23093
423.23596,274.75112 425.07695,243.5 425.07695,243.5
425.07695,243.5 425.07695,243.5 425.07695,243.5
;
426.73367,250.78352 426.73367,250.78352 427.20485,231.93842
425.85346,238.04128 426.36104,253.33721 426.24197,258.78725
426.60034,251.84187 426.73367,250.78352 426.73367,250.78352
426.73367,250.78352 426.73367,250.78352 426.73367,250.78352
;
430.99294,208.50437 430.99294,208.50437 426.53965,205.38553
445.70601,203.30722 441.24406,190.99061 441.15576,181.95484
434.05022,174.73868 427.0,171.95669 429.96473,163.18573
442.34322,148.28487 429.40522,163.49086 422.91103,165.81594
434.72864,146.93575 437.0,143.10347 432.75249,134.53078
444.45612,123.38043 441.0,120.0 441.88185,107.51075
439.93023,92.794332 431.4552,83.621181 415.70074,78.66446
407.11917,98.133564 403.10699,110.5 400.93733,121.33886
404.15271,133.75892 413.8856,138.56708 406.13306,135.02461
410.06599,149.48868 416.59714,156.14067 423.83707,168.97835
407.74604,152.24986 406.33333,156.08797 414.68668,160.68177
404.76396,164.72659 404.69368,173.76509 409.15172,184.3856
395.3147,189.18632 401.24537,199.00825 409.62864,210.63109
411.36879,200.22415 416.0,193.97032 416.86328,185.9576
430.27325,211.45028 428.82277,206.09576 429.65997,206.5613
429.23572,210.76554 430.99294,208.50436 430.99294,208.50436
430.99294,208.50437 430.99294,208.50437 430.99294,208.50437
;
434.21395,201.90032 434.21395,201.90032 423.08084,200.34174
422.91334,191.46142 422.55008,187.0499 428.93651,188.35863
421.25828,175.76962 429.33713,180.98785 420.2125,174.37917
433.29016,174.78157 433.95794,182.87707 440.5306,186.22972
440.98678,198.58716 434.21395,201.90032 434.21395,201.90032
434.21395,201.90032 434.21395,201.90032 434.21395,201.90032
;
427.18869,197.0 427.18869,197.0 436.9102,186.11058
433.22852,183.77342 425.21804,195.88471 425.8653,196.27973
426.17073,197.49994 427.18869,197.0 427.18869,197.0
427.18869,197.0 427.18869,197.0 427.18869,197.0
;
408.53748,197.34724 408.53748,197.34724 396.46606,198.49342
407.48781,177.06046 410.82065,188.0 416.23465,185.57019
399.84805,169.93172 411.51969,166.10662 428.10949,159.92835
404.50996,172.38099 417.13026,167.00004 416.84012,168.4603
416.97744,168.80205 418.1344,172.30923 409.65883,176.19582
422.25299,173.58304 417.92592,178.1228 415.1757,179.84503
423.00277,179.78306 415.74841,184.98008 412.87262,199.76181
408.95801,185.20847 408.53748,197.34724 408.53748,197.34724
408.53748,197.34724 408.53748,197.34724 408.53748,197.34724
;
423.4934,164.0 423.4934,164.0 421.58707,158.18351
408.65,146.85266 415.0,141.0 413.79106,134.72398
434.32948,137.70028 434.89218,135.98181 431.13423,144.89008
431.33481,158.42043 423.4934,164.0 423.4934,164.0
423.4934,164.0 423.4934,164.0 423.4934,164.0
;
421.5,135.93905 421.5,135.93905 411.02177,133.70462
405.29499,124.56558 407.838,114.08152 406.1456,107.46104
428.96856,106.08939 411.37727,102.59346 421.42083,104.36855
412.87056,97.03977 420.61488,89.088302 427.72655,78.901965
439.6617,99.778998 434.68215,100.018 439.46301,95.598542
414.94213,97.009524 427.56054,100.87759 442.85299,97.866696
437.70251,116.73975 436.32702,125.46753 434.10155,131.73413
427.08175,133.8438 421.5,135.93905 421.5,135.93905
421.5,135.93905 421.5,135.93905 421.5,135.93905
;
416.31798,127.08202 416.31798,127.08202 421.71418,127.78896
436.82843,124.83162 425.95677,120.12104 418.12827,123.8317
421.45085,116.15162 415.1072,121.31775 410.43573,117.40211
413.61288,131.22763 416.31798,127.08202 416.31798,127.08202
416.31798,127.08202 416.31798,127.08202 416.31798,127.08202
;
415.10901,115.0 415.10901,115.0 415.52133,111.6967
430.7233,118.28848 428.58179,112.0 424.77695,116.80337
413.00848,106.20306 413.0444,117.5 413.0444,117.5
414.292,115.98925 414.292,115.98925 414.292,115.98925
415.10894,115.0 415.10894,115.0 415.10894,115.0
415.10901,115.0 415.10901,115.0 415.10901,115.0
;
429.79227,109.0 429.79227,109.0 447.71933,106.51185
421.0632,95.049674 426.2,107.8 426.81287,109.61123
428.45682,108.93323 429.79227,109.0 429.79227,109.0
429.79227,109.0 429.79227,109.0 429.79227,109.0
;
452.42167,176.77914 452.42167,176.77914 455.18095,177.48005
451.23958,161.46801 450.15003,173.27155 445.21379,167.24766
426.89727,176.72592 438.0,174.49994 441.97004,169.07862
447.76132,178.28699 452.42167,176.77914 452.42167,176.77914
452.42167,176.77914 452.42167,176.77914 452.42167,176.77914
;
31.725,467.98469 31.725,467.98469 26.919924,461.27062
31.283289,452.40228 33.532052,449.6471 28.369477,438.3717
36.29487,420.51018 23.817423,411.2341 18.384931,402.61065
0.95752529,411.90233 1.2366296,399.5 -2.1916778,414.14965
17.462507,404.39483 1.1651636,411.35622 6.5939489,420.00112
1.4814778,403.78054 14.2469507,413.53054 21.0483247,424.87506
18.9253407,437.99565 20.2308587,450.5 24.2029217,436.45548
23.0910507,418.43253 12.1710807,409.49559 26.9088417,409.85433
30.6081097,429.87041 28.9999997,442.23818 31.0546757,451.85698
19.7084037,461.18472 31.4999997,467.96937 31.4999997,467.96937
31.7249997,467.98467 31.7249997,467.98467 31.7249997,467.98467
31.725,467.98469 31.725,467.98469 31.725,467.98469
;
52.5,466.89057 52.5,466.89057 66.055348,469.56336
62.522529,453.50024 60.948654,447.46831 54.204831,452.53432
63.683052,454.32913 48.708505,454.10858 48.21121,446.7869
35.817445,465.10366 45.168479,464.7193 51.644344,465.00981
61.8157,447.90463 57.766737,463.99997 53.037136,462.78875
40.455216,468.93286 52.5,466.89057 52.5,466.89057
52.5,466.89057 52.5,466.89057 52.5,466.89057
;
46.559017,463.0 46.559017,463.0 39.642568,456.8274
53.853831,456.33399 46.559017,463.0 46.559017,463.0
46.559017,463.0 46.559017,463.0 46.559017,463.0
;
6.8913971,444.0 6.8913971,444.0 6.0983052,436.3613
7.2703918,423.76344 2.4154317,417.0 2.9303682,425.84744
2.0600398,436.89552 6.8913971,444.0 6.8913971,444.0
6.8913971,444.0 6.8913971,444.0 6.8913971,444.0
;
69.030684,430.48104 69.030684,430.48104 69.643314,425.62351
64.939156,401.29242 65.000011,419.06424 67.810486,421.15466
67.259371,431.37914 69.030684,430.48104 69.030684,430.48104
69.030684,430.48104 69.030684,430.48104 69.030684,430.48104
;
520.09772,427.44645 520.09772,427.44645 526.03707,427.73654
514.40801,419.78114 520.05002,427.56833 520.05002,427.56833
520.09772,427.44645 520.09772,427.44645 520.09772,427.44645
520.09772,427.44645 520.09772,427.44645 520.09772,427.44645
;
577.19098,425.83757 577.19098,425.83757 577.6975,421.92284
557.37056,424.81179 549.62522,423.37652 533.47493,422.76256
565.16522,424.7082 571.22337,425.28245 573.19908,425.52991
575.24466,425.40458 577.19098,425.83757 577.19098,425.83757
577.19098,425.83757 577.19098,425.83757 577.19098,425.83757
;
57.63691,424.0 57.63691,424.0 57.0078,405.8852
54.657534,384.81007 51.228124,365.89478 55.2558,371.49245
33.437928,378.47641 49.73074,375.22643 39.485421,376.88035
56.997333,379.56917 49.902883,388.17806 49.993263,389.20963
57.458151,402.85657 48.909307,401.92279 56.363775,401.25981
54.668161,418.71009 57.63691,424.0 57.63691,424.0
57.63691,424.0 57.63691,424.0 57.63691,424.0
;
475.91667,420.98469 475.91667,420.98469 498.78452,421.98845
460.46852,416.87411 467.5,420.96939 470.30554,420.97439
473.11118,420.97959 475.91667,420.98469 475.91667,420.98469
475.91667,420.98469 475.91667,420.98469 475.91667,420.98469
;
335.5,415.61824 335.5,415.61824 357.79333,416.15517
335.82016,414.25621 325.87685,415.48049 318.20843,415.76763
334.62814,415.54599 335.5,415.61824 335.5,415.61824
335.5,415.61824 335.5,415.61824 335.5,415.61824
;
66.384373,407.26244 66.384373,407.26244 63.881527,402.57633
65.530905,391.77509 61.0,383.91483 67.512423,378.30084
54.419026,370.31179 57.637034,377.93346 55.433573,389.55087
68.018946,393.94124 60.5,404.08863 62.248648,404.54428
64.645928,408.95858 66.384373,407.26244 66.384373,407.26244
66.384373,407.26244 66.384373,407.26244 66.384373,407.26244
;
3.8775553,395.0 3.8775553,395.0 19.114947,390.5462
-5.970516,376.47786 2.959302,391.0 13.868903,391.74395
-6.4173589,393.9572 3.8775553,395.0 3.8775553,395.0
3.8775553,395.0 3.8775553,395.0 3.8775553,395.0
;
23.950521,385.18981 23.950521,385.18981 35.891302,388.8454
50.139531,374.27063 31.304654,381.80379 25.722742,382.48918
-0.60841833,380.24022 13.5,385.62315 16.983507,385.4787
20.467014,385.33426 23.950521,385.18981 23.950521,385.18981
23.950521,385.18981 23.950521,385.18981 23.950521,385.18981
;
1.5586384,379.0 1.5586384,379.0 4.7798916,370.26676
25.437418,374.74747 21.0,366.66667 19.088832,361.09894
34.583322,369.5583 29.374688,357.46596 39.328333,358.09588
40.60135,352.12731 46.24791,346.1946 57.778871,339.53548
43.731422,344.59834 36.377314,350.76362 29.009817,357.70713
47.60914,347.83592 35.144343,355.18059 24.090097,350.30689
29.415081,366.21664 20.659149,361.90348 18.551432,372.58871
10.932607,365.50775 2.5984003,374.83838 0.50401354,374.4473
0.38193114,379.25758 1.5586384,379.0 1.5586384,379.0
1.5586384,379.0 1.5586384,379.0 1.5586384,379.0
;
118.00874,350.0 118.00874,350.0 119.16189,336.85876
115.04866,332.96443 116.99999,350.0 116.99999,350.0
118.00873,350.0 118.00873,350.0 118.00873,350.0
118.00874,350.0 118.00874,350.0 118.00874,350.0
;
99.196535,302.66667 99.196535,302.66667 101.41126,301.1274
97.245255,271.65419 100.15026,286.40739 101.04676,306.35283
102.77635,296.00131 101.08049,282.21177 97.506916,268.29318
95.258803,290.17814 99.058027,295.5 100.05295,311.99176
92.137426,283.6188 99.196535,302.66667 99.196535,302.66667
99.196535,302.66667 99.196535,302.66667 99.196535,302.66667
;
4.75,298.46126 4.75,298.46126 21.397551,291.05886
-9.4788146,300.56554 4.75,298.46126 4.75,298.46126
4.75,298.46126 4.75,298.46126 4.75,298.46126
;
19.689216,289.0 19.689216,289.0 31.814982,282.10417
17.466937,278.46047 19.689216,289.0 19.689216,289.0
19.689216,289.0 19.689216,289.0 19.689216,289.0
;
25.401508,283.0 25.401508,283.0 44.260206,279.57756
19.562759,273.87122 34.333333,275.0 25.065131,268.82224
23.339925,281.04921 20.278721,272.67226 7.4561489,271.1644
5.1571937,270.31258 10.342381,273.31905 0.48723282,278.81817
22.697321,278.3183 25.401508,283.0 25.401508,283.0
25.401508,283.0 25.401508,283.0 25.401508,283.0
;
60.5,276.80064 60.5,276.80064 70.5083,275.14992
39.196278,274.83339 60.4186,276.80064 60.4186,276.80064
60.5,276.80064 60.5,276.80064 60.5,276.80064
;
16.25,259.86382 16.25,259.86382 36.543262,259.91772
14.92793,257.30052 6.5,259.72764 9.75,259.77304
13.0,259.81844 16.25,259.86382 16.25,259.86382
16.25,259.86382 16.25,259.86382 16.25,259.86382
;
8.1666667,250.0 8.1666667,250.0 29.562625,249.77425
-13.193973,247.16054 6.877906,250.0 6.877906,250.0
8.1666667,250.0 8.1666667,250.0 8.1666667,250.0
;
39.700776,234.0 39.700776,234.0 40.385982,225.82905
35.040827,211.94176 37.168701,228.5 38.208758,229.91656
38.142728,233.38108 39.700776,234.0 39.700776,234.0
39.700776,234.0 39.700776,234.0 39.700776,234.0
;
851.33333,197.95519 851.33333,197.95519 852.85219,192.90239
836.87368,184.55074 830.68223,179.74899 812.64048,169.33634
789.75456,174.8678 771.07022,165.07619 780.82459,146.21701
761.75735,175.53716 770.60409,156.74999 784.21422,128.65963
805.15539,105.02515 817.00782,76.00636 825.36196,61.457273
828.06168,44.050984 834.69561,28.399691 832.9018,19.644674
825.95839,9.6243071 827.11663,1.0 819.61057,9.3219407
832.08839,20.504063 832.03688,28.955407 824.36942,47.205013
820.82546,66.775558 810.58178,83.732389 797.62758,111.82083
776.35624,135.34115 764.50001,164.14919 783.3639,177.41701
808.9274,171.51922 828.75273,181.65361 837.18349,185.71044
843.48522,194.26647 851.33333,197.95519 851.33333,197.95519
851.33333,197.95519 851.33333,197.95519 851.33333,197.95519
;
27.72358,162.60975 27.72358,162.60975 33.635517,146.43612
13.56105,155.35969 17.916782,147.48338 16.302525,149.61684
1.3462722,144.13481 17.930552,142.66558 32.390737,147.47878
23.179636,136.71726 12.636003,141.39532 -6.2461904,143.14636
10.859007,145.05894 0.999994,147.07192 9.1656378,149.36136
16.856909,150.59155 13.340643,152.89065 6.8307558,153.25488
-0.04543167,153.78714 2.3142732,154.66459 -1.6214971,161.96765
17.460325,153.64589 23.656761,153.46191 28.593072,150.40281
25.046442,163.4079 27.723581,162.60975 27.723581,162.60975
27.72358,162.60975 27.72358,162.60975 27.72358,162.60975
;
3.25,139.65465 3.25,139.65465 8.450184,138.56585
33.59187,134.54343 17.404602,135.34347 14.745777,136.13525
-5.2723664,138.19409 3.25,139.65465 3.25,139.65465
3.25,139.65465 3.25,139.65465 3.25,139.65465
;
2.4538624,74.0 2.4538624,74.0 7.3689445,66.288726
-0.74247927,59.621065 1.0,72.666667 1.6360818,72.745453
1.7511784,74.082007 2.4538624,74.0 2.4538624,74.0
2.4538624,74.0 2.4538624,74.0 2.4538624,74.0
;
