427.0,480.0 427.0,480.0 284.66667,480.0
142.33333,480.0 0.0,480.0 0.0,320.0
0.0,160.0 0.0,0.0 284.66667,0.0
569.33333,0.0 854.0,0.0 854.0,160.0
854.0,320.0 854.0,480.0 711.66667,480.0
569.33333,480.0 427.0,480.0 427.0,480.0
427.0,480.0 427.0,480.0 427.0,480.0
;
409.81574,444.83996 409.81574,444.83996 424.51361,437.32532
415.76801,414.17596 421.88156,400.5 419.86291,384.91955
421.93256,368.04735 423.37971,352.70293 430.42414,338.55095
424.978,321.09283 427.13926,305.5 435.06914,326.7993
437.31135,349.75987 449.58737,369.32218 456.22472,390.87643
464.1003,412.06295 466.14388,434.11292 470.10572,450.29754
501.9507,433.8656 487.22728,421.40504 475.16324,407.24534
485.19465,388.68054 480.48649,371.59747 476.88122,352.78438
467.03199,335.53296 471.09301,315.62276 471.4149,284.34562
471.16781,253.52118 466.6773,222.5 464.46239,214.85341
495.85116,213.47438 488.79916,195.91325 490.18114,169.86707
487.27198,138.84428 465.07737,122.16277 442.61363,117.25301
455.76152,92.436645 449.83937,76.81559 447.64592,57.65862
429.20492,35.261093 408.74867,47.3242 394.02823,54.850638
394.43221,75.546822 384.18475,87.558182 385.07699,104.0867
386.3024,123.73007 370.00202,133.5 365.13501,148.67144
357.94857,165.00435 366.21425,179.87607 365.90834,195.23642
367.96432,212.63559 380.16679,223.38999 379.62884,249.1238
369.57874,276.34143 383.00007,300.38565 397.04023,326.40859
390.50546,354.69336 394.0751,383.18506 396.31538,398.35772
406.24097,414.30597 393.10022,426.9302 384.99147,437.90885
400.7193,444.64678 409.81574,444.83996 409.81574,444.83996
409.81574,444.83996 409.81574,444.83996 409.81574,444.83996
;
410.20016,441.81806 410.20016,441.81806 410.3273,430.64588
400.51249,446.22504 398.9694,434.5 387.66506,441.21337
401.34327,408.15727 410.97171,412.0 422.32555,404.82044
416.1023,438.77889 410.20016,441.81806 410.20016,441.81806
410.20016,441.81806 410.20016,441.81806 410.20016,441.81806
;
472.8861,438.0 472.8861,438.0 467.42148,433.90288
458.37426,406.98994 473.5,409.97263 479.63668,409.67838
494.12252,429.29637 483.63227,435.64039 478.74977,438.23524
474.47319,422.79638 472.8861,438.0 472.8861,438.0
472.8861,438.0 472.8861,438.0 472.8861,438.0
;
409.63459,409.59667 409.63459,409.59667 395.38311,406.70161
398.09687,380.58962 395.49548,367.68317 397.79919,339.65417
393.47898,311.91754 380.87556,286.65749 374.08776,264.89471
386.17765,240.68116 381.29202,219.86885 364.23421,206.23204
373.19445,181.81964 365.00344,164.90996 364.76823,147.3747
375.94823,133.35475 385.109,120.4286 392.4016,96.505108
389.24249,61.123692 414.71051,48.069347 440.42414,42.429657
446.96999,77.383035 448.1402,94.0 445.23844,89.210829
443.31251,115.19081 449.99949,119.92963 465.41865,123.00476
477.32102,134.94893 481.29219,152.02 489.07882,168.53988
485.02005,186.93411 486.01467,204.5 476.29936,216.81433
454.07082,211.41946 465.37578,231.43439 469.24481,268.77415
467.13066,306.12617 468.88869,343.37331 477.67136,362.41351
479.28009,383.46024 478.49957,404.17256 464.62847,417.69487
459.8952,395.6491 457.43473,384.99665 451.36815,362.21473
438.43535,342.46873 434.71792,318.98573 430.05591,294.40181
420.98408,302.73079 423.88437,324.0 425.88418,344.6741
415.92929,362.67202 418.5097,383.52941 416.29804,391.94402
423.62539,410.1664 409.63459,409.59667 409.63459,409.59667
409.63459,409.59667 409.63459,409.59667 409.63459,409.59667
;
442.37756,297.0 442.37756,297.0 454.35977,291.71427
434.7083,289.52155 442.37756,297.0 442.37756,297.0
442.37756,297.0 442.37756,297.0 442.37756,297.0
;
394.43343,272.0 394.43343,272.0 404.51095,260.99696
400.63727,245.0083 397.03446,262.5 407.70403,252.64635
385.21858,271.43061 394.43343,272.0 394.43343,272.0
394.43343,272.0 394.43343,272.0 394.43343,272.0
;
461.76721,270.80979 461.76721,270.80979 471.1859,262.17083
445.88786,258.02971 461.76721,270.80979 461.76721,270.80979
461.76721,270.80979 461.76721,270.80979 461.76721,270.80979
;
403.0,244.0 403.0,244.0 413.27574,242.48817
399.49692,236.30861 403.0,244.0 403.0,244.0
403.0,244.0 403.0,244.0 403.0,244.0
;
416.16923,182.77692 416.16923,182.77692 425.3574,165.44119
425.68153,173.09883 428.80801,160.5 426.63342,180.16456
435.6804,167.49876 439.5,181.0 440.53785,180.68578
451.64826,169.00489 447.0,153.90909 438.78511,149.10572
433.91398,142.76859 429.85648,154.79452 424.89091,151.49365
431.89437,140.7151 430.05596,130.72262 425.76779,141.53004
419.03018,140.46669 411.45105,127.99374 415.65974,130.07127
419.11317,130.27841 409.12819,113.96119 405.75055,127.98163
416.59768,134.60793 414.07027,139.41664 401.83533,125.26806
418.41367,140.1742 405.42693,147.10537 403.09389,157.67496
402.84417,178.29135 416.1692,182.77689 416.1692,182.77689
416.16923,182.77692 416.16923,182.77692 416.16923,182.77692
;
414.42431,175.98469 414.42431,175.98469 404.48995,171.47144
407.25066,152.74035 418.5,161.93339 405.50821,159.60174
404.48984,142.6816 416.25,145.92528 427.55033,150.60324
413.61258,146.9902 425.22019,158.0162 421.38243,163.49651
421.68017,173.90109 414.42431,175.98469 414.42431,175.98469
414.42431,175.98469 414.42431,175.98469 414.42431,175.98469
;
441.0,175.0 441.0,175.0 435.94238,170.84076
447.15885,139.33469 443.38736,164.24064 441.55915,166.58113
445.81736,176.16962 441.0,175.0 441.0,175.0
441.0,175.0 441.0,175.0 441.0,175.0
;
435.23469,162.60006 435.23469,162.60006 432.19811,161.00449
431.79199,158.84241 435.87323,152.5 435.31224,155.65391
437.08256,159.86867 435.23469,162.60006 435.23469,162.60006
435.23469,162.60006 435.23469,162.60006 435.23469,162.60006
;
425.91595,131.42893 425.91595,131.42893 434.61598,114.42686
450.46907,97.609375 442.12455,76.725224 443.51445,62.664524
427.43264,54.137011 421.91844,69.0 413.0895,83.824861
420.34305,82.940064 409.32924,92.610888 396.56774,107.75294
415.24789,118.23015 428.97104,118.74642 426.93084,119.1293
420.11997,142.82301 425.91595,131.42893 425.91595,131.42893
425.91595,131.42893 425.91595,131.42893 425.91595,131.42893
;
423.6849,114.95096 423.6849,114.95096 408.8322,113.43279
406.77119,97.039548 418.61613,89.199796 431.05885,86.05698
415.63661,71.112268 430.68883,65.487896 450.16461,76.915318
426.01031,75.906434 429.8757,84.0 427.13184,90.749915
452.39627,83.201108 438.57321,104.83107 435.89658,110.20328
429.93038,115.204 423.6849,114.95096 423.6849,114.95096
423.6849,114.95096 423.6849,114.95096 423.6849,114.95096
;
425.62277,111.0 425.62277,111.0 424.40456,107.0007
418.04867,105.80298 433.99924,104.75511 434.93886,95.597474
393.20446,98.231337 425.62277,111.0 425.62277,111.0
425.62277,111.0 425.62277,111.0 425.62277,111.0
;
417.75,96.697026 417.75,96.697026 428.36145,94.395674
435.02929,88.562007 434.0,93.213978 426.22212,96.703348
421.68061,88.884677 416.0,96.024463 416.0,96.024463
416.0,96.666667 416.0,96.666667 416.0,96.666667
417.75,96.697027 417.75,96.697027 417.75,96.697027
417.75,96.697026 417.75,96.697026 417.75,96.697026
;
386.07056,98.456392 386.07056,98.456392 380.53644,88.057746
395.73935,73.664784 385.83845,90.084346 385.21081,92.433089
388.91272,97.159579 386.07056,98.456392 386.07056,98.456392
386.07056,98.456392 386.07056,98.456392 386.07056,98.456392
;
