427.0,480.0 427.0,480.0 284.66667,480.0
142.33333,480.0 0.0,480.0 0.0,320.0
0.0,160.0 0.0,0.0 284.66667,0.0
569.33333,0.0 854.0,0.0 854.0,160.0
854.0,320.0 854.0,480.0 711.66667,480.0
569.33333,480.0 427.0,480.0 427.0,480.0
427.0,480.0 427.0,480.0 427.0,480.0
;
400.63922,448.83996 400.63922,448.83996 412.34108,442.92905
406.98019,425.13111 409.08706,413.96667 410.54102,390.69361
406.93818,366.23255 409.82786,343.70752 413.02309,332.22117
409.58677,318.43161 410.35877,306.10364 419.99501,321.97144
419.57427,345.49384 431.54764,359.25 437.96853,369.27364
440.27864,381.76428 446.41566,392.37976 450.61977,405.97789
457.83488,418.68244 457.19776,433.45657 458.86608,444.87972
470.92862,447.94148 479.23,441.56946 492.17683,433.87794
478.44746,422.59474 474.46835,413.75959 469.90249,405.36824
475.62935,394.54437 471.59676,385.11884 470.49336,369.23831
465.89786,354.42993 458.60574,340.47365 455.40512,321.87859
454.95094,302.02537 454.93918,283.5645 461.33807,265.03355
453.81672,245.09781 455.60945,225.83212 451.12226,213.11179
462.08537,208.83224 471.95463,205.0 479.29699,193.05152
474.18466,177.2374 476.81469,163.63079 476.56148,139.41935
464.08001,113.45127 440.73733,103.60446 425.42657,96.548154
437.46537,77.532742 430.43757,65.32626 426.25273,50.285955
418.54085,28.995665 399.17296,31.376554 378.49104,31.67896
373.13943,54.829242 366.02602,69.987786 357.02427,82.000918
363.83911,80.290375 364.44378,75.712152 367.7689,66.353364
366.40837,88.342739 361.0,91.142857 358.08071,74.454803
361.59125,98.853386 360.43491,105.39371 356.96734,119.09165
344.976,129.19752 343.97516,144.1151 339.39188,158.71389
344.23164,173.2462 346.70087,187.51199 343.93943,198.30946
348.80032,213.58883 361.10971,215.08561 360.43691,232.50391
353.3313,248.57739 351.23098,265.43001 352.25188,276.70355
355.03021,288.51845 365.97631,294.14929 370.28406,306.49955
373.1639,318.72392 376.21468,330.45784 377.45117,348.83689
375.61944,367.67442 382.11106,385.2682 383.11746,392.32617
386.61141,404.03702 389.0,412.82782 390.16529,422.55294
375.07389,431.55599 381.43264,440.72551 387.58238,444.59863
392.95654,449.2028 400.63922,448.83996 400.63922,448.83996
400.63922,448.83996 400.63922,448.83996 400.63922,448.83996
;
400.70932,446.0 400.70932,446.0 396.69232,434.86438
400.45455,444.20511 392.0565,444.21849 389.83735,441.92095
389.68668,433.3356 386.12678,441.49999 376.76776,436.03318
389.00279,425.69709 391.40148,417.30069 394.82042,406.3426
412.47974,409.28726 405.99998,423.77601 408.67183,434.85553
400.68587,445.84713 401.28557,445.99999 401.28557,445.99999
400.70929,445.99999 400.70929,445.99999 400.70929,445.99999
400.70932,446.0 400.70932,446.0 400.70932,446.0
;
466.98531,442.0 466.98531,442.0 457.68146,437.15731
459.25065,422.02844 456.83795,412.43363 468.47327,405.72415
473.63324,414.43408 478.13444,424.17956 486.5206,435.60111
476.59578,440.33713 473.03013,435.90058 477.40907,447.80865
463.62432,424.57242 469.00001,442.0 469.00001,442.0
467.04071,442.0 467.04071,442.0 467.04071,442.0
466.98531,442.0 466.98531,442.0 466.98531,442.0
;
396.30903,409.99626 396.30903,409.99626 384.69696,409.68233
389.32667,391.65933 384.61514,383.98216 375.74659,359.33189
383.59251,331.8201 373.25135,308.11304 372.36874,296.69376
364.30895,290.20313 358.04301,282.00073 350.09331,266.9133
357.25629,250.67049 360.84807,235.62434 362.73804,224.32871
367.20426,212.18984 354.75343,208.86295 344.94336,198.07325
350.87349,182.63608 347.49993,169.5814 347.95682,160.03136
346.92872,148.05525 347.20258,142.11707 348.70124,141.46182
351.74984,126.42303 357.25185,121.21131 368.24093,101.34187
366.04947,76.772597 375.18952,55.971978 379.39043,42.646265
391.50443,31.763373 406.21918,35.432606 420.02635,38.434272
425.27481,56.724743 427.36582,69.416631 427.57491,80.840304
427.20827,96.106329 432.07347,104.0 433.20952,108.05209
448.84366,108.34762 454.10599,115.58877 472.10639,132.63125
476.37335,158.88777 472.79692,182.49999 473.90085,192.78405
473.76984,203.63988 461.92599,206.45553 447.21993,209.22939
454.52322,221.0289 453.24778,232.33314 451.5241,251.32626
459.03134,270.58315 450.7827,288.81199 454.02596,301.67238
451.90639,315.86232 454.19523,329.45319 453.80684,347.39571
468.64555,361.0222 467.8201,379.2774 467.99893,389.45644
476.91634,407.30154 461.2908,409.60519 450.21493,409.62409
451.30532,392.26085 446.14251,384.50877 440.44799,370.63774
434.12259,357.52533 426.53938,344.62727 422.58081,331.75968
418.62575,318.89101 414.66925,306.02278 421.27075,303.4797
407.9926,286.0071 412.09275,293.49999 408.46844,303.8863
413.7533,274.76359 412.75193,268.59796 415.62783,258.2792
410.26932,252.00798 411.6158,238.66693 409.82167,229.21466
412.69046,209.09439 413.0,212.28975 409.18046,206.17341
410.6845,193.86614 407.56696,201.0963 407.49136,214.0095
407.58786,216.08853 406.67763,228.49577 404.11246,240.87054
407.0738,253.71183 403.77213,266.00445 414.89566,266.35349
408.5628,287.21654 408.26595,293.0 405.54121,302.73442
408.51724,318.01935 407.97364,329.87743 410.84999,340.69865
403.1104,349.10391 405.84676,360.41854 405.28958,375.70496
406.7754,391.05301 406.85581,406.11705 403.38895,408.05326
400.61518,411.0065 396.30903,409.99626 396.30903,409.99626
396.30903,409.99626 396.30903,409.99626 396.30903,409.99626
;
400.25,306.75 400.25,306.75 405.84992,298.4214
394.38719,300.58025 400.25,306.75 400.25,306.75
400.25,306.75 400.25,306.75 400.25,306.75
;
446.53322,269.0 446.53322,269.0 457.27932,262.03916
434.03489,255.85258 446.23002,269.0 446.23002,269.0
446.53322,269.0 446.53322,269.0 446.53322,269.0
;
361.53065,265.38796 361.53065,265.38796 372.64696,253.70677
350.09808,264.23466 360.86808,265.82209 360.86808,265.82209
361.53065,265.38796 361.53065,265.38796 361.53065,265.38796
;
368.73851,253.89892 368.73851,253.89892 379.53059,236.35811
358.17304,259.75461 368.71031,253.93242 368.71031,253.93242
368.73851,253.89892 368.73851,253.89892 368.73851,253.89892
;
373.69972,242.57357 373.69972,242.57357 383.76856,234.85063
369.25188,234.69003 373.69972,242.57357 373.69972,242.57357
373.69972,242.57357 373.69972,242.57357 373.69972,242.57357
;
394.4059,185.00214 394.4059,185.00214 402.76968,182.04109
408.08121,166.38255 415.42461,179.09721 417.47862,190.14624
428.58439,174.48798 431.21012,167.84318 432.44645,157.90029
422.9194,143.48884 411.95222,148.95295 408.29305,158.45595
410.02631,133.11724 407.13911,127.83655 406.86611,132.11678
395.98595,133.34802 392.99927,120.66667 389.83244,126.87898
403.93698,140.79332 398.38716,139.81861 399.3819,139.23871
385.03653,133.43069 389.99927,137.96785 388.81935,136.28357
410.92481,148.12973 392.26077,151.75751 386.06565,158.31187
390.76724,168.72212 384.88586,175.79286 386.83554,179.11584
388.99779,190.71104 394.4059,185.00214 394.4059,185.00214
394.4059,185.00214 394.4059,185.00214 394.4059,185.00214
;
392.15383,181.0 392.15383,181.0 377.42242,164.18129
397.29384,173.86787 397.40398,171.5 386.82264,164.09361
394.318,146.38033 403.55191,152.916 385.90483,157.93963
416.70944,153.17673 400.5,156.1994 409.86026,159.46239
403.22452,164.67262 402.45838,163.86072 415.45945,165.52879
393.34211,171.36586 406.21533,169.72918 400.14838,177.09595
398.66622,174.78629 395.15267,178.5944 392.96901,176.14859
394.3817,182.17003 392.15383,181.0 392.15383,181.0
392.15383,181.0 392.15383,181.0 392.15383,181.0
;
420.6424,178.0 420.6424,178.0 406.73672,170.85011
416.13225,167.50449 413.30834,165.80553 409.64093,156.71091
420.41041,164.88636 412.72746,155.14584 425.53374,155.65248
414.15664,155.86039 417.42742,150.99999 432.40423,153.03476
416.72153,172.92946 417.43442,172.84728 422.72876,174.05679
428.48796,167.69206 420.64208,178.0 420.64208,178.0
420.6424,178.0 420.6424,178.0 420.6424,178.0
;
427.42882,172.0 427.42882,172.0 423.25647,172.0653
432.50988,148.00819 427.92088,171.18 427.92088,171.18
427.42878,172.0 427.42878,172.0 427.42878,172.0
427.42882,172.0 427.42882,172.0 427.42882,172.0
;
408.67317,185.60485 408.67317,185.60485 411.03938,182.97674
412.2921,176.58151 412.05014,176.53101 409.09624,173.09166
407.37888,192.95853 408.67317,185.60485 408.67317,185.60485
408.67317,185.60485 408.67317,185.60485 408.67317,185.60485
;
443.75,146.98469 443.75,146.98469 449.65875,142.54023
436.18324,134.57335 442.72776,146.18942 439.82104,147.38686
442.63306,146.94237 443.75,146.98469 443.75,146.98469
443.75,146.98469 443.75,146.98469 443.75,146.98469
;
395.67048,119.66285 395.67048,119.66285 395.67548,111.36307
393.38718,115.08456 403.16386,111.55057 407.9784,120.11347
408.41614,108.95739 416.38308,102.62785 425.47658,87.462268
419.19361,67.86571 412.0,52.837921 410.3781,52.023355
408.00818,51.483434 400.16031,50.899981 391.30419,56.110161
390.02068,68.836379 387.0,78.0 397.58463,78.565625
387.48458,72.104321 396.06527,62.59933 399.14723,49.19476
413.07438,57.455401 413.49686,67.602058 418.92562,81.340011
420.01846,101.54772 403.63427,108.1641 394.04444,114.21636
385.41895,100.63504 387.13221,91.744566 385.67032,79.35011
396.25829,84.001371 396.3276,75.872396 398.7206,67.193632
382.29698,82.331737 383.0,89.986458 378.57505,98.291062
385.6437,104.92966 391.56236,112.22098 392.47769,114.48672
393.17554,119.59505 395.67048,119.66285 395.67048,119.66285
395.67048,119.66285 395.67048,119.66285 395.67048,119.66285
;
398.81574,104.96959 398.81574,104.96959 407.37233,105.86361
413.45461,89.509694 403.0,92.781484 395.69737,89.624443
381.37596,97.100375 394.49993,103.83932 395.743,105.06579
397.22547,105.05688 398.81574,104.96959 398.81574,104.96959
398.81574,104.96959 398.81574,104.96959 398.81574,104.96959
;
398.54066,103.0 398.54066,103.0 381.27879,99.410192
417.77679,97.667153 399.87713,103.0 399.87713,103.0
398.54066,103.0 398.54066,103.0 398.54066,103.0
;
390.50245,88.44113 390.50245,88.44113 390.67817,88.53712
395.03011,90.205308 404.74543,88.799737 400.83143,85.910386
414.65266,89.177271 400.5,83.68591 402.58355,94.056499
384.90525,79.995103 390.19925,88.832857 390.19925,88.832857
390.50245,88.441133 390.50245,88.441133 390.50245,88.441133
390.50245,88.44113 390.50245,88.44113 390.50245,88.44113
;
407.07569,80.93232 407.07569,80.93232 424.47884,74.754644
403.09681,76.561241 398.6957,73.928411 398.34098,69.875696
418.22482,79.091259 410.69633,69.731644 400.1783,63.783314
392.20989,80.429198 405.45895,80.901718 405.45895,80.901718
407.07569,80.93232 407.07569,80.93232 407.07569,80.93232
;
409.0,264.0 409.0,264.0 403.96022,248.78955
413.4253,252.96845 409.0,264.0 409.0,264.0
409.0,264.0 409.0,264.0 409.0,264.0
;
409.12283,239.0 409.12283,239.0 407.51376,247.64634
409.2465,219.64102 408.98571,213.5 408.41588,194.95319
411.04664,206.77884 410.00851,218.66317 409.66469,225.43534
410.54951,232.32376 409.12283,239.0 409.12283,239.0
409.12283,239.0 409.12283,239.0 409.12283,239.0
;
