427.0,480.0 427.0,480.0 284.66667,480.0
142.33333,480.0 0.0,480.0 0.0,320.0
0.0,160.0 0.0,0.0 284.66667,0.0
569.33333,0.0 854.0,0.0 854.0,160.0
854.0,320.0 854.0,480.0 711.66667,480.0
569.33333,480.0 427.0,480.0 427.0,480.0
427.0,480.0 427.0,480.0 427.0,480.0
;
407.15418,459.84794 407.15418,459.84794 420.76998,461.07111
415.95942,442.36845 417.93455,433.81429 419.08973,412.41436
420.13773,390.90065 421.76906,369.66781 417.68465,358.92443
429.66242,351.47786 426.72054,340.54155 427.6904,330.14575
426.151,318.60773 428.76246,308.90419 437.10697,329.56767
436.26737,353.04873 449.71368,371.68376 452.11538,385.90908
459.41462,398.7209 460.98163,413.27292 469.80731,425.66537
463.11639,445.30746 476.31463,455.07534 486.65159,456.02398
501.40991,447.19983 493.90878,436.09758 489.28624,427.41275
479.8894,418.71503 485.29586,408.79671 485.26096,388.11319
483.84319,367.50454 475.8295,348.25184 474.6314,336.42439
474.04429,323.02826 475.9071,311.612 484.68944,292.63537
484.60438,270.81139 480.20126,250.52616 483.97584,240.8728
494.45025,238.82454 500.28998,229.84479 500.38398,218.99303
495.25111,215.30929 502.99658,205.809 507.60943,198.36471
509.89197,186.2249 503.36333,177.90466 502.31438,162.87717
502.79466,146.72237 494.49209,132.99998 488.92515,121.87383
479.59114,115.29846 468.95634,109.02753 457.66938,104.13141
454.86773,93.721085 457.0646,82.704024 456.94154,64.064127
450.59043,42.765768 434.75252,31.635477 419.4807,28.206065
402.22572,35.138766 398.14475,51.27862 393.58288,63.152123
389.02599,74.640172 380.74358,84.50001 392.7568,68.208404
386.23148,84.155904 383.45254,94.743654 380.34923,104.68396
377.98926,85.603529 379.72935,106.04879 373.37927,121.45711
360.46729,135.87205 356.02511,152.1461 354.87654,161.07757
356.84153,171.77291 350.00057,179.2791 346.31569,187.91439
342.70653,201.57614 349.53663,209.90824 355.03801,217.09899
346.89239,231.06626 361.69412,233.39893 370.24367,237.60431
373.63058,248.69936 370.92347,257.37949 365.32689,277.28426
365.95051,305.23203 386.71347,315.9029 390.88805,329.7522
391.02868,344.16829 389.8192,359.24087 387.94524,381.16655
394.53649,402.95283 397.74869,423.89738 396.82101,433.35159
382.71032,443.65287 390.78483,452.15484 396.22929,454.79965
400.4476,461.34531 407.15414,459.84794 407.15414,459.84794
407.15418,459.84794 407.15418,459.84794 407.15418,459.84794
;
410.25,457.70833 410.25,457.70833 408.98855,442.9667
403.34214,459.71159 401.0306,450.5 403.9344,455.05834
395.91884,450.5752 395.70132,445.96605 390.40169,447.48574
389.65109,447.69453 395.93031,435.57991 398.83375,424.35094
403.09643,420.79011 414.26624,420.32845 415.33693,429.81672
416.23962,444.14448 412.76251,455.0 408.20407,453.69995
413.90581,457.93443 410.25,457.70833 410.25,457.70833
410.25,457.70833 410.25,457.70833 410.25,457.70833
;
477.93819,452.0 477.93819,452.0 469.13977,447.55062
470.20515,433.23275 467.45733,424.25 466.95851,416.6344
485.818,416.46364 485.58426,427.54168 491.53643,432.1593
497.05764,451.16048 488.39366,441.0 495.96592,448.84674
482.60732,446.51078 483.99008,447.5 475.93942,435.63978
481.95868,449.20465 477.9382,452.0 477.9382,452.0
477.93819,452.0 477.93819,452.0 477.93819,452.0
;
405.50576,420.0 405.50576,420.0 393.7115,418.31723
399.29066,400.47584 394.74013,392.0 388.77283,368.95725
396.80158,343.74599 390.77415,321.55836 392.07151,310.95753
376.43562,310.11277 375.23743,299.58409 370.39378,291.47859
369.10957,278.44097 372.8958,270.59429 376.97733,267.1981
367.87673,251.28327 379.528,251.0 388.64236,246.85718
392.4757,241.10694 399.20926,237.96994 398.72816,226.41901
388.70167,222.00086 379.84705,219.0 365.52014,216.98672
374.1458,241.36314 363.60063,231.62231 348.26319,228.72669
360.16927,214.98605 351.98057,208.27606 346.02201,200.33929
348.9238,186.7868 354.09865,179.08232 359.9342,168.95957
357.48212,156.24365 363.99999,145.81615 367.80592,127.89451
384.02761,114.85782 386.58761,95.740497 392.67981,76.127012
395.97136,53.018216 410.84375,38.097914 419.71033,33.939331
430.62117,32.022254 437.61566,38.213377 451.23034,52.235254
456.31017,75.106568 450.80081,93.78307 453.7634,107.94529
462.64882,109.75328 473.24723,115.61329 492.37418,125.49229
501.24386,150.03939 499.8414,170.5 497.14075,180.39117
510.32227,189.99083 502.3237,199.66465 502.2197,208.19275
488.83946,214.90248 497.54762,223.32689 500.72831,229.85711
482.35873,247.40583 485.01288,231.10098 484.99278,220.86931
470.062,216.68382 466.92346,227.79093 461.4193,233.62934
464.37938,252.12793 473.64044,251.82614 484.87617,252.54393
475.24912,270.76009 479.22361,273.25623 482.35996,270.73796
480.95596,293.05627 476.34047,299.47092 474.58385,308.99147
469.78788,317.71836 472.05066,328.16546 469.66063,344.27867
476.46591,359.07252 480.43189,374.03353 480.82271,386.92543
484.19826,401.35187 481.10394,413.35054 472.09449,424.83397
460.96887,413.82644 461.65155,402.163 458.11084,390.95421
454.51555,378.92166 450.99987,368.27287 442.7194,355.50931
440.02887,339.051 436.57224,323.77516 433.57885,318.32214
429.72259,291.81778 425.35545,304.51213 424.12159,319.86873
424.72228,336.19655 422.74622,350.95185 415.51791,363.94652
420.56868,380.9102 416.90389,395.42688 415.15082,405.22231
422.75036,421.43757 405.50576,420.0 405.50576,420.0
405.50576,420.0 405.50576,420.0 405.50576,420.0
;
460.79078,320.78426 460.79078,320.78426 468.41858,312.88773
460.75048,314.96112 459.13931,303.44383 455.99838,305.97517
458.14769,290.75086 455.77323,281.67437 449.23237,290.97972
462.20618,267.37224 451.98575,269.05921 453.47152,287.55957
451.23278,260.98518 449.5696,254.70561 449.5606,245.62351
440.7722,230.98871 447.81899,227.75 441.49661,223.57659
439.17425,209.33261 440.32515,199.38408 442.20891,186.61404
439.69668,192.84297 434.10578,199.97785 425.55512,193.58578
428.52207,195.29141 433.21027,192.37 423.18808,185.93235
426.61776,205.48675 425.98119,212.33667 425.25331,231.93443
419.01095,250.6138 416.99992,269.92252 427.34707,274.91382
438.69693,271.64455 449.01017,268.19265 452.68707,282.42203
455.07347,297.21679 456.56574,311.59379 455.48614,313.23341
458.08068,322.76227 460.79078,320.78426 460.79078,320.78426
460.79078,320.78426 460.79078,320.78426 460.79078,320.78426
;
431.25,269.63265 431.25,269.63265 420.53336,269.55325
418.9535,267.11096 427.2961,265.77155 414.56694,256.27299
432.39324,259.12576 429.49944,257.03064 433.82942,255.73587
413.93075,247.13914 434.45872,253.44884 444.49645,248.93303
449.24456,260.3522 442.78546,264.00013 446.04407,268.22312
434.23857,268.09717 431.25,269.63265 431.25,269.63265
431.25,269.63265 431.25,269.63265 431.25,269.63265
;
436.26098,248.23649 436.26098,248.23649 424.25116,251.62397
427.16332,237.31396 426.94211,229.02753 429.56901,220.54743
425.76824,195.16564 432.00035,215.5 430.60175,221.37819
427.04671,248.19936 431.90495,230.79368 428.69247,247.20677
437.24794,226.08684 437.29366,219.0 441.55037,212.4562
431.07594,239.5689 438.63402,231.53537 437.7125,238.94129
452.04852,250.86581 436.26094,248.23649 436.26094,248.23649
436.26098,248.23649 436.26098,248.23649 436.26098,248.23649
;
434.56289,219.0 434.56289,219.0 430.46355,237.9973
433.27889,222.79519 433.56576,212.71455 429.89748,198.68821
442.42972,201.03537 435.35529,215.17426 435.35529,215.17426
434.95783,217.09283 434.95783,217.09283 434.95783,217.09283
434.56274,219.0 434.56274,219.0 434.56274,219.0
434.56289,219.0 434.56289,219.0 434.56289,219.0
;
402.83544,319.79665 402.83544,319.79665 412.3068,310.75561
392.25132,314.23726 402.83544,319.79665 402.83544,319.79665
402.83544,319.79665 402.83544,319.79665 402.83544,319.79665
;
378.75787,205.0 378.75787,205.0 388.13624,201.71557
377.96963,184.88262 371.99999,193.55902 381.52188,194.42025
374.6322,202.35177 378.75787,205.0 378.75787,205.0
378.75787,205.0 378.75787,205.0 378.75787,205.0
;
451.36163,191.0 451.36163,191.0 463.21112,185.45283
439.94546,182.7797 450.89653,191.0 450.89653,191.0
451.36163,191.0 451.36163,191.0 451.36163,191.0
;
426.66844,186.94057 426.66844,186.94057 435.48726,178.62907
437.21348,162.93838 433.76105,150.92029 441.21303,152.70234
437.87604,125.02693 434.66667,135.0 431.31625,129.5555
433.23359,119.13981 433.23221,111.66606 442.70684,104.07019
447.83498,93.2501 445.48617,81.081405 445.22877,70.539585
440.66546,56.117272 434.769,49.510281 417.92722,46.695193
417.51415,66.82089 415.1625,78.359183 413.0144,88.377251
404.80252,100.23068 412.18427,106.99012 416.26321,117.57808
411.79277,130.94406 416.62785,142.2498 419.80546,151.11911
419.90654,160.64978 421.01378,167.0 425.31275,171.76512
418.79118,184.44241 426.66844,186.94057 426.66844,186.94057
426.66844,186.94057 426.66844,186.94057 426.66844,186.94057
;
430.50265,168.97729 430.50265,168.97729 426.22854,165.6976
416.38268,147.80959 425.93346,157.5 420.4079,148.87487
417.60986,134.68551 425.54777,151.14363 429.09472,164.09966
428.07759,136.27311 430.12091,156.41678 430.24702,160.58668
430.38224,164.88595 430.50265,168.97729 430.50265,168.97729
430.50265,168.97729 430.50265,168.97729 430.50265,168.97729
;
433.74425,144.10157 433.74425,144.10157 433.24337,162.18968
431.75794,120.46834 433.77395,143.57182 433.77395,143.57182
433.74425,144.10157 433.74425,144.10157 433.74425,144.10157
;
428.67431,144.0 428.67431,144.0 412.5004,136.36156
434.73247,138.40568 428.67431,144.0 428.67431,144.0
428.67431,144.0 428.67431,144.0 428.67431,144.0
;
428.21862,138.9462 428.21862,138.9462 410.87084,134.2342
421.85551,128.49946 429.93723,139.0 429.93723,139.0
428.21862,138.9462 428.21862,138.9462 428.21862,138.9462
428.21862,138.9462 428.21862,138.9462 428.21862,138.9462
;
429.13334,133.41759 429.13334,133.41759 416.93659,135.77639
414.02137,112.50719 422.183,111.67812 434.62572,108.53168
427.92947,127.58813 429.13334,133.41759 429.13334,133.41759
429.13334,133.41759 429.13334,133.41759 429.13334,133.41759
;
424.26987,109.98891 424.26987,109.98891 414.14403,109.25657
410.06451,90.817273 420.8,105.0 430.0012,109.74616
441.3195,87.302739 427.1138,94.958478 426.05947,94.181214
419.10067,91.736836 425.58319,88.269586 420.20154,87.700523
421.13812,70.992972 421.73256,64.575163 422.52188,50.937358
437.70763,55.499018 438.80173,66.567953 445.26559,78.517541
432.47105,62.174959 425.0,70.259922 425.71944,78.030828
447.54591,67.024262 441.60798,83.2958 444.68883,95.678803
435.57754,106.8126 424.26987,109.98891 424.26987,109.98891
424.26987,109.98891 424.26987,109.98891 424.26987,109.98891
;
429.90499,89.984687 429.90499,89.984687 439.25219,84.577803
417.69456,81.976127 429.90499,89.984687 429.90499,89.984687
429.90499,89.984687 429.90499,89.984687 429.90499,89.984687
;
431.69548,81.0 431.69548,81.0 451.80213,78.47952
426.51186,68.971791 425.89423,78.330632 427.38438,80.796564
428.88918,81.470862 431.69548,81.0 431.69548,81.0
431.69548,81.0 431.69548,81.0 431.69548,81.0
;
423.81574,102.92105 423.81574,102.92105 406.77937,100.85069
439.48865,95.540268 426.33824,102.88935 425.60825,103.37625
424.65078,102.88635 423.81574,102.92105 423.81574,102.92105
423.81574,102.92105 423.81574,102.92105 423.81574,102.92105
;
414.98969,94.0 414.98969,94.0 411.19339,94.732721
421.02572,64.44806 417.80321,84.5 417.32334,90.494567
420.1083,96.313905 414.98969,94.0 414.98969,94.0
414.98969,94.0 414.98969,94.0 414.98969,94.0
;
419.81224,162.52109 419.81224,162.52109 419.56462,156.13625
414.03679,148.91619 406.0,148.0 406.5725,154.23018
418.74628,155.96111 419.81224,162.52109 419.81224,162.52109
419.81224,162.52109 419.81224,162.52109 419.81224,162.52109
;
475.72695,248.98469 475.72695,248.98469 461.18275,248.33335
490.59632,242.39343 473.0,242.10844 487.13555,235.15982
462.28711,242.36453 473.27636,238.82471 487.61999,224.94021
468.71365,233.91731 469.0506,229.73162 474.35877,216.74691
485.89614,229.35162 483.22599,238.96377 482.21004,242.66819
481.13673,250.48992 475.72695,248.98469 475.72695,248.98469
475.72695,248.98469 475.72695,248.98469 475.72695,248.98469
;
376.80998,248.0 376.80998,248.0 365.37143,246.78478
373.22502,230.16827 379.37051,228.47686 374.34294,233.54859
367.25206,226.30927 380.11776,221.5725 386.57522,220.47058
400.63636,241.36674 391.55287,231.5 385.41448,222.95182
378.96049,232.85546 391.0,238.92194 390.64407,242.1121
387.61303,240.08291 383.56678,237.93157 381.57839,234.50923
380.51812,237.26018 383.94098,244.0 377.39085,235.93385
382.1481,242.30373 380.11803,247.0 380.9246,240.07059
374.03917,243.29161 378.77576,247.40969 380.48694,248.65649
377.63545,247.87876 376.80998,248.0 376.80998,248.0
376.80998,248.0 376.80998,248.0 376.80998,248.0
;
