427.0,480.0 427.0,480.0 284.66667,480.0
142.33333,480.0 0.0,480.0 0.0,320.0
0.0,160.0 0.0,0.0 284.66667,0.0
569.33333,0.0 854.0,0.0 854.0,160.0
854.0,320.0 854.0,480.0 711.66667,480.0
569.33333,480.0 427.0,480.0 427.0,480.0
427.0,480.0 427.0,480.0 427.0,480.0
;
96.600936,479.0 96.600936,479.0 100.85977,470.2294
77.873703,476.60164 70.812024,475.00582 66.920284,479.57379
93.926848,472.68531 95.681406,477.38786 95.681406,477.38786
95.06277,479.0 95.06277,479.0 95.06277,479.0
96.600936,479.0 96.600936,479.0 96.600936,479.0
;
216.26379,479.0 216.26379,479.0 229.70963,461.84555
238.90555,438.76411 250.38898,419.13875 253.39764,410.28831
268.06612,397.86664 263.04071,390.99331 226.12521,391.2474
189.29578,388.42028 152.40428,387.69256 150.12618,373.27852
150.37575,355.61597 146.52412,343.1426 146.82444,358.39936
150.5587,374.28742 149.99998,389.92968 156.45574,392.18813
173.7349,389.86168 155.62665,393.70536 147.50503,393.97618
131.89665,402.8729 146.88808,396.71195 141.92344,409.9038
127.96189,418.36139 119.79895,430.00807 112.40273,442.89315
101.31072,437.80369 114.78906,427.62148 108.50248,427.49846
117.30884,426.3421 120.99998,419.31127 111.72182,421.64496
128.31498,414.52535 123.50465,413.95611 118.12179,417.7108
132.02395,407.32391 125.89248,409.72588 135.24698,404.93718
123.62948,407.31362 132.65797,403.86893 130.27834,400.93677
133.92369,402.85845 139.39594,393.6373 137.65211,396.80081
144.72061,395.63131 140.64571,381.50005 138.84693,360.5245
138.26147,338.62907 132.83085,318.50005 135.39696,337.90019
131.66989,331.54114 132.36996,315.74893 132.72257,303.7298
131.25646,291.85059 129.41784,280.00005 134.93382,285.77461
133.68836,300.7496 134.99998,310.26153 138.04706,306.97155
133.60367,290.0153 133.79102,281.72451 137.59533,275.41453
145.8292,272.80539 151.67711,264.23273 159.70898,255.49237
149.26814,244.82906 156.2083,236.21167 146.19042,221.90722
153.16376,202.98803 151.04888,186.53713 140.65577,172.69008
151.83261,186.29129 149.43299,195.33594 147.88345,205.6256
151.66166,220.91147 147.04251,228.08421 149.05977,227.65865
141.86935,237.0484 142.28964,222.58371 142.21034,203.86823
145.33672,184.10902 142.4493,166.14989 139.84701,160.50646
132.75836,156.60766 146.07791,150.0 134.92207,147.77236
144.4334,130.74758 138.25996,123.21024 141.0814,127.78314
135.90316,145.24391 140.99997,149.0 136.22525,158.42276
126.92905,154.35049 127.34086,161.15097 115.84336,159.0083
103.51303,161.55717 93.674757,167.5 80.793946,163.2551
102.63759,161.75788 110.50779,158.22446 124.18438,155.62879
122.27761,150.52247 132.30628,153.30462 135.56477,149.74584
135.89086,147.90611 124.97237,145.72385 123.82629,130.57526
120.79815,126.54225 123.11338,144.50003 131.66003,152.46916
128.91004,149.46179 120.92228,150.10805 121.14895,143.36917
125.16523,120.79155 111.16891,125.51393 101.91819,129.17939
78.005815,121.62553 99.127913,121.39506 110.65412,120.65993
122.4979,122.43319 133.81034,120.00954 127.69858,124.10617
118.84603,131.40035 128.14004,139.98873 137.16642,137.53414
124.55077,139.79846 134.99503,131.01415 138.31179,122.77365
131.29715,102.80919 125.97145,116.20929 113.39072,125.68334
124.165,114.90413 120.42867,108.57146 108.15825,103.71184
115.33513,111.68759 104.725,113.60571 98.026176,108.0563
97.648921,108.05016 97.492943,116.75004 95.064327,123.00957
88.021769,110.22444 83.542044,107.48731 74.521902,107.88823
56.513862,104.99429 63.340428,119.82238 62.432212,128.5381
73.212563,147.90679 66.043591,148.20762 73.408258,152.43311
61.213118,148.6236 63.040656,136.52904 62.131577,123.92713
51.875949,110.39882 60.915337,98.684803 64.848312,102.7403
69.577573,88.386579 58.743708,90.002797 43.960161,93.030277
52.584843,86.642635 61.348674,88.774244 67.580952,94.73536
69.80746,82.770364 61.877123,82.0 49.532511,82.212129
56.675837,62.59601 49.971614,55.5 49.590291,61.811935
56.987112,83.015687 50.941331,79.061648 49.521624,71.829958
47.200936,59.572803 45.139102,56.0 43.126213,45.95805
23.912831,51.190077 31.673946,62.659387 22.571643,62.224855
22.290122,55.808326 17.857143,49.0 8.80144,56.603245
4.3923808,48.187311 18.226534,46.0 30.644786,44.390733
31.020906,52.091403 44.709522,49.5 46.579744,33.269218
44.33308,16.943057 41.032707,0.92165721 30.359786,-1.7531415
23.049157,4.6553767 19.076972,6.5927458 9.7271578,10.710924
21.126371,10.414523 22.06388,15.0 22.569907,20.702243
13.962784,12.240598 9.2602139,11.455551 8.8182102,18.124604
-5.9311483,10.324699 5.7699495,19.752601 7.9714741,37.841843
3.7429248,20.71091 10.564472,24.209102 12.857135,34.824492
11.813178,10.59445 18.174062,25.10043 24.403886,11.999006
20.319556,27.280211 30.44025,26.0 31.74862,19.542343
36.372816,20.381723 41.0,23.0 36.214052,26.415372
21.851006,28.600204 36.077336,30.0 44.985734,28.438062
31.076608,36.888033 33.689361,33.585575 31.832332,28.473038
20.20572,26.144814 22.068316,33.872351 16.992495,34.883355
14.45176,31.045642 7.8278202,38.91239 23.412523,47.571404
2.7459504,40.916844 2.519034,50.560894 -0.67500083,52.180029
4.6769113,65.704579 3.0,64.166667 2.8536163,74.79031
4.963963,78.55639 8.8582161,85.500811 23.413544,85.176882
7.3297776,89.919408 1.0,85.0 1.090597,93.41568
8.9450966,89.971099 7.0,89.84537 14.941388,93.90968
30.561859,90.220262 41.464472,91.294562 57.293084,90.880563
27.542583,94.029094 21.732886,95.032623 15.61094,92.600878
-6.6773001,92.010056 4.3638627,99.82741 12.607316,105.16089
17.084937,104.93962 1.8806474,105.95515 2.3088153,116.69538
1.5033886,116.5836 4.3425187,120.0 8.9462243,115.87414
20.142178,120.51484 29.283561,115.45109 38.939155,112.87685
49.756119,109.24623 47.187369,123.99777 51.784249,122.64249
44.104695,108.17599 45.476768,102.15102 40.789546,92.359494
25.845563,103.51477 16.543009,101.5 18.304776,92.931816
36.294468,96.664714 44.756386,93.475676 55.508035,85.864409
67.607541,98.196422 55.869998,95.5 58.781302,103.58241
52.535279,113.99557 56.814459,123.22905 56.434097,131.47951
69.594583,151.54106 54.0,149.0 55.328389,157.18956
36.695676,148.81701 37.366231,153.7686 45.260624,154.33105
61.797668,157.70441 46.5,156.0306 58.65626,161.56015
30.262233,164.82994 30.615003,157.06221 12.193218,151.31269
36.968248,157.4923 33.001582,145.22141 36.626362,142.97775
48.718968,147.86897 34.632744,142.0 34.678474,130.93915
24.882631,124.67455 12.429914,128.0 -10.085918,127.9039
11.577539,131.46484 22.046296,130.139 33.264943,128.29129
30.265083,143.53322 30.402921,149.93039 23.819636,152.70946
2.3062706,151.29787 8.5817875,161.39301 21.846289,158.62592
21.625798,168.56217 32.8519,168.10353 33.683726,184.95507
37.01753,202.17725 35.22637,218.85036 41.681599,212.3407
36.015127,198.02849 36.492257,188.5 35.678765,178.19004
30.26067,162.48964 46.754984,168.05003 60.361098,166.06225
66.281982,172.73095 74.024554,169.0 85.238522,168.05965
96.638002,167.0278 92.376126,182.0 93.029417,191.84168
89.494408,204.28015 91.500005,212.75 94.759402,207.35226
93.658317,182.96779 95.615667,204.0 97.710377,213.64282
99.573501,228.66208 86.001792,221.81642 77.526407,217.92105
86.558377,216.16453 69.89715,216.03181 62.790297,205.50391
69.662491,208.42101 64.084614,211.07264 62.310891,203.72057
60.728508,186.57924 57.944821,184.5 58.283361,196.96104
62.311708,209.05169 64.059602,221.76315 53.329666,221.70865
42.399253,228.47288 30.673361,226.31544 18.387617,224.85626
46.576629,232.63134 47.213978,224.99994 47.611385,229.30863
61.64702,224.26562 68.887768,222.06755 64.80118,224.72293
94.493483,228.23026 78.898508,224.23184 83.555172,221.07621
90.465793,229.14161 96.980208,225.86454 96.635243,232.65297
107.93663,253.91782 94.5,250.6644 84.830954,251.75541
71.894047,246.49422 74.536151,260.74993 58.707295,263.95159
74.118409,270.12023 78.836664,258.26431 96.743739,253.78968
91.24109,265.31211 77.701675,269.00551 63.604548,278.29026
63.164864,265.83934 63.273686,267.2986 59.31725,272.46414
32.014335,271.0471 35.225718,271.24436 46.152001,267.39096
49.492547,261.14853 50.5,259.67935 46.282294,259.42034
30.188866,273.22317 34.624319,264.31184 29.14645,264.45658
21.103527,270.4292 18.866631,263.9003 20.531112,262.47798
10.971969,262.10006 17.800928,252.90105 18.030272,237.55714
17.850668,242.23554 15.446317,254.5 10.824847,257.83585
8.5768571,254.80131 10.958525,264.05519 3.5268319,267.44324
26.82742,265.82531 12.5,267.35991 33.854695,271.31284
-4.1636069,265.09653 2.9441861,270.09903 11.630393,275.54249
28.170436,264.66524 30.57704,269.76303 27.529961,277.6915
8.5324367,269.67863 0.99850356,273.15668 21.92991,276.98908
45.831648,274.76201 67.93763,275.49992 73.848656,273.24356
99.123361,257.10742 87.582192,268.49292 66.862013,284.60933
39.735922,275.7517 15.684365,277.37588 -4.7996561,275.51771
3.2381083,281.33536 18.787943,280.03283 21.179566,287.37462
16.569474,300.6543 16.935236,310.41296 15.412264,332.02008
16.999276,319.51481 18.743572,305.28424 21.933447,297.94084
16.53363,280.86646 25.948155,280.07471 39.301959,280.21645
52.655762,280.35818 66.009566,280.49992 65.146129,288.0025
74.390188,306.42136 63.283727,305.17877 47.362207,306.49996
75.394324,301.85018 71.303315,314.26828 80.36942,313.15502
67.024006,320.15925 68.889196,316.2036 61.198084,328.72433
69.055167,315.83063 62.980349,320.17265 60.00169,327.4967
57.334729,325.21346 48.613605,330.68362 50.598,341.50691
43.376566,333.54305 35.5,334.1579 40.629195,333.32277
40.857746,349.93986 37.0982,341.00001 28.771819,347.46299
12.066014,353.61808 18.363302,367.22428 13.038739,380.17361
34.214174,389.89816 26.043071,386.95462 17.576531,391.02085
27.311475,406.36148 26.446021,415.21582 27.653273,429.29931
37.665857,435.89114 29.364265,418.69785 30.814904,409.67297
18.754689,392.58439 30.353855,390.49958 39.662499,388.37466
42.459983,404.72274 42.857181,412.50032 43.69874,420.02594
40.680895,434.56654 39.928836,435.81237 47.752003,426.85491
46.046751,411.8081 43.817936,400.56345 39.865299,391.68537
27.838315,382.23986 44.166834,390.52586 55.41857,401.83331
53.145068,419.87518 51.211628,434.20083 46.880523,443.06752
53.912062,452.90333 63.470982,451.69424 67.090471,447.91003
79.379099,449.29575 86.907579,446.93909 88.176934,426.82801
89.211071,442.43114 91.653809,451.67952 88.37946,407.62702
79.152063,362.88434 74.320941,318.85741 78.575939,313.32651
93.457223,318.96032 101.95998,316.99368 114.85917,314.55313
107.43362,334.97841 115.14698,341.58775 125.10681,350.39336
100.96154,356.87977 101.9874,367.206 103.96446,384.96087
105.16897,403.82103 109.46171,420.78673 118.79049,420.65831
123.64755,403.91166 131.5315,397.53879 137.08679,391.79887
121.04044,412.23202 117.72428,416.49999 110.42126,424.1331
106.50952,435.76236 98.333263,433.99999 100.28608,422.63969
92.063351,414.44712 96.114322,423.52902 91.700497,429.03308
97.710582,438.67945 94.213978,439.0 97.023576,440.08141
111.21161,448.44742 96.994031,455.28139 87.797559,461.78895
73.993662,455.92593 63.0,458.06975 61.601735,460.60747
82.775045,459.69302 90.14186,459.9654 99.836742,463.15204
105.63103,443.17209 108.96934,450.5 109.1984,443.66886
111.93936,451.33332 113.76522,446.60484 120.44841,450.02755
132.51801,425.24671 127.55684,431.28461 125.31907,435.57651
110.47608,452.36483 114.28683,439.92443 123.59265,429.24128
132.89846,418.55813 142.20428,407.87498 147.15753,415.77161
136.69375,414.55379 151.90642,416.98778 166.59039,416.81537
183.00895,413.83328 194.49991,404.30339 194.2596,391.28092
196.15459,390.22586 211.62972,392.28591 228.62328,393.27945
245.90948,391.65973 262.69623,394.50008 244.84491,421.5868
232.05967,451.5386 214.83679,479.00008 214.83679,479.00008
216.2637,479.00008 216.2637,479.00008 216.2637,479.00008
216.26379,479.0 216.26379,479.0 216.26379,479.0
;
60.715368,451.0 60.715368,451.0 55.956054,446.76004
46.8544,436.53334 56.921823,434.17957 61.475285,431.29975
54.057876,428.67099 55.632157,416.21008 57.346987,400.25999
46.992459,382.03066 29.06795,384.18381 14.631059,380.29808
26.89233,370.88266 29.860766,366.33722 29.838456,356.11441
49.744909,365.55051 57.312885,361.19538 77.344201,352.35729
55.909265,357.56296 45.754836,357.80769 35.084368,355.64057
26.9907,363.30029 20.003092,358.94684 21.22253,354.69719
38.027347,341.03995 35.138385,346.8036 44.604447,347.50602
53.976207,337.05407 52.508676,330.63571 61.623463,337.909
72.951138,312.56213 72.211462,331.60741 74.244545,341.74612
77.010077,352.57205 63.790755,351.8099 72.117547,350.69873
75.14987,352.00489 72.0,354.0 78.408732,353.86064
72.654217,365.32911 77.176997,369.44648 83.423457,385.53429
61.451236,376.99856 52.13124,379.50314 48.225403,380.19029
78.991787,378.88242 78.0,381.01531 78.434377,389.78865
80.035992,391.62786 80.829799,400.49997 81.788808,410.00539
87.138515,424.21915 83.430229,430.99997 80.217643,437.19887
57.177526,427.90296 66.109201,432.58537 79.872602,429.65173
62.145684,444.12319 66.214816,438.47215 57.311929,451.70403
86.850355,442.27423 71.325553,447.59374 65.426456,453.12828
60.006805,439.69645 60.715368,451.0 60.715368,451.0
60.715368,451.0 60.715368,451.0 60.715368,451.0
;
54.524812,394.0 54.524812,394.0 59.423186,385.21998
45.030301,380.50407 48.21063,385.23275 55.751443,379.9673
50.903125,392.44282 54.524812,394.0 54.524812,394.0
54.524812,394.0 54.524812,394.0 54.524812,394.0
;
81.603308,445.0 81.603308,445.0 69.517695,438.39243
93.006212,436.10799 83.374031,445.0 83.374031,445.0
81.603308,445.0 81.603308,445.0 81.603308,445.0
;
114.82967,413.41783 114.82967,413.41783 106.877,422.35989
109.89046,397.08967 107.25144,390.78227 106.62581,379.07638
99.656535,365.10027 111.56563,356.97172 118.44921,353.06094
130.82014,330.74724 134.05175,339.45145 135.21391,355.93679
137.01057,372.24611 140.01739,388.40605 135.60497,379.81064
128.89436,399.39842 123.31111,403.05011 120.61645,406.62076
117.97536,410.22173 114.82967,413.41783 114.82967,413.41783
114.82967,413.41783 114.82967,413.41783 114.82967,413.41783
;
157.0,412.94911 157.0,412.94911 145.27989,414.62221
139.45371,401.59494 152.78264,398.04595 164.69675,397.28536
178.74572,389.11873 189.5256,395.02393 197.71223,405.75681
177.0553,408.30359 169.61469,410.68177 165.4346,411.76087
161.41629,413.58564 157.0,412.94911 157.0,412.94911
157.0,412.94911 157.0,412.94911 157.0,412.94911
;
122.01933,343.0 122.01933,343.0 113.16253,339.30493
112.4382,325.56257 111.49221,316.97885 113.34843,301.38503
124.82226,306.81695 128.03295,318.46666 125.65605,325.73148
131.12313,340.40902 122.01933,343.0 122.01933,343.0
122.01933,343.0 122.01933,343.0 122.01933,343.0
;
129.50468,315.82865 129.50468,315.82865 124.98734,309.08951
118.11528,297.92587 118.70074,287.26538 117.10762,275.23484
116.52819,267.86395 114.79086,256.58538 121.11954,246.03124
118.05569,258.02866 119.90307,267.35071 124.64485,281.01653
123.65503,270.03885 126.44487,284.33939 127.23858,294.7394
129.69733,305.77995 129.50468,315.82865 129.50468,315.82865
129.50468,315.82865 129.50468,315.82865 129.50468,315.82865
;
88.532127,314.7345 88.532127,314.7345 76.518169,312.56648
75.964036,313.10492 76.266004,310.25857 79.534565,300.70523
73.489933,288.59064 74.0,278.0 82.056917,278.47995
96.099525,260.02764 92.415822,276.17319 92.273382,293.42911
93.131378,263.81669 95.047976,283.46949 92.450146,272.58137
98.301576,261.20043 96.291564,271.56759 96.538065,281.21057
96.608972,291.8965 98.326481,300.5916 99.872399,304.39813
101.14528,317.65469 97.268225,309.95227 100.99369,318.56363
93.418307,313.64105 88.532127,314.7345 88.532127,314.7345
88.532127,314.7345 88.532127,314.7345 88.532127,314.7345
;
106.0,315.0 106.0,315.0 97.520097,314.53781
104.4681,298.72024 98.921046,292.59244 98.04106,282.82179
97.060045,270.69268 102.17422,262.61133 116.29862,250.90909
107.11227,268.73079 112.00782,272.50001 111.08064,285.80219
120.30664,301.74121 110.00007,312.60751 110.83195,316.67442
108.55852,314.49201 106.0,315.0 106.0,315.0
106.0,315.0 106.0,315.0 106.0,315.0
;
73.137479,310.41503 73.137479,310.41503 68.674226,304.5079
71.242994,285.55992 70.8135,284.00276 71.197396,271.92415
73.024255,297.8278 73.876563,304.01508 73.221165,305.8195
75.804045,309.71053 73.137479,310.41503 73.137479,310.41503
73.137479,310.41503 73.137479,310.41503 73.137479,310.41503
;
115.70768,295.23517 115.70768,295.23517 114.58171,298.04175
113.23431,268.3329 117.80508,289.2999 119.27211,295.75716
116.69519,291.95853 115.70768,295.23517 115.70768,295.23517
115.70768,295.23517 115.70768,295.23517 115.70768,295.23517
;
131.33396,276.43662 131.33396,276.43662 125.34165,272.64333
128.60078,256.16062 127.5039,247.41966 117.16784,246.8964
125.71792,262.26469 124.62857,268.94784 121.13908,276.79477
126.51659,248.68053 116.34475,249.86973 122.02534,246.05395
133.60708,240.74473 141.76105,239.12038 154.58055,239.09738
145.32765,244.16425 150.83731,247.98256 155.03583,257.55496
146.92601,266.67387 139.05314,271.04196 142.39053,264.37893
151.40721,243.91903 142.1649,261.28689 137.63396,266.94141
139.78083,275.27104 131.33396,276.43662 131.33396,276.43662
131.33396,276.43662 131.33396,276.43662 131.33396,276.43662
;
96.666667,262.97074 96.666667,262.97074 95.388454,256.32372
120.44099,250.31071 103.42327,259.7012 101.15779,260.56859
99.094225,262.75964 96.666667,262.97074 96.666667,262.97074
96.666667,262.97074 96.666667,262.97074 96.666667,262.97074
;
96.787534,255.45663 96.787534,255.45663 91.700686,256.68267
87.671091,251.22206 101.93743,253.46782 110.37631,249.94689
108.33798,240.47588 106.81612,230.22711 105.27687,209.99917
100.42046,190.15302 100.00006,169.88197 100.17612,169.90347
111.12882,166.81922 117.56915,170.68055 117.12846,167.81681
134.67133,167.13504 141.00006,172.24448 138.13711,177.85331
136.10238,175.82213 136.33107,191.91157 136.65948,199.06969
134.16905,213.5441 138.19932,215.49959 138.45546,225.12352
146.65079,240.22585 134.17332,237.88656 127.23343,244.19597
111.07296,241.76902 109.0,250.62908 104.99305,252.48478
101.23181,254.78186 96.787534,255.45663 96.787534,255.45663
96.787534,255.45663 96.787534,255.45663 96.787534,255.45663
;
105.11448,247.28552 105.11448,247.28552 99.645692,241.56825
102.77068,229.25556 103.9903,237.0 103.40945,229.48911
107.13871,247.01991 105.11448,247.28552 105.11448,247.28552
105.11448,247.28552 105.11448,247.28552 105.11448,247.28552
;
152.95864,238.69254 152.95864,238.69254 137.66801,245.84493
150.99418,216.03996 152.95864,238.69254 152.95864,238.69254
152.95864,238.69254 152.95864,238.69254 152.95864,238.69254
;
138.13337,167.98469 138.13337,167.98469 129.0403,158.85466
136.44716,158.25074 140.28975,166.00002 139.39856,166.43611
140.63786,169.65847 138.13337,167.98469 138.13337,167.98469
138.13337,167.98469 138.13337,167.98469 138.13337,167.98469
;
128.75,166.8319 128.75,166.8319 123.32846,166.25365
99.791681,165.34071 113.74493,163.14834 117.25682,163.77686
138.80377,161.05246 128.75,166.8319 128.75,166.8319
128.75,166.8319 128.75,166.8319 128.75,166.8319
;
40.833333,165.884 40.833333,165.884 21.608988,166.95522
26.511652,160.79884 42.653113,163.55303 57.340472,163.20552
51.986929,167.39349 40.833333,165.884 40.833333,165.884
40.833333,165.884 40.833333,165.884 40.833333,165.884
;
60.309017,162.96959 60.309017,162.96959 46.107387,163.66042
62.208166,158.10261 66.435214,162.90139 64.649639,162.97959
62.314287,162.94729 60.309017,162.96959 60.309017,162.96959
60.309017,162.96959 60.309017,162.96959 60.309017,162.96959
;
74.89235,163.0 74.89235,163.0 59.19889,161.20151
73.002101,157.77473 70.755111,159.0 75.065602,164.61335
76.635162,157.63785 74.89235,163.0 74.89235,163.0
74.89235,163.0 74.89235,163.0 74.89235,163.0
;
83.896162,160.62942 83.896162,160.62942 69.661313,160.73147
92.275133,157.55867 91.51841,155.91386 100.14763,155.17616
88.553467,133.902 87.766737,145.0 84.608613,142.05056
94.127566,129.95278 92.489467,143.87052 99.462917,144.77297
103.75103,148.96672 113.5,148.2916 106.78371,149.74025
103.76211,155.38163 93.924839,155.05538 101.46388,157.3358
107.39072,158.40188 94.171287,157.70012 88.210749,154.90063
88.955516,160.87372 83.896162,160.62942 83.896162,160.62942
83.896162,160.62942 83.896162,160.62942 83.896162,160.62942
;
29.718615,159.79246 29.718615,159.79246 19.544482,160.3185
1.3097541,156.82905 21.852313,157.0 25.09662,157.28477
30.230538,155.60404 29.718615,159.79246 29.718615,159.79246
29.718615,159.79246 29.718615,159.79246 29.718615,159.79246
;
62.190983,159.88166 62.190983,159.88166 52.553268,157.95359
54.509058,146.90887 59.559017,157.0 60.751201,158.73325
66.622474,157.6975 62.190983,159.88166 62.190983,159.88166
62.190983,159.88166 62.190983,159.88166 62.190983,159.88166
;
66.962793,154.59955 66.962793,154.59955 50.31236,152.31463
64.160816,152.04477 73.881971,153.0 77.944854,156.70841
68.094556,153.64245 66.962793,154.59955 66.962793,154.59955
66.962793,154.59955 66.962793,154.59955 66.962793,154.59955
;
86.913055,154.0 86.913055,154.0 81.284835,146.77529
87.026275,143.27194 87.865225,154.0 87.865225,154.0
86.913055,154.0 86.913055,154.0 86.913055,154.0
;
117.5,148.0 117.5,148.0 103.38101,148.91005
117.30798,139.90719 119.0,148.0 119.0,148.0
117.5,148.0 117.5,148.0 117.5,148.0
;
109.63889,144.9331 109.63889,144.9331 102.85664,143.34462
86.470162,138.02155 100.86496,140.19692 102.32102,144.24126
119.29804,137.68514 118.91375,138.45831 121.36281,143.67821
106.16661,136.91289 109.63889,144.9331 109.63889,144.9331
109.63889,144.9331 109.63889,144.9331 109.63889,144.9331
;
71.0,143.5 71.0,143.5 67.720862,137.83791
66.928087,123.8599 64.625006,115.20029 64.15949,105.49189
69.255823,134.23256 71.426295,128.66589 69.100894,121.3298
82.7464,121.97708 83.237463,125.5 79.213802,109.15572
87.794733,124.26693 86.142219,133.34558 76.727475,130.97679
84.221121,129.36782 79.0,127.0 73.002233,126.27287
76.757759,133.5206 71.0,143.5 71.0,143.5
71.0,143.5 71.0,143.5 71.0,143.5
;
98.942386,139.0 98.942386,139.0 82.302914,137.80252
104.62605,129.0392 99.773695,133.7579 103.3018,132.96711
101.61082,140.4525 98.942386,139.0 98.942386,139.0
98.942386,139.0 98.942386,139.0 98.942386,139.0
;
111.75,137.98469 111.75,137.98469 106.28793,134.33766
125.58015,123.22391 114.74994,134.55369 111.58436,135.1719
111.17256,135.37924 111.75,137.98469 111.75,137.98469
111.75,137.98469 111.75,137.98469 111.75,137.98469
;
130.36842,134.40557 130.36842,134.40557 118.06923,128.24657
139.59396,124.00249 130.62689,134.32627 130.62689,134.32627
130.36842,134.40557 130.36842,134.40557 130.36842,134.40557
;
26.079455,114.0 26.079455,114.0 12.920805,106.99996
32.332839,101.18555 35.0,111.0 33.751891,112.0452
29.753129,100.91929 26.079455,114.0 26.079455,114.0
26.079455,114.0 26.079455,114.0 26.079455,114.0
;
40.0,111.0 40.0,111.0 38.29482,109.33321
40.44056,101.58415 27.544832,104.23007 9.9742816,103.81252
36.10516,102.15001 42.180938,99.865899 47.937352,109.43794
41.581756,102.87061 43.118429,109.70917 40.683921,99.99067
44.078458,115.25901 40.0,111.0 40.0,111.0
40.0,111.0 40.0,111.0 40.0,111.0
;
12.531385,102.0 12.531385,102.0 4.7769481,97.52002
14.718832,100.25319 14.920617,99.458347 15.633425,102.43747
15.0435,102.14124 12.531385,102.0 12.531385,102.0
12.531385,102.0 12.531385,102.0 12.531385,102.0
;
17.964932,90.0 17.964932,90.0 7.3560789,89.104854
19.444472,82.225684 20.5,85.0156 22.539778,89.48438
24.586597,90.807273 17.964932,90.0 17.964932,90.0
17.964932,90.0 17.964932,90.0 17.964932,90.0
;
27.2,89.0 27.2,89.0 15.56792,83.963225
29.388615,73.440074 25.0,85.786022 26.723045,85.544698
29.901843,88.521747 27.2,89.0 27.2,89.0
27.2,89.0 27.2,89.0 27.2,89.0
;
37.071825,89.0 37.071825,89.0 29.074387,89.707164
24.222303,73.906853 31.0,77.0 33.600563,72.27924
34.2354,99.722919 35.49284,83.070707 34.829799,78.320813
26.73062,58.974086 34.351287,68.5 32.493662,65.595696
38.885189,52.645294 34.153792,54.433359 38.094964,51.510575
49.142091,59.978185 42.5,65.969374 31.832731,65.603326
42.318184,69.466101 35.884846,71.781385 35.611247,83.363055
43.978619,79.688852 36.817388,72.849279 49.171701,76.490778
39.500723,75.38094 45.999625,70.865343 40.873972,59.641351
49.610507,74.46048 49.31512,80.313024 27.820506,75.820526
40.929828,87.506723 40.922664,89.0 40.922664,89.0
38.963362,89.0 38.963362,89.0 38.963362,89.0
37.071825,89.0 37.071825,89.0 37.071825,89.0
;
62.75,85.874833 62.75,85.874833 45.727734,86.065862
57.497582,78.579646 64.0,86.0 64.0,86.0
62.75,85.874833 62.75,85.874833 62.75,85.874833
;
11.579705,80.968197 11.579705,80.968197 2.1118274,72.225685
11.694002,64.717391 11.659409,81.0 11.659409,81.0
11.579709,80.9682 11.579709,80.9682 11.579709,80.9682
11.579705,80.968197 11.579705,80.968197 11.579705,80.968197
;
17.80042,74.379409 17.80042,74.379409 1.4701295,73.566225
24.406923,61.143791 14.124727,63.458587 -1.1234495,57.435666
16.465007,63.195924 15.27957,60.036327 19.874877,63.918748
26.171334,59.508969 26.0,65.881966 16.441514,62.080179
24.60386,68.120646 20.541343,74.309076 20.541343,74.309076
18.582685,74.359336 18.582685,74.359336 18.582685,74.359336
17.80042,74.379409 17.80042,74.379409 17.80042,74.379409
;
37.940983,47.0 37.940983,47.0 26.192971,49.900778
48.936162,28.95548 43.943828,45.281872 43.197282,48.273624
40.128389,46.596063 37.940983,47.0 37.940983,47.0
37.940983,47.0 37.940983,47.0 37.940983,47.0
;
22.182034,43.817047 22.182034,43.817047 15.444505,44.297353
28.762215,38.888315 28.622717,37.668685 22.196141,36.943963
27.131185,46.331564 22.182034,43.817047 22.182034,43.817047
22.182034,43.817047 22.182034,43.817047 22.182034,43.817047
;
34.127555,42.883999 34.127555,42.883999 29.000777,45.577846
47.23449,27.735486 37.682094,41.75 37.309279,43.833827
35.454162,42.803795 34.127555,42.883999 34.127555,42.883999
34.127555,42.883999 34.127555,42.883999 34.127555,42.883999
;
39.281326,12.936614 39.281326,12.936614 30.917713,12.554615
31.832858,-1.391494 34.865384,7.2012313 36.821032,0.93147331
38.468473,3.7204195 39.962944,11.519486 39.962944,11.519486
40.062651,13.0 40.062651,13.0 40.062651,13.0
39.281326,12.936614 39.281326,12.936614 39.281326,12.936614
;
739.28911,479.0 739.28911,479.0 742.32456,474.42058
729.9478,461.8278 725.59749,453.93648 716.69369,440.90905
707.84914,427.84135 698.9931,414.78145 715.27794,418.45943
734.46362,413.71219 749.60245,417.40637 763.89014,419.87437
781.71613,417.9414 797.37335,419.51925 815.65948,419.32229
836.22394,423.81666 853.0,422.28397 829.83581,417.49842
802.59592,417.98045 777.79217,416.5238 768.54455,414.35808
753.09784,420.37504 749.9697,410.86324 744.77236,395.34155
738.76715,411.06831 742.40321,414.27221 727.29049,414.44366
710.99019,412.42046 696.57434,413.87972 707.99561,434.14655
723.47766,454.34168 736.60183,474.5 716.64348,474.03889
719.50422,474.4337 730.54284,475.73124 710.19189,476.87103
727.85812,475.40872 737.33333,479.0 737.33333,479.0
739.28911,479.0 739.28911,479.0 739.28911,479.0
;
38.736218,476.0 38.736218,476.0 45.53435,468.48381
28.549981,470.68196 38.736218,476.0 38.736218,476.0
38.736218,476.0 38.736218,476.0 38.736218,476.0
;
42.133647,470.4174 42.133647,470.4174 46.500916,462.24522
31.443761,467.1969 42.133647,470.4174 42.133647,470.4174
42.133647,470.4174 42.133647,470.4174 42.133647,470.4174
;
111.73648,466.0 111.73648,466.0 128.73432,456.46122
111.59439,467.06469 119.15043,456.42226 121.65996,444.97687
103.48097,456.63441 110.25274,461.18579 107.51448,461.93718
109.31171,467.36044 111.73648,466.0 111.73648,466.0
111.73648,466.0 111.73648,466.0 111.73648,466.0
;
112.97501,463.0 112.97501,463.0 109.96948,454.49583
123.43509,448.58784 114.3505,462.12087 114.3505,462.12087
113.95001,463.0 113.95001,463.0 113.95001,463.0
112.97501,463.0 112.97501,463.0 112.97501,463.0
;
10.781385,458.93152 10.781385,458.93152 17.865983,452.92723
-2.410163,442.87065 0.71499861,452.04833 3.8527053,454.25686
7.0648708,458.15848 10.781385,458.93152 10.781385,458.93152
10.781385,458.93152 10.781385,458.93152 10.781385,458.93152
;
415.12756,458.94612 415.12756,458.94612 428.64127,459.96744
423.98909,439.81994 425.94702,430.85185 428.14735,406.82191
427.12439,382.2667 429.1699,358.50002 436.28677,344.48104
431.32789,327.6887 433.18467,312.2459 433.40254,302.99069
440.06709,329.4034 441.7875,335.34427 442.671,351.56523
452.76003,364.83317 458.13291,379.21309 462.5411,391.786
466.47394,405.36745 471.04036,417.52496 471.13066,423.93445
478.96608,440.91107 470.97586,430.69094 476.15023,439.91088
476.64528,458.00263 491.37699,454.00002 502.71211,452.10029
507.96481,439.04223 498.28959,431.104 490.53028,422.91392
491.74574,414.18322 492.6611,404.18 491.84408,386.89613
491.18577,369.37041 483.17278,353.72728 479.89622,339.75204
479.88712,324.29954 482.07094,310.20286 492.64725,307.24619
499.30865,299.12237 498.9734,287.98008 496.17579,276.62109
503.62274,271.75872 509.1831,263.59879 514.6658,250.08695
500.31348,238.24686 503.88304,224.12338 508.47053,201.05807
505.41049,176.91257 503.45449,153.60337 500.18167,137.65175
495.39668,119.72981 478.50004,113.71143 471.16855,113.47687
453.32575,96.279512 463.00595,101.8915 473.30719,114.16177
456.27801,92.929541 458.60853,86.590581 458.2597,69.507947
452.34129,52.46835 440.3798,40.205317 431.37418,30.637829
416.12295,36.634055 407.03628,42.324373 387.89033,62.337918
394.28799,93.02116 385.64203,117.58337 381.24749,132.5796
369.93028,145.11514 368.46745,161.42467 365.7731,177.35537
368.43705,193.71345 363.57208,209.34434 359.46922,223.57717
366.98759,238.27072 359.1932,251.61004 353.35801,266.37853
368.89658,279.09636 364.89246,294.22693 365.77435,304.65221
373.46495,312.55368 383.45542,315.0978 392.27955,309.23436
395.87955,326.3354 397.27934,333.85194 397.84321,354.36948
394.81972,375.21187 400.13393,395.29926 400.22723,394.2103
402.2537,411.10716 405.30576,418.58245 410.38517,430.36539
388.60469,442.24018 399.34972,452.29517 404.50281,455.10966
408.69054,460.39628 415.1276,458.94612 415.1276,458.94612
415.12756,458.94612 415.12756,458.94612 415.12756,458.94612
;
417.67218,456.83462 417.67218,456.83462 417.61578,441.7485
410.14028,460.6277 408.72764,449.5 405.57377,457.15266
405.61756,445.54364 399.73892,448.66122 396.76743,442.08091
408.67043,431.18768 409.36677,421.83172 420.56679,422.04783
425.24702,417.72228 422.95598,433.38867 422.75669,440.96712
424.1882,452.35057 417.67218,456.83462 417.67218,456.83462
417.67218,456.83462 417.67218,456.83462 417.67218,456.83462
;
485.87138,451.74059 485.87138,451.74059 477.06497,448.95682
477.65018,434.52649 475.45338,426.36011 474.965,416.12365
493.55741,417.84875 494.51239,429.57904 502.19698,434.44913
501.99535,452.35338 494.30485,444.84977 491.26653,447.82999
494.53435,451.43422 485.70426,442.77139 485.20327,444.93977
489.45873,451.90821 485.87138,451.74059 485.87138,451.74059
485.87138,451.74059 485.87138,451.74059 485.87138,451.74059
;
412.90499,419.99445 412.90499,419.99445 401.80136,417.31469
405.91568,400.53573 402.32373,391.81446 395.44375,366.86304
404.79417,340.41753 395.6936,315.83446 386.87594,311.91176
379.87571,302.85479 391.0,303.74192 387.75786,296.27481
391.40324,277.44438 379.5,279.8771 365.05223,285.37935
365.7258,275.21412 361.36657,264.43469 355.78187,252.62736
371.97404,241.48655 364.66667,229.73825 364.92891,207.16953
372.33679,185.81994 371.82282,163.14639 374.25461,152.81264
373.94497,152.60548 378.56171,139.02605 384.17339,130.34108
389.83484,121.71832 390.22272,111.02009 392.3726,109.4534
393.31436,90.230338 395.24408,81.797299 397.07903,65.173608
401.12796,41.967241 421.54913,39.891797 436.68046,32.307203
446.59092,50.764023 450.39338,62.798546 458.29508,76.432289
450.21839,93.005824 459.58439,106.08885 464.18939,112.91806
476.45302,113.36774 483.6076,119.00045 504.98816,138.63908
501.67499,170.17368 502.7029,196.38274 508.48511,211.35277
494.99268,227.9494 503.35149,242.90799 509.78874,251.49298
509.06028,263.46831 500.9979,270.00045 496.48515,278.33184
492.77338,278.68135 481.75329,276.50045 479.26885,285.0384
475.5196,296.96143 480.99986,303.68024 475.4387,318.11892
479.13188,334.15949 478.7242,349.50045 488.00478,368.87074
489.38947,389.94159 490.07417,411.07309 486.63624,423.88517
469.09665,420.07303 469.9967,407.00037 467.09807,394.63133
461.80591,382.31074 457.91688,370.62208 445.06362,351.62072
444.54798,326.24063 435.38382,304.86257 429.74661,293.52235
430.02467,319.25621 430.27408,325.81996 429.34996,335.9896
432.18432,347.57245 426.59533,355.94565 424.43557,376.51697
426.21415,397.75186 422.88498,417.93775 419.56525,418.62027
416.36075,420.36613 412.90499,419.99445 412.90499,419.99445
412.90499,419.99445 412.90499,419.99445 412.90499,419.99445
;
458.84324,322.77419 458.84324,322.77419 466.87081,315.60456
461.51064,317.90648 457.94423,307.08242 457.49339,313.09755
452.86509,295.00947 454.66689,292.41729 458.38222,301.26077
453.33437,277.93184 453.40194,283.59927 448.83943,278.76637
461.54214,271.47874 451.7205,273.21863 452.25349,273.825
450.63875,253.60136 448.86102,246.5 441.07852,236.08802
454.33341,225.97629 444.2068,226.75868 443.55749,222.04746
442.09912,198.22345 438.99612,208.18471 439.14855,213.60598
433.14952,201.42979 436.78658,201.76438 425.93298,205.79077
433.72104,219.63811 429.85314,228.766 428.22034,243.5943
423.76307,257.95006 422.75777,272.85769 431.31005,278.52326
444.1912,270.90591 449.97603,273.84923 453.38872,290.06044
454.10163,307.34556 457.18647,323.11074 457.18647,323.11074
458.84324,322.77416 458.84324,322.77416 458.84324,322.77416
458.84324,322.77419 458.84324,322.77419 458.84324,322.77419
;
434.0,271.80274 434.0,271.80274 417.20948,270.55663
439.44573,270.70436 427.0,261.89752 435.30866,259.3782
435.87998,262.58744 435.0,259.47422 440.04807,261.81116
421.19729,249.44996 434.8985,254.06277 441.99754,254.80241
451.68451,260.96336 445.5,270.43128 441.69135,271.45387
437.96014,272.0854 434.0,271.80274 434.0,271.80274
434.0,271.80274 434.0,271.80274 434.0,271.80274
;
445.25,253.88942 445.25,253.88942 430.69782,255.17347
429.06944,241.85114 432.47771,230.76194 433.9375,221.44057
434.89151,203.59637 435.16803,223.68565 433.12326,237.39645
438.63728,243.7601 440.00006,226.65183 441.07723,224.75268
444.90323,244.42543 445.19411,249.47262 430.31011,250.85064
444.42065,249.58035 445.25001,253.88942 445.25001,253.88942
445.25,253.88942 445.25,253.88942 445.25,253.88942
;
410.84617,322.0 410.84617,322.0 421.76829,315.17588
402.70884,313.18686 410.84617,322.0 410.84617,322.0
410.84617,322.0 410.84617,322.0 410.84617,322.0
;
433.75,200.9754 433.75,200.9754 443.28793,193.53737
433.7886,193.919 432.0,196.38227 432.69483,197.73201
430.35668,202.40952 433.75,200.9754 433.75,200.9754
433.75,200.9754 433.75,200.9754 433.75,200.9754
;
454.0,192.0 454.0,192.0 466.21321,182.54984
441.96273,183.34094 454.0,192.0 454.0,192.0
454.0,192.0 454.0,192.0 454.0,192.0
;
433.06059,189.22595 433.06059,189.22595 442.64589,175.11564
437.01603,158.08598 433.91192,143.12353 439.22441,132.0932
421.37493,126.79129 421.0,135.73998 428.75717,144.17289
436.68005,152.01751 422.5,140.73029 421.00607,146.37107
429.66124,166.04614 422.96941,160.72972 426.46263,166.51474
429.52434,177.80789 426.99995,184.17962 428.37607,184.18032
432.00076,191.90234 433.06059,189.22595 433.06059,189.22595
433.06059,189.22595 433.06059,189.22595 433.06059,189.22595
;
431.52144,177.0 431.52144,177.0 433.25763,177.4275
423.48372,152.31439 431.55834,166.52954 434.3331,169.25857
436.84799,176.27796 431.52144,177.0 431.52144,177.0
431.52144,177.0 431.52144,177.0 431.52144,177.0
;
434.15187,168.0 434.15187,168.0 431.42036,163.71835
424.35817,146.07285 428.73969,147.79938 433.1688,151.9357
436.74903,163.13514 434.15187,168.0 434.15187,168.0
434.15187,168.0 434.15187,168.0 434.15187,168.0
;
476.97723,157.0 476.97723,157.0 488.96292,155.7065
469.36982,141.95558 476.08623,152.83619 482.08889,153.67709
470.77063,155.35684 476.97723,157.0 476.97723,157.0
476.97723,157.0 476.97723,157.0 476.97723,157.0
;
437.7,148.0 437.7,148.0 439.14318,134.96612
436.27357,136.69162 435.07256,141.41801 434.69795,144.49312
434.58692,146.60163 437.7,148.0 437.7,148.0
437.7,148.0 437.7,148.0 437.7,148.0
;
430.17327,121.99341 430.17327,121.99341 444.16895,118.04442
448.26272,97.378417 443.90115,84.721534 442.29705,79.453093
431.50984,58.26894 433.95637,71.5 441.99379,87.218902
427.54867,83.896447 426.84127,88.0 434.26733,93.422153
417.44778,86.864462 430.15346,96.0 441.48776,94.848001
441.87962,85.411372 440.76779,101.91843 442.55565,112.65158
428.62931,126.41327 420.92988,113.86897 422.04867,102.18533
420.39997,113.79977 417.25133,104.66429 415.6915,92.27211
417.57685,94.318362 416.0407,90.0 409.6428,91.627816
415.12091,101.87636 416.68297,109.59649 418.47644,115.27113
423.81834,122.00121 430.17327,121.99341 430.17327,121.99341
430.17327,121.99341 430.17327,121.99341 430.17327,121.99341
;
435.0,89.585336 435.0,89.585336 432.15222,91.74663
442.80757,77.003418 440.25,88.526712 438.70199,89.685794
436.76211,89.280777 435.0,89.585336 435.0,89.585336
435.0,89.585336 435.0,89.585336 435.0,89.585336
;
427.36789,117.0 427.36789,117.0 440.31288,113.27968
418.17163,117.12454 430.83206,111.48411 449.10542,107.63761
418.88632,103.35348 430.12676,109.98586 420.40245,114.19951
432.34332,94.583095 434.51165,103.86762 435.00837,91.136465
422.97475,111.69973 424.48993,96.346811 419.66856,88.841289
415.00175,81.191356 416.01533,81.297053 421.17331,72.007074
416.97148,78.596826 426.30902,68.690983 411.01199,80.249644
441.3848,69.489131 428.55329,68.92205 435.92666,60.313506
417.20247,69.79672 415.83487,75.905276 406.53335,89.625552
424.74224,88.129183 421.12085,101.4583 427.24741,113.56533
419.13896,111.89129 427.36784,116.99997 427.36784,116.99997
427.36789,117.0 427.36789,117.0 427.36789,117.0
;
428.04603,60.0 428.04603,60.0 431.74555,44.024293
427.09777,54.040561 428.01873,57.0 426.97322,42.219964
423.42107,52.590813 428.04603,60.0 428.04603,60.0
428.04603,60.0 428.04603,60.0 428.04603,60.0
;
381.77568,311.92257 381.77568,311.92257 370.0059,309.2752
363.07747,292.89588 369.53967,283.16649 381.92082,278.47637
387.66016,284.93172 386.72094,297.30861 388.40303,307.56235
376.66633,277.66765 378.17376,298.41855 377.49442,299.75531
380.87751,303.40478 381.77568,311.92257 381.77568,311.92257
381.77568,311.92257 381.77568,311.92257 381.77568,311.92257
;
487.81151,304.7918 487.81151,304.7918 480.47146,312.39818
494.65418,288.94796 487.24489,285.0 481.62343,302.57958
480.42927,291.93286 483.51279,279.71257 497.3442,275.74236
497.31734,287.46037 495.23187,297.83083 493.35877,301.02614
491.34399,303.36561 487.81151,304.7918 487.81151,304.7918
487.81151,304.7918 487.81151,304.7918 487.81151,304.7918
;
91.065741,455.0 91.065741,455.0 108.28008,446.32973
86.557072,453.89506 89.149428,451.45756 89.472493,452.9694
87.639976,456.49784 91.065741,455.0 91.065741,455.0
91.065741,455.0 91.065741,455.0 91.065741,455.0
;
570.12422,413.37089 570.12422,413.37089 575.8267,420.2217
565.67613,396.87485 568.19454,411.25487 568.84556,412.03384
569.25132,418.29234 570.12422,413.37089 570.12422,413.37089
570.12422,413.37089 570.12422,413.37089 570.12422,413.37089
;
93.883369,412.0 93.883369,412.0 99.157922,405.68817
90.913951,397.08179 91.0,389.66667 92.304783,380.51531
87.338253,383.3001 91.0,371.66321 79.330071,367.68911
89.020118,348.38068 87.583274,352.14196 77.661848,351.81291
83.803074,333.46142 80.082954,325.90912 77.126282,328.81749
81.409314,344.92946 81.507126,352.7358 82.321617,357.13209
85.697706,384.99682 86.000021,370.50737 95.200112,370.79283
79.128017,383.48364 89.499999,384.5 89.23478,393.98066
91.71217,403.80862 93.883369,412.0 93.883369,412.0
93.883369,412.0 93.883369,412.0 93.883369,412.0
;
8.0,361.0 8.0,361.0 11.85636,352.65139
-6.0582403,351.56197 7.0,358.625 8.0956532,358.6544
5.7470057,362.12799 8.0,361.0 8.0,361.0
8.0,361.0 8.0,361.0 8.0,361.0
;
20.076635,343.5 20.076635,343.5 22.282877,337.53847
22.580781,314.71458 19.946275,332.37125 19.997615,336.20516
18.123038,358.24333 20.076635,343.5 20.076635,343.5
20.076635,343.5 20.076635,343.5 20.076635,343.5
;
145.48767,328.0 145.48767,328.0 144.87024,320.12305
144.08946,309.31552 142.25033,300.5 142.41774,309.32436
142.34113,320.39338 145.48767,328.0 145.48767,328.0
145.48767,328.0 145.48767,328.0 145.48767,328.0
;
23.0,312.5 23.0,312.5 27.031365,291.54325
18.302552,312.92389 23.0,312.5 23.0,312.5
23.0,312.5 23.0,312.5 23.0,312.5
;
30.29488,262.0 30.29488,262.0 45.487321,258.15808
34.754532,246.88096 36.5,254.96937 27.289144,254.8529
37.373339,243.39647 30.123741,254.85825 38.863682,259.12683
38.413586,253.24534 29.690025,261.99997 29.690025,261.99997
30.29488,261.99997 30.29488,261.99997 30.29488,261.99997
30.29488,262.0 30.29488,262.0 30.29488,262.0
;
42.75,259.2457 42.75,259.2457 46.820017,251.36168
45.963773,253.98496 55.568935,248.5 42.603217,242.92548
62.522427,244.56263 46.376571,242.03404 52.932136,248.7737
33.246775,238.24929 38.5,241.91592 44.902582,242.73441
15.68251,243.11373 35.311718,247.52404 46.002858,250.42617
41.86955,253.25521 39.0,258.83333 40.250018,258.97349
41.511268,260.4517 42.75,259.2457 42.75,259.2457
42.75,259.2457 42.75,259.2457 42.75,259.2457
;
76.583333,248.0 76.583333,248.0 83.447458,247.27546
95.274725,245.83039 77.291051,245.06249 72.921367,243.31402
72.942276,248.07993 76.583333,248.0 76.583333,248.0
76.583333,248.0 76.583333,248.0 76.583333,248.0
;
20.621394,241.37266 20.621394,241.37266 35.836399,240.70826
35.871639,239.39094 20.0,239.93723 20.217565,240.35276
19.815987,244.50344 20.621394,241.37266 20.621394,241.37266
20.621394,241.37266 20.621394,241.37266 20.621394,241.37266
;
23.35718,235.0 23.35718,235.0 37.280138,234.0693
37.31414,224.52081 23.52381,230.61905 21.656948,234.5785
38.119914,228.16958 23.35718,235.0 23.35718,235.0
23.35718,235.0 23.35718,235.0 23.35718,235.0
;
10.75,224.66401 10.75,224.66401 6.1744073,218.53708
-1.973546,213.97816 15.755111,216.0 25.448882,222.05302
19.44543,215.48194 35.0,216.0 25.670523,213.66281
11.987397,215.67927 1.0,215.0 0.356548,219.77503
5.9204502,222.59827 10.75,224.66401 10.75,224.66401
10.75,224.66401 10.75,224.66401 10.75,224.66401
;
48.299397,147.57674 48.299397,147.57674 60.82761,152.1909
44.912153,117.7247 49.567313,135.52427 59.327441,146.46786
38.084568,148.62897 48.299397,147.57674 48.299397,147.57674
48.299397,147.57674 48.299397,147.57674 48.299397,147.57674
;
57.700842,144.0 57.700842,144.0 59.177418,137.86357
53.214472,118.09773 55.672277,135.19668 56.564118,137.76622
56.041566,142.41649 57.700842,144.0 57.700842,144.0
57.700842,144.0 57.700842,144.0 57.700842,144.0
;
42.833333,123.5 42.833333,123.5 40.377605,121.54507
15.190803,119.5716 20.277741,122.78969 27.522476,123.10051
36.598529,122.54282 42.833333,123.5 42.833333,123.5
42.833333,123.5 42.833333,123.5 42.833333,123.5
;
7.0,11.64567 7.0,11.64567 4.1869533,2.8865107
12.039996,-0.21867819 1.1508101,1.0 1.3894662,4.8095349
2.046886,11.903873 7.0,11.64567 7.0,11.64567
7.0,11.64567 7.0,11.64567 7.0,11.64567
;
