427.0,480.0 427.0,480.0 284.66667,480.0
142.33333,480.0 0.0,480.0 0.0,320.0
0.0,160.0 0.0,0.0 284.66667,0.0
569.33333,0.0 854.0,0.0 854.0,160.0
854.0,320.0 854.0,480.0 711.66667,480.0
569.33333,480.0 427.0,480.0 427.0,480.0
427.0,480.0 427.0,480.0 427.0,480.0
;
407.59501,454.96774 407.59501,454.96774 419.57199,454.95284
417.39202,448.19233 418.90662,439.24579 420.16462,425.53333
419.88544,411.29754 420.96202,397.0946 418.61216,390.07372
422.29354,377.05054 420.77132,367.62253 417.45766,354.10189
430.43887,344.63942 425.50178,331.61149 423.63394,321.46366
423.77242,305.70385 428.99573,324.59191 430.28706,332.40749
433.71204,335.81195 433.08722,343.93599 435.75276,349.87987
438.9409,360.03204 444.57035,367.5 451.81392,381.49193
455.6179,397.34295 461.57449,411.67807 466.82049,422.43037
465.76124,435.66647 471.14898,446.65679 479.55262,453.64405
490.83884,447.34018 495.66185,440.73009 499.98778,427.68317
477.9477,419.05268 485.21056,405.95723 483.95853,385.73597
482.53181,365.26588 472.58467,347.22142 470.75683,334.81106
471.53229,321.86811 470.70024,309.25403 486.64853,307.00617
484.5192,288.05836 485.99994,276.09383 499.9809,271.90288
502.44903,255.3647 496.81639,243.51715 494.06112,226.53591
498.88249,208.88018 497.4177,191.54087 498.05975,169.75586
497.91408,146.6472 487.99978,127.04216 481.0938,114.12978
462.84527,113.24747 455.39613,100.5 446.04654,89.447789
453.54425,73.049632 445.41182,60.958537 440.96224,45.522012
427.21416,24.525851 408.49978,31.743484 396.34238,35.284729
386.56305,45.224595 377.39184,53.499077 371.9809,61.443437
375.11804,72.68757 372.55333,80.867392 380.97474,91.262099
369.16874,98.44696 369.80294,108.52567 371.77294,119.18721
365.26234,122.30536 365.76884,136.58776 358.38093,166.6927
358.84884,198.73446 355.99889,228.58994 359.58936,241.07858
345.24765,247.95362 349.03605,260.73367 354.54303,271.70538
354.14507,284.42134 355.5624,296.30202 357.58961,304.84516
366.81856,310.57538 375.0,308.05 379.99537,314.69873
388.14135,321.17642 387.43766,332.43222 390.87229,353.97669
386.00132,376.46057 393.79492,397.33908 395.15824,408.57672
403.3007,420.42341 394.05508,430.34606 384.92289,439.74851
390.01446,450.05387 400.85817,454.47131 402.57194,455.70419
405.575,454.51901 407.59501,454.96774 407.59501,454.96774
407.59501,454.96774 407.59501,454.96774 407.59501,454.96774
;
413.07825,448.92105 413.07825,448.92105 408.1145,441.02277
403.0144,450.24913 401.08518,441.74446 394.01735,442.90214
393.5888,435.98851 398.80243,429.65746 402.94428,420.60175
402.70588,417.80109 414.12828,416.88411 418.16694,421.35928
416.09211,438.83596 413.9469,447.74191 413.9469,447.74191
413.6565,449.0 413.6565,449.0 413.6565,449.0
413.07825,448.921 413.07825,448.921 413.07825,448.921
413.07825,448.92105 413.07825,448.92105 413.07825,448.92105
;
476.44629,443.38224 476.44629,443.38224 469.96634,440.07225
470.60838,427.39302 468.29026,419.81149 471.04587,413.00103
484.47828,414.86627 486.20955,425.37239 492.0905,429.88614
492.25084,444.24951 487.99992,439.0 482.70628,442.92561
479.09524,430.669 476.44629,443.38224 476.44629,443.38224
476.44629,443.38224 476.44629,443.38224 476.44629,443.38224
;
407.83907,415.49377 407.83907,415.49377 396.49464,416.67782
400.51271,398.99504 396.41333,391.79381 388.26973,370.76802
396.18733,348.09751 390.27512,327.0 392.15536,314.47446
380.17302,311.42732 375.0,302.26393 383.70109,299.48857
377.00472,286.39807 376.46403,278.57628 370.70819,271.99524
353.15424,281.12561 354.75994,264.94752 348.58914,255.82487
355.66857,246.21428 359.99993,238.88725 359.96483,221.14305
361.42802,204.46237 364.48454,186.73701 363.32098,178.78102
364.8348,168.50222 366.68687,159.92199 368.78602,148.60289
369.34375,138.43682 376.91723,128.71533 382.21439,116.19203
385.39207,101.85158 382.89674,88.181808 386.04066,80.450018
378.53831,87.928271 384.9266,77.861709 385.71259,64.657364
388.04943,51.345274 397.47418,42.179183 405.14319,36.746322
415.49037,31.576698 424.48495,36.508943 432.44501,40.680258
438.27741,52.974769 439.5751,57.5 443.81468,64.362454
442.74995,72.291144 443.80937,82.682233 445.16436,93.533374
448.77977,108.74115 459.76614,112.61134 469.08258,114.90401
477.83516,120.53639 483.81756,128.23042 498.0304,152.51792
491.53938,181.65765 494.35715,208.08567 491.12607,223.52746
489.90003,241.33848 496.23202,256.93912 496.21142,267.90956
483.31749,269.42699 482.19946,277.71143 473.15725,276.61543
460.8676,274.04081 462.54984,289.16658 452.94397,304.82927
475.61613,296.13571 465.79285,304.54326 465.31337,312.95117
468.41454,323.11109 467.52675,333.43997 466.27155,353.16106
481.29754,369.27641 479.73226,389.26027 481.89355,399.14161
482.68009,415.24704 468.2171,414.22647 457.79072,395.93506
455.24747,373.61883 442.14322,356.45764 436.10274,338.33324
430.21038,317.95834 424.57718,301.064 417.17184,302.79999
423.41514,322.77318 421.55268,331.56503 424.34919,344.62323
415.47578,355.15746 417.60912,368.25547 416.64172,383.00227
419.12404,398.30067 415.96163,412.69649 413.32015,413.89584
410.81182,415.33564 407.83907,415.49377 407.83907,415.49377
407.83907,415.49377 407.83907,415.49377 407.83907,415.49377
;
440.12244,320.0 440.12244,320.0 452.03298,315.54671
440.13044,312.41192 440.17524,301.5 441.18753,288.95781
438.35948,282.52785 439.00004,274.45891 448.58684,269.57794
432.68409,265.4769 437.48526,253.66467 438.36743,243.60709
432.04717,231.33587 438.69818,224.65576 430.59592,221.4166
432.23598,205.52089 432.6729,196.36366 434.50513,188.7617
448.79365,169.28942 434.89514,183.48364 430.17946,180.27049
432.49454,187.99265 425.54189,185.86812 415.9533,198.87084
426.00345,175.63333 427.66114,170.12384 431.72394,155.76146
429.06745,139.32986 423.99152,126.09151 424.67287,104.48744
423.60907,139.52616 413.70798,123.0 407.89375,129.75532
414.69584,143.82805 414.79271,153.24086 417.94127,160.29165
395.74996,136.93244 408.64178,155.39551 416.04029,163.1734
413.79657,176.20502 414.62958,182.81258 418.29566,193.43634
414.65898,208.24443 414.32948,220.37565 411.81087,237.16331
407.63718,253.64946 405.789,270.55567 415.0752,274.45068
425.87501,277.42384 435.53108,273.22781 435.93512,282.09369
435.33433,288.03535 436.05333,298.6491 439.94714,306.98978
431.36156,316.29209 440.12247,320.0 440.12247,320.0
440.12244,320.0 440.12244,320.0 440.12244,320.0
;
423.5,271.49444 423.5,271.49444 408.12315,268.74527
417.93294,265.67461 418.11037,267.71542 417.80049,265.84994
404.53762,250.25331 418.2198,259.96178 428.18585,266.41129
437.71929,261.01148 426.52173,258.19485 414.96952,252.70816
423.22127,253.71338 431.5,256.0306 436.96423,261.99307
430.13924,266.72132 429.07888,271.00959 427.20919,271.09089
425.29104,270.75661 423.5,271.49444 423.5,271.49444
423.5,271.49444 423.5,271.49444 423.5,271.49444
;
433.8925,252.38231 433.8925,252.38231 421.09006,250.31022
428.87821,252.01439 419.62409,246.76057 406.73489,235.81861
425.26461,245.97592 417.63921,230.54201 418.02229,220.21626
419.32602,210.19755 419.74199,199.43062 424.40027,191.28239
425.94514,213.1555 424.9581,218.8115 425.70881,225.07258
432.73944,224.06538 431.27967,236.51758 433.42153,243.14301
430.15744,247.66692 433.8925,252.38231 433.8925,252.38231
433.8925,252.38231 433.8925,252.38231 433.8925,252.38231
;
428.66872,210.0 428.66872,210.0 421.67356,207.748
431.55763,185.6096 429.01908,206.22879 428.87685,207.48328
428.97738,208.76237 428.66872,210.0 428.66872,210.0
428.66872,210.0 428.66872,210.0 428.66872,210.0
;
420.75612,171.81583 420.75612,171.81583 415.41398,170.18865
418.29815,144.18061 418.13112,148.65799 413.57123,134.63136
417.93007,135.53054 420.15629,137.75626 414.24834,123.43789
425.58672,137.35315 424.15612,146.97691 424.97025,153.8858
426.60549,168.91286 420.75612,171.81583 420.75612,171.81583
420.75612,171.81583 420.75612,171.81583 420.75612,171.81583
;
395.5,317.0 395.5,317.0 405.06868,313.615
386.34752,310.21509 394.9593,317.0 394.9593,317.0
395.5,317.0 395.5,317.0 395.5,317.0
;
446.42701,189.69262 446.42701,189.69262 457.73791,176.49405
431.20644,183.17817 446.42701,189.69262 446.42701,189.69262
446.42701,189.69262 446.42701,189.69262 446.42701,189.69262
;
402.49619,188.0 402.49619,188.0 415.14047,184.32598
398.95205,178.79561 402.49619,188.0 402.49619,188.0
402.49619,188.0 402.49619,188.0 402.49619,188.0
;
453.16667,160.0 453.16667,160.0 462.25482,160.22198
457.88687,150.37808 451.0,158.66667 451.7386,159.0716
452.05444,160.49711 453.16667,160.0 453.16667,160.0
453.16667,160.0 453.16667,160.0 453.16667,160.0
;
467.4559,157.60043 467.4559,157.60043 480.52039,158.68901
472.40002,141.50456 467.0362,148.79329 471.02184,152.39597
460.22444,159.23764 467.4559,157.60043 467.4559,157.60043
467.4559,157.60043 467.4559,157.60043 467.4559,157.60043
;
419.79966,112.884 419.79966,112.884 434.01554,107.0766
432.23605,86.642037 430.75577,73.589252 426.57548,64.953226
423.81466,48.09317 412.62951,48.641881 394.3132,53.185092
397.49705,75.329877 398.73557,89.5 403.26186,99.555506
407.65334,110.61004 419.79966,112.884 419.79966,112.884
419.79966,112.884 419.79966,112.884 419.79966,112.884
;
418.8847,108.0 418.8847,108.0 427.59302,102.53303
409.9468,99.046005 423.5,99.5 427.04988,87.843878
403.30795,98.250847 419.40293,88.392367 417.09802,76.059277
413.09081,91.837526 410.44715,86.0 413.33293,75.600611
406.6766,76.952249 404.46871,68.607679 403.6706,59.043478
416.10529,48.701958 418.99147,61.814198 418.60206,65.635289
402.74764,72.806162 412.33855,74.81339 411.26624,87.77243
428.37504,70.848953 426.0,79.918597 425.2874,89.468105
429.09025,102.59793 418.8847,108.0 418.8847,108.0
418.8847,108.0 418.8847,108.0 418.8847,108.0
;
410.0561,99.0 410.0561,99.0 409.38124,100.55575
401.84457,87.317824 402.79101,82.823877 408.76635,79.720959
407.93721,88.921494 408.3216,95.280598 412.93686,86.33194
410.63604,96.334643 410.0561,99.0 410.0561,99.0
410.0561,99.0 410.0561,99.0 410.0561,99.0
;
473.22228,304.38253 473.22228,304.38253 464.31751,313.65026
481.63497,286.1906 471.5,285.0306 462.99897,300.41114
467.7691,271.56576 478.96041,281.92944 484.75752,285.29328
480.54716,302.24438 473.22228,304.38253 473.22228,304.38253
473.22228,304.38253 473.22228,304.38253 473.22228,304.38253
;
362.14494,301.0 362.14494,301.0 358.20842,296.12381
353.61424,275.93489 365.50006,279.5 377.95056,273.44558
375.3953,308.50116 371.05478,286.09204 361.47272,277.93596
368.51394,303.06864 361.50006,292.70242 359.89535,294.74199
364.66789,300.9174 362.14494,301.0 362.14494,301.0
362.14494,301.0 362.14494,301.0 362.14494,301.0
;
370.71625,129.75 370.71625,129.75 366.33368,130.2135
378.56661,109.77163 372.8876,126.40036 372.56527,127.96921
369.76383,125.64046 370.71625,129.75 370.71625,129.75
370.71625,129.75 370.71625,129.75 370.71625,129.75
;
