427.0,480.0 427.0,480.0 284.66667,480.0
142.33333,480.0 0.0,480.0 0.0,320.0
0.0,160.0 0.0,0.0 284.66667,0.0
569.33333,0.0 854.0,0.0 854.0,160.0
854.0,320.0 854.0,480.0 711.66667,480.0
569.33333,480.0 427.0,480.0 427.0,480.0
427.0,480.0 427.0,480.0 427.0,480.0
;
5.75,478.96959 5.75,478.96959 4.2656118,470.96849
28.267362,473.38914 23.5,471.93774 22.284787,475.84784
35.527066,465.99873 34.619863,463.42181 37.794892,479.90401
37.124689,472.30126 36.5,460.38619 34.465682,454.37158
34.063208,440.91466 32.117051,430.97957 27.562552,398.90864
21.388752,367.07931 16.743631,335.03314 20.12409,322.9455
37.410243,331.65168 47.08643,328.97832 60.530685,323.56467
52.675076,344.10731 59.353263,351.70244 70.743664,360.81826
59.314623,367.55028 52.222184,375.85448 42.494042,386.39739
52.512977,402.09515 51.974158,414.78004 55.007238,421.81109
50.912463,445.22575 61.803845,439.40857 73.668349,423.2244
61.367661,442.50993 56.272695,448.20635 48.924192,459.60369
40.809736,454.42255 45.137367,443.59834 33.754133,428.79275
48.143419,457.18001 37.798769,456.86542 44.588155,463.11909
38.597005,461.03799 51.361004,467.27373 47.394604,474.64602
43.382598,482.94775 49.515536,476.50004 57.314408,466.73494
57.769293,473.50485 60.0,470.0 59.062807,468.36681
70.769635,467.33015 74.458572,456.35702 82.02291,441.40793
70.603776,456.58767 67.207366,462.60487 53.418913,472.27352
68.536383,451.86894 72.75,448.16887 79.720378,441.55259
86.245731,427.30089 94.247976,425.79084 89.278264,434.76139
95.681059,430.15412 106.13637,434.18156 116.42049,432.69499
125.52272,430.30185 133.26694,427.16181 141.39326,425.58893
156.47765,416.72255 148.19054,407.22251 151.09899,401.98393
169.99153,406.41478 179.10324,404.9288 192.9805,405.20852
207.48799,404.24845 220.98709,405.65367 207.63437,429.56479
195.81031,454.24524 184.12083,478.99992 192.64262,473.63501
194.93787,458.36524 201.04309,449.15617 207.73197,433.74198
218.00556,419.12726 223.78875,403.86617 202.19612,400.23376
177.21591,402.80805 154.33125,401.80752 136.94167,401.70501
119.55208,401.60251 102.1625,401.5 102.72238,391.05824
99.839509,383.68743 98.935756,370.77515 95.1581,350.51334
95.021675,329.42352 90.126773,309.5 91.420792,341.25846
98.889611,372.54499 99.66283,404.33113 107.16823,405.27297
126.35415,403.71741 108.32811,406.99481 98.623386,409.77584
91.6414,416.52034 89.0,406.0 91.43192,387.33364
86.61055,366.41973 84.455257,347.0 81.164069,323.09431
80.752001,340.09434 81.230065,341.64774 78.370516,330.45228
78.966079,317.98989 80.795497,327.5423 81.90855,315.02503
76.200341,301.42892 78.0,289.66667 81.817993,299.95141
81.735119,318.39102 84.702297,325.33991 84.48013,313.48194
82.243476,301.33532 80.785547,289.41874 92.88319,280.88378
84.225558,304.99568 91.094201,308.0 91.580764,301.49206
83.534095,285.79282 93.490484,280.53667 104.11181,273.53381
107.75646,260.04087 101.27203,249.01023 109.08418,240.18677
95.277663,231.28804 99.703212,220.61505 98.083524,208.58773
102.58727,194.76571 96.541201,184.03572 87.896121,181.79404
88.519225,168.31892 91.99999,161.32478 85.546285,169.43227
77.941976,154.29072 91.0,154.91972 102.13277,149.19643
81.867406,152.28415 87.352238,137.705 89.3805,129.36328
82.400185,113.98221 85.128523,130.41815 80.674872,139.47851
92.227192,152.76623 83.749628,154.91133 69.639101,157.70626
79.032306,164.98433 64.344207,162.41006 53.985769,161.84436
42.381442,171.35142 34.111863,169.681 27.872108,167.09558
52.469266,163.24121 58.553541,159.97901 64.120778,153.96085
84.160878,158.11644 81.067875,148.2583 68.049428,152.68328
70.938601,138.49043 67.902664,129.764 61.571702,138.84536
78.561244,155.29968 70.041768,151.97633 59.269577,157.02635
72.470287,144.52462 65.917143,135.75 69.06802,119.36242
49.922071,127.9387 40.4128,125.91707 23.53703,124.42522
37.544102,119.49268 49.057371,122.04265 58.355804,123.46448
73.542154,117.36511 79.376219,122.46208 68.134091,120.78445
66.811955,136.30685 74.366631,140.92981 84.912876,138.3525
68.847488,139.56498 81.306708,133.20132 81.016324,120.34153
82.303684,121.95101 80.661892,113.93667 72.100777,101.51213
69.206386,125.38239 64.843788,117.36116 74.428996,109.55151
56.556769,99.480601 53.708565,108.20185 54.913852,113.35811
41.239593,112.11813 40.5,107.86981 36.450772,103.70448
43.163052,116.79338 38.216816,120.0 33.033712,115.86032
30.845418,108.05063 22.079528,106.3963 11.522568,110.00291
2.3609853,101.55512 1.0,109.11803 0.90299759,122.19907
6.1486483,135.91673 7.1712927,148.16204 1.0316901,137.1899
-2.9259125,142.31953 5.1103434,150.12513 -5.1830362,150.78399
7.0158427,167.77851 1.0,165.0 -0.16696386,178.61779
9.0952373,172.22152 18.450741,173.15079 34.490535,169.1782
36.740147,178.58066 34.332668,192.5 33.886588,205.9932
33.90989,217.20753 37.008111,198.21066 38.667915,204.56414
39.787429,215.6681 40.59069,223.89647 49.759889,237.44826
20.209,227.93903 36.268301,232.02211 47.789321,232.39642
40.276105,249.39591 45.508879,256.54402 44.803847,264.67855
22.247644,256.82673 16.0,261.4644 24.833801,272.8533
5.5100012,271.13587 8.3744616,279.5 2.4604776,272.31355
-4.4081863,296.48561 9.6258048,287.94166 19.004226,284.46232
27.743068,279.25172 36.088282,273.71214 30.814634,283.59384
17.430165,289.5379 6.5724329,290.74604 -6.4157579,293.29289
12.98999,291.72164 9.0663183,303.27685 20.112388,317.69332
-6.4283689,316.89838 6.0,318.0 15.341515,317.21275
14.544457,334.74462 8.690976,337.30902 5.4457447,336.6017
0.60968337,335.13666 12.342016,330.02605 9.7669451,324.62788
-3.1946802,340.98348 1.6252369,342.4154 -0.10647761,356.13089
12.59163,327.80818 13.852917,341.12544 12.922096,348.75548
22.289964,365.34085 13.25,367.0451 -7.7602231,372.16504
19.07886,365.669 16.75,370.01529 18.247786,370.22237
21.780618,389.91086 20.0,386.85335 18.394986,385.57966
27.143915,403.83522 10.003341,398.14235 -9.4484699,401.00874
14.676203,399.21768 22.234498,399.09879 11.784982,402.77938
-5.8734842,401.29578 15.418604,401.79518 25.44253,400.25511
25.645461,411.32429 19.500009,409.12673 29.846393,413.43647
24.81356,429.49457 28.426146,438.69561 31.859536,449.36202
28.995611,454.70491 20.087261,457.0 8.9893817,451.94663
15.557381,460.05371 8.7033869,464.62212 3.6632237,477.7556
29.860931,462.97939 15.678202,471.38659 7.5143951,472.94143
-2.1142854,470.21711 2.6930574,477.88673 3.6639739,478.39939
4.5220991,479.35855 5.75,478.96959 5.75,478.96959
5.75,478.96959 5.75,478.96959 5.75,478.96959
;
25.391592,468.0 25.391592,468.0 11.895446,464.11039
38.334234,452.49466 28.910367,467.49327 28.932317,469.19402
26.202627,467.36718 25.391592,468.0 25.391592,468.0
25.391592,468.0 25.391592,468.0 25.391592,468.0
;
58.680103,459.98469 58.680103,459.98469 55.424649,461.38393
75.164647,438.80357 67.0024,446.17343 62.456315,454.31545
48.66465,465.82018 60.652792,450.19988 61.235917,443.81967
69.494045,440.81137 66.690983,438.30902 73.936859,433.26478
81.827856,421.09618 87.337529,411.39602 85.611154,405.1971
92.381881,414.37054 90.671259,415.0 103.84056,407.86581
92.486682,422.20411 87.075549,427.01136 77.469833,437.62952
68.992528,450.92004 58.680103,459.98469 58.680103,459.98469
58.680103,459.98469 58.680103,459.98469 58.680103,459.98469
;
59.801821,436.38099 59.801821,436.38099 56.140506,438.86548
56.47746,416.35268 54.071301,408.8146 52.919416,396.37115
45.54788,380.78648 58.73508,372.33399 62.922003,367.70005
84.661207,346.09718 70.658471,356.92799 60.044519,359.02487
60.372058,340.09546 56.79355,332.48041 56.475681,320.45246
70.331785,313.54035 73.535404,328.22019 79.50368,333.06711
69.027367,355.90802 79.268716,349.75 85.32417,347.6018
82.416033,370.60227 84.882813,377.66826 86.207868,387.7589
91.954066,401.57823 80.431215,407.0 74.344591,417.40534
66.517789,426.73512 59.801821,436.38099 59.801821,436.38099
59.801821,436.38099 59.801821,436.38099 59.801821,436.38099
;
64.5,407.52841 64.5,407.52841 81.13788,406.28336
83.118759,403.24271 65.358193,405.87267 64.201687,405.73949
60.151821,410.4195 64.5,407.52841 64.5,407.52841
64.5,407.52841 64.5,407.52841 64.5,407.52841
;
109.5,428.69814 109.5,428.69814 92.00137,435.59075
106.67052,413.28136 99.061517,422.0626 89.634135,430.97454
98.667152,408.00341 107.47335,412.17685 118.10473,410.26481
131.56717,403.64801 142.00321,407.40353 152.78686,415.4965
135.71781,423.43803 128.19772,424.13887 121.74262,425.47172
116.32202,429.36566 109.5,428.69814 109.5,428.69814
109.5,428.69814 109.5,428.69814 109.5,428.69814
;
77.695108,329.6162 77.695108,329.6162 74.584399,321.14503
64.975017,315.48193 66.379776,304.83894 62.167344,295.44377
66.477056,282.32097 62.080917,276.33863 56.809228,260.61168
67.862913,259.36486 66.433403,275.56571 66.753244,286.02612
79.577754,294.29805 71.929632,305.0 77.147537,298.01251
75.210662,321.98295 77.840543,329.06802 77.840543,329.06802
77.890203,329.44312 77.890203,329.44312 77.890203,329.44312
77.695096,329.6162 77.695096,329.6162 77.695096,329.6162
77.695108,329.6162 77.695108,329.6162 77.695108,329.6162
;
16.136523,325.0 16.136523,325.0 14.50084,333.75661
13.056834,307.65249 11.364451,301.75039 7.8391417,284.06127
17.249826,297.89466 15.792904,309.39918 15.111371,313.13757
18.55998,316.03018 16.136523,325.0 16.136523,325.0
16.136523,325.0 16.136523,325.0 16.136523,325.0
;
30.038723,326.82806 30.038723,326.82806 12.46207,331.77328
23.192725,317.64189 18.559876,306.80219 11.688916,293.4093
22.850016,285.53154 34.09248,282.5572 39.694268,282.91234
35.58464,295.12074 35.131641,290.13922 38.723311,307.79667
39.779364,286.70882 36.231751,279.56451 41.952927,272.17475
37.406745,292.54333 40.864159,298.61471 41.237166,308.9612
44.613301,313.73823 43.73698,325.83245 39.908392,312.00364
45.629037,333.09593 30.244432,326.82943 30.244432,326.82943
30.038723,326.82843 30.038723,326.82843 30.038723,326.82843
30.038723,326.82806 30.038723,326.82806 30.038723,326.82806
;
51.020862,326.0 51.020862,326.0 41.813688,325.65548
47.858066,308.23975 42.707468,300.55667 42.590257,291.70218
38.667172,277.02314 48.175934,272.48751 62.962584,261.46517
51.055919,280.16315 57.995124,282.81664 58.052594,294.79896
62.540234,308.24065 60.092152,319.39761 55.948276,322.411
57.741058,327.92464 51.020862,326.0 51.020862,326.0
51.020862,326.0 51.020862,326.0 51.020862,326.0
;
61.691683,302.73776 61.691683,302.73776 59.483763,297.92075
62.51138,282.88535 63.999991,302.11803 63.029314,301.82227
61.165658,299.29748 61.691683,302.73776 61.691683,302.73776
61.691683,302.73776 61.691683,302.73776 61.691683,302.73776
;
77.968615,287.0 77.968615,287.0 73.268381,279.44646
75.458351,266.53599 73.380337,257.01966 70.821426,244.59929
68.408697,279.53225 68.87015,266.5 61.081284,255.29281
68.539288,254.95641 80.532968,249.02764 88.73651,241.17486
99.970199,250.45114 98.251788,255.73362 104.72344,258.97672
99.26956,273.41823 92.319762,276.84493 80.240536,287.70458
94.566045,264.16165 96.0,259.55172 92.024797,262.00089
85.471897,274.02362 85.444522,280.82524 87.862592,286.66106
77.420081,284.45567 77.968615,287.0 77.968615,287.0
77.968615,287.0 77.968615,287.0 77.968615,287.0
;
4.0399012,285.96456 4.0399012,285.96456 4.861053,284.5523
9.8287914,274.95183 17.777494,274.4433 18.063982,266.49322
37.814516,265.0387 35.57223,271.8493 25.771938,278.17908
16.048018,285.21556 4.0399012,285.96456 4.0399012,285.96456
4.0399012,285.96456 4.0399012,285.96456 4.0399012,285.96456
;
47.617982,270.33194 47.617982,270.33194 32.300595,280.10558
47.327661,264.10101 55.0,262.94864 56.285399,267.58611
50.146452,267.81577 47.617982,270.33194 47.617982,270.33194
47.617982,270.33194 47.617982,270.33194 47.617982,270.33194
;
42.5,264.75806 42.5,264.75806 20.829544,264.67186
41.08573,260.18718 42.54242,264.76006 42.54242,264.76006
42.5,264.75816 42.5,264.75816 42.5,264.75816
42.5,264.75806 42.5,264.75806 42.5,264.75806
;
46.75,263.98469 46.75,263.98469 39.083729,263.97969
54.763299,254.13007 56.147649,261.20929 53.004912,258.29292
48.372242,263.19414 46.75,263.98469 46.75,263.98469
46.75,263.98469 46.75,263.98469 46.75,263.98469
;
50.077707,255.79899 50.077707,255.79899 43.725486,251.92713
49.181427,239.2056 50.384813,252.42309 50.04731,253.51179
51.71468,254.91259 50.077707,255.79899 50.077707,255.79899
50.077707,255.79899 50.077707,255.79899 50.077707,255.79899
;
65.014825,251.99487 65.014825,251.99487 49.150941,263.05713
53.43383,241.12694 51.007539,231.0 49.155052,210.93146
44.984651,191.15483 43.408291,171.0573 43.915987,174.17298
63.941166,168.44065 63.627994,170.63446 59.217827,173.92587
82.007385,168.47321 87.03368,174.86359 87.239823,172.94427
91.769427,198.26313 85.75,178.18542 82.669532,183.92671
82.951485,200.28015 86.176587,207.8091 87.098761,205.84638
88.027282,189.72334 87.950851,210.51961 78.196903,216.7086
89.948984,221.24445 87.752675,225.37789 87.505347,234.21207
85.376332,220.74789 87.052721,238.86692 94.878853,247.42206
76.298704,243.95323 70.339721,250.15143 68.564755,250.76591
66.78979,251.38039 65.014825,251.99487 65.014825,251.99487
65.014825,251.99487 65.014825,251.99487 65.014825,251.99487
;
100.23095,246.97069 100.23095,246.97069 85.047692,242.76516
103.1008,230.01728 101.60869,244.42297 100.41619,244.29223
101.98072,247.84621 100.23095,246.97069 100.23095,246.97069
100.23095,246.97069 100.23095,246.97069 100.23095,246.97069
;
93.955413,237.18167 93.955413,237.18167 84.968901,239.22383
92.997084,216.31183 90.749149,208.47103 92.280607,202.38629
87.02628,176.14014 96.498922,187.88951 97.557441,203.02234
96.906864,218.66944 97.0,234.0 81.427548,233.70554
105.61577,234.70708 93.955413,237.18167 93.955413,237.18167
93.955413,237.18167 93.955413,237.18167 93.955413,237.18167
;
76.838397,168.17173 76.838397,168.17173 72.910663,170.08185
43.674839,168.15043 61.039671,165.17503 64.857865,166.8879
76.849456,162.96059 76.838397,168.17173 76.838397,168.17173
76.838397,168.17173 76.838397,168.17173 76.838397,168.17173
;
84.02105,170.0 84.02105,170.0 78.24906,163.27816
78.64495,154.32339 85.02967,166.0 89.696813,163.35505
87.532603,172.59708 84.02105,170.0 84.02105,170.0
84.02105,170.0 84.02105,170.0 84.02105,170.0
;
25.098192,164.39611 25.098192,164.39611 17.935711,161.50178
37.964431,158.37557 37.48611,155.72498 43.072905,159.02298
27.123658,142.28832 30.0,143.0 26.734649,155.15596
31.83395,129.93508 33.979705,140.0 33.783146,149.84585
44.60062,145.01794 51.210649,150.0 63.638117,151.97471
49.318444,152.71839 43.893829,156.44529 25.900067,161.68892
53.131451,157.38154 47.996054,159.28872 40.000596,161.25041
32.377429,159.58801 25.098192,164.39611 25.098192,164.39611
25.098192,164.39611 25.098192,164.39611 25.098192,164.39611
;
8.5,158.56154 8.5,158.56154 -9.1777707,155.11065
26.131551,156.41126 11.457387,158.0229 10.426524,157.86239
9.475043,158.30887 8.5,158.56154 8.5,158.56154
8.5,158.56154 8.5,158.56154 8.5,158.56154
;
30.690476,155.45238 30.690476,155.45238 28.830116,156.54632
22.064755,145.03766 31.296717,150.32883 36.186469,152.2634
31.775584,155.2082 30.690476,155.45238 30.690476,155.45238
30.690476,155.45238 30.690476,155.45238 30.690476,155.45238
;
62.5,150.0 62.5,150.0 46.202061,145.07658
73.486654,143.5629 62.5,150.0 62.5,150.0
62.5,150.0 62.5,150.0 62.5,150.0
;
51.339707,145.96086 51.339707,145.96086 35.214055,146.59711
44.207041,136.42898 46.766737,144.0 53.131307,139.65287
73.332085,140.19989 55.901026,141.72727 54.106449,142.26836
53.50044,146.26794 51.339707,145.96086 51.339707,145.96086
51.339707,145.96086 51.339707,145.96086 51.339707,145.96086
;
10.402506,144.89313 10.402506,144.89313 7.3635259,135.37664
3.5140463,121.8229 3.2320027,110.5 12.439705,112.05768
0.21225685,117.27436 10.018433,129.44701 10.321798,129.57197
9.2768158,119.54196 22.371684,124.84775 21.315856,125.43107
23.100408,118.76051 25.135908,118.0691 29.650138,129.2297
24.237396,131.94057 19.809679,135.14301 35.428778,119.86879
8.8387984,131.17558 14.458453,129.9309 20.355913,128.12309
10.228076,142.90982 10.402506,144.89313 10.402506,144.89313
10.402506,144.89313 10.402506,144.89313 10.402506,144.89313
;
43.416667,139.89665 43.416667,139.89665 35.38781,144.01543
27.827405,125.9674 37.056016,132.10035 35.038622,135.61173
51.011161,133.89579 43.416667,139.89665 43.416667,139.89665
43.416667,139.89665 43.416667,139.89665 43.416667,139.89665
;
57.544487,136.3646 57.544487,136.3646 46.556097,143.78232
65.185613,122.93448 62.929718,133.25 62.516078,134.77944
58.428808,133.2671 57.544487,136.3646 57.544487,136.3646
57.544487,136.3646 57.544487,136.3646 57.544487,136.3646
;
74.75,134.98469 74.75,134.98469 77.024918,132.72997
71.534999,123.34085 78.830076,130.39149 80.39419,133.29623
77.353421,135.34846 74.75,134.98469 74.75,134.98469
74.75,134.98469 74.75,134.98469 74.75,134.98469
;
27.903509,119.12188 27.903509,119.12188 24.901519,112.12759
25.442466,106.95018 30.977091,119.10388 29.901331,118.88733
28.236832,116.11392 27.903509,119.12188 27.903509,119.12188
27.903509,119.12188 27.903509,119.12188 27.903509,119.12188
;
37.277494,479.0 37.277494,479.0 53.437657,474.49998
30.432969,474.69043 36.959302,479.0 36.959302,479.0
37.277494,479.0 37.277494,479.0 37.277494,479.0
;
59.916667,479.0 59.916667,479.0 64.407387,470.65698
68.609838,484.65176 67.885347,472.90798 66.126606,470.05238
51.27549,480.64428 59.916667,479.0 59.916667,479.0
59.916667,479.0 59.916667,479.0 59.916667,479.0
;
706.75902,479.0 706.75902,479.0 707.91544,471.28619
695.48606,460.0546 690.67807,451.5 681.95186,439.20481
672.62443,426.61886 665.0,414.0 677.2065,414.23402
692.90286,413.25602 703.0,415.04857 697.89374,409.48841
720.60734,417.33891 728.25244,415.17334 769.84642,415.48212
811.42878,416.44155 853.0,417.83787 848.15946,411.41979
831.54163,416.50218 822.04167,414.32908 786.40321,413.19823
750.76415,411.94052 715.10234,412.49987 716.11137,402.48659
698.38004,396.82114 704.8873,408.79228 695.9476,413.7023
681.18794,409.66616 669.99419,410.9933 651.50897,407.70779
669.39537,424.61601 673.52563,431.68561 683.10071,444.18962
691.16939,458.15985 699.97336,469.00492 704.12143,477.968
679.82156,470.8071 672.83154,473.25332 657.78634,473.33602
644.57919,473.43525 667.16882,473.85747 674.68147,474.18921
704.89886,474.47175 683.70822,474.86568 663.25959,475.14079
674.43893,475.64098 688.32543,476.16043 694.63283,476.84576
701.79406,475.42315 706.75902,479.0 706.75902,479.0
706.75902,479.0 706.75902,479.0 706.75902,479.0
;
382.25,469.9627 382.25,469.9627 397.36751,471.64214
391.61592,451.20133 393.67141,441.8019 395.61313,426.58298
393.51991,410.40184 394.72316,395.77595 397.5379,383.68161
389.51822,368.89954 398.95599,357.92331 399.02409,346.14647
397.69471,331.1019 398.58791,321.25458 407.93327,342.25036
408.85847,366.95187 424.80532,384.83715 428.92965,400.07585
436.42128,414.7686 441.0,429.60946 446.83841,446.41202
440.56711,435.5497 437.70628,434.04354 444.62327,441.99576
444.23001,458.31219 454.411,461.94151 465.37303,464.25858
480.46581,451.1579 470.69121,441.21876 461.85528,432.08201
459.29771,421.63297 461.26063,409.9743 459.81798,393.89699
459.75585,376.63301 450.27377,362.5 446.16216,348.9664
448.56942,334.16294 446.888,320.06341 457.40397,313.65419
459.46751,303.25507 459.91607,291.81048 459.32052,284.19884
471.58705,283.62195 475.44383,274.69256 478.94823,259.91598
475.36893,242.73443 476.18762,227.04601 477.20874,214.57183
470.89385,202.74309 474.77398,190.53599 473.82554,168.83829
473.86873,144.01984 462.085,126.09254 453.58398,119.92422
444.97763,112.03854 434.02123,111.73113 438.05533,110.4162
428.83329,104.39818 425.0,93.697809 425.11346,71.615688
417.83592,46.183993 399.14206,33.10046 382.1673,24.587418
365.55613,40.711939 352.50398,50.00731 343.21855,58.335167
344.33341,71.504606 348.21075,81.903292 352.07044,81.187072
345.64163,96.590049 345.37703,104.71475 348.26479,119.00654
343.97512,115.83197 341.27555,129.5 338.74635,137.33231
332.89836,154.52167 336.69309,150.4305 335.62322,166.76621
332.94531,183.8763 333.66173,199.86771 333.60253,208.07629
332.91959,219.34125 329.96567,227.80591 330.6784,238.10161
327.46593,246.76931 322.36286,255.34766 315.0945,269.52002
332.28696,281.7384 325.19254,296.08058 325.91895,305.72465
329.73343,316.58809 340.93818,317.29803 346.49905,301.38677
344.62224,317.60807 353.67791,323.54544 361.9694,332.77396
361.3307,348.16175 361.92174,360.29643 361.6902,374.66769
361.0155,389.33481 366.21403,403.0 357.03856,399.77193
373.3235,413.24312 370.45854,423.11857 376.65476,432.31248
369.24457,442.15958 365.01311,451.17053 357.1172,461.73949
374.06938,470.133 382.25,469.9627 382.25,469.9627
382.25,469.9627 382.25,469.9627 382.25,469.9627
;
385.33333,468.0 385.33333,468.0 384.3953,451.92692
379.86038,470.5086 376.83688,459.50198 374.45314,465.26411
369.72608,461.99551 374.0,458.0 371.37933,461.83271
363.96294,461.56112 368.25266,450.70438 375.26042,443.08261
372.33308,427.22 385.65495,430.43244 396.12304,427.089
389.48311,449.47522 390.22843,457.50833 386.41007,465.29178
389.11666,464.75797 385.33333,468.0 385.33333,468.0
385.33333,468.0 385.33333,468.0 385.33333,468.0
;
455.036,459.0 455.036,459.0 446.78599,454.37964
447.3662,441.65333 444.48212,432.90007 444.47212,421.47423
464.04703,427.05658 465.56999,437.95118 467.34841,446.8847
473.87987,446.14587 467.20813,454.21366 461.19224,447.72125
464.42883,459.89209 456.0,449.99997 453.58951,454.0994
461.17254,459.11227 455.036,459.0 455.036,459.0
455.036,459.0 455.036,459.0 455.036,459.0
;
380.68711,429.0 380.68711,429.0 368.08522,426.9346
373.17858,408.58025 367.94962,399.61832 360.45954,377.06673
368.44654,353.02521 360.91802,330.5 358.16479,320.21179
346.56379,314.59408 345.48099,302.76664 345.89153,291.79603
346.62086,280.49361 332.16357,285.0 328.34579,279.07507
320.44308,267.89933 324.4681,258.46174 329.7674,248.02456
334.0352,237.93533 333.00272,225.65448 338.24036,218.43979
333.80557,208.32781 337.37378,200.10661 337.78579,187.77334
337.52553,175.39433 338.33333,163.08798 339.45898,163.08598
339.40311,146.96092 343.92534,139.51202 359.65941,120.47678
354.24524,94.796741 357.73643,72.091033 359.54013,57.067453
366.53632,34.924442 385.07037,36.0 395.96914,27.935137
407.72074,43.240939 411.92729,52.741107 416.66542,61.453814
419.17849,71.387655 415.84928,81.05024 422.10166,85.133423
419.70336,103.71616 429.07725,110.35043 436.8512,115.64571
447.02727,119.44589 455.60767,123.99939 469.22132,137.31665
470.30012,159.01548 471.75344,177.41528 470.45362,192.60885
470.98002,207.59462 473.37353,222.33456 472.96854,238.81107
475.72121,256.2919 473.34043,272.13271 468.86676,281.30912
459.3011,282.46666 455.78904,289.29435 445.5466,283.55416
435.61944,282.04454 434.85601,296.88567 424.32004,318.68092
446.98747,295.12354 442.93387,304.36209 431.0121,313.59081
445.17672,313.27086 444.14487,321.58537 444.98438,341.48131
443.64444,362.19154 454.90963,379.67352 455.83648,393.93403
462.12828,409.56233 456.07205,423.07137 445.15725,432.08604
438.17511,419.70082 437.18613,409.69514 431.28042,394.82601
426.2309,380.73493 417.25328,367.49939 410.11966,348.85429
405.46358,329.16153 398.07681,310.49939 391.48503,313.85102
397.13982,332.10897 395.53059,341.52527 397.96389,352.32121
392.93627,361.32834 391.53569,371.41783 390.87453,389.61089
393.52525,408.28051 390.80674,426.18197 387.46286,427.36084
384.39524,429.67762 380.68708,429.0 380.68708,429.0
380.68711,429.0 380.68711,429.0 380.68711,429.0
;
413.34436,330.8067 413.34436,330.8067 421.4707,326.65684
418.667,325.58181 414.05963,318.5423 413.87784,301.93068
411.23895,328.28798 412.92991,305.18501 416.67735,298.48746
407.78414,282.4106 416.5,282.50001 412.23689,277.78443
410.70435,268.97302 411.20191,258.34913 411.83704,248.52171
405.66394,234.46363 412.83701,232.88322 405.41735,230.02828
407.74395,216.365 407.022,207.09633 408.06999,195.39991
409.77332,191.88803 416.92691,185.93346 413.46441,170.64826
401.53011,197.18318 401.13378,187.18261 392.18874,197.79143
391.67434,192.36718 397.70221,181.969 398.51512,177.3179
402.24204,167.07716 402.23607,157.62205 403.7882,147.13803
399.18852,137.22466 396.99548,128.24891 397.30745,115.35201
397.48432,107.68534 393.71774,118.99995 395.13727,123.63541
394.93108,137.53636 387.68402,126.9826 379.42087,125.52182
388.17708,148.16197 386.55339,156.37031 389.89525,177.05158
381.13382,146.84823 374.0,152.19305 383.13905,154.71487
385.13464,181.31007 387.59758,173.13405 388.88397,181.43771
382.7531,184.25531 388.339,193.5 388.45363,222.4537
382.61014,250.72973 378.89648,279.28773 383.68426,287.53037
397.51944,285.00814 404.01718,286.5 412.39438,279.16659
409.42072,298.99353 410.46767,306.37216 413.77675,312.71093
405.37651,329.75968 413.34436,330.8067 413.34436,330.8067
413.34436,330.8067 413.34436,330.8067 413.34436,330.8067
;
398.5,283.33696 398.5,283.33696 388.55299,283.72442
385.33955,275.61487 385.02268,277.77732 377.69122,273.81684
397.11537,284.41492 390.0,278.0407 382.90781,265.9044
382.52088,268.76018 396.26758,273.41279 413.28548,280.05988
395.90915,269.14182 403.01712,271.56984 393.34157,271.42842
380.97849,258.94508 396.69042,268.3737 415.89585,266.68328
400.40042,279.25661 404.51478,280.07166 407.02743,283.33533
400.27741,282.97765 398.5,283.33696 398.5,283.33696
398.5,283.33696 398.5,283.33696 398.5,283.33696
;
406.13167,266.0 406.13167,266.0 404.28413,263.23719
385.30539,256.89461 399.70995,260.62338 387.81666,258.22722
391.0938,251.18755 390.99977,242.72117 384.65621,234.68388
392.74373,223.53467 390.0,213.85704 387.92596,198.23314
397.87938,214.91503 391.0,200.14564 404.04296,196.37347
396.2938,210.55367 399.74275,219.5 399.51478,229.77056
404.64028,223.03903 403.91897,230.5 405.97321,231.57022
404.63529,251.4029 407.22413,259.4352 406.69603,261.44506
410.67231,267.50222 406.13167,266.0 406.13167,266.0
406.13167,266.0 406.13167,266.0 406.13167,266.0
;
386.84323,253.0 386.84323,253.0 383.90233,243.39681
393.06362,238.91233 387.91971,253.0 387.91971,253.0
386.84322,253.0 386.84322,253.0 386.84322,253.0
386.84323,253.0 386.84323,253.0 386.84323,253.0
;
402.62451,222.70883 402.62451,222.70883 400.08586,215.91743
402.27441,194.02475 401.04452,197.31901 401.99808,188.64514
407.49307,209.10577 403.36176,217.30353 402.90845,218.95847
403.55823,221.28601 402.62451,222.70883 402.62451,222.70883
402.62451,222.70883 402.62451,222.70883 402.62451,222.70883
;
410.5,189.0 410.5,189.0 404.88698,184.60172
420.45579,184.36274 412.0,187.75511 412.0,187.75511
410.5,189.0 410.5,189.0 410.5,189.0
;
393.02944,178.0 393.02944,178.0 387.67028,172.41816
389.48599,157.13434 391.19592,148.87397 385.04587,145.70444
390.75133,122.79447 392.0,138.06629 393.53844,131.43479
397.30631,141.81151 397.29614,150.5 395.92471,158.69822
400.06714,173.45599 393.02944,178.0 393.02944,178.0
393.02944,178.0 393.02944,178.0 393.02944,178.0
;
368.64761,329.0 368.64761,329.0 378.48198,318.51925
358.00905,322.68787 368.64761,329.0 368.64761,329.0
368.64761,329.0 368.64761,329.0 368.64761,329.0
;
421.37244,194.92105 421.37244,194.92105 421.76449,196.1611
427.61041,182.78044 417.61598,191.83239 419.01906,192.49801
419.30431,195.81454 421.37244,194.92105 421.37244,194.92105
421.37244,194.92105 421.37244,194.92105 421.37244,194.92105
;
429.85115,164.45472 429.85115,164.45472 447.43198,156.05413
418.34156,161.96674 429.85115,164.45472 429.85115,164.45472
429.85115,164.45472 429.85115,164.45472 429.85115,164.45472
;
444.60868,161.0 444.60868,161.0 457.54503,162.34
447.85163,146.00039 445.0,153.43045 453.67268,160.8169
435.75792,155.83557 444.60868,161.0 444.60868,161.0
444.60868,161.0 444.60868,161.0 444.60868,161.0
;
393.80902,128.98469 393.80902,128.98469 390.34297,124.46221
387.96837,104.04382 387.83415,120.49999 389.8693,123.22078
390.19867,127.84161 393.80902,128.98469 393.80902,128.98469
393.80902,128.98469 393.80902,128.98469 393.80902,128.98469
;
395.77553,109.59377 395.77553,109.59377 406.36488,97.92943
401.63133,79.022896 397.42328,65.205657 395.5933,54.924763
387.41918,41.030921 376.59095,50.314757 367.73236,56.1505
367.60039,69.825115 368.93294,78.458557 368.94664,91.13537
375.9956,112.02377 392.5,112.55535 393.59184,111.56816
394.68369,110.58096 395.77553,109.59377 395.77553,109.59377
395.77553,109.59377 395.77553,109.59377 395.77553,109.59377
;
389.94113,107.98469 389.94113,107.98469 378.24456,106.12893
402.16472,98.30706 383.17699,104.85306 374.64077,97.585735
377.55538,84.873651 374.41841,76.564002 375.62288,70.455221
380.04599,88.952997 377.78318,93.0 382.90063,81.471173
377.3717,110.65235 388.21417,98.466365 404.09556,95.923042
385.01373,93.314341 382.27344,89.329614 394.52551,92.916498
386.73388,76.773392 384.52437,87.0 377.93051,88.744726
380.35804,70.300755 373.0,68.363002 372.56163,59.047988
384.26121,45.305824 389.41006,58.752037 392.08262,63.014152
368.80322,76.45849 385.12934,69.796002 373.18776,76.559517
401.20748,80.973775 388.07257,75.562996 395.11917,70.145108
400.8157,84.317415 398.03009,94.599516 395.38708,98.691865
396.42015,108.14368 389.94113,107.98469 389.94113,107.98469
389.94113,107.98469 389.94113,107.98469 389.94113,107.98469
;
445.87756,315.0 445.87756,315.0 432.90184,312.67967
450.17108,311.47403 446.37485,298.71813 445.88758,282.91622
432.57609,315.61518 437.74424,298.54315 437.71274,284.68322
448.10206,288.00167 457.21576,292.5 459.61635,297.70369
451.06793,321.97706 450.9017,309.30815 443.0782,312.61137
450.42756,310.92822 445.87756,315.00033 445.87756,315.00033
445.87756,315.0 445.87756,315.0 445.87756,315.0
;
337.36141,314.0 337.36141,314.0 327.69045,306.36246
325.95165,302.9236 328.96061,302.60576 323.58573,292.59706
334.70821,280.00672 341.70644,290.44035 344.45572,301.62625
340.02865,308.83386 338.0,296.4096 333.0947,285.83179
329.06152,311.98647 338.24957,313.86993 338.24957,313.86993
338.37418,314.0 338.37418,314.0 338.37418,314.0
337.36141,314.0 337.36141,314.0 337.36141,314.0
;
340.37244,312.9682 340.37244,312.9682 331.49078,301.18633
340.73098,307.16032 341.5,312.9364 341.5,312.9364
340.37244,312.9682 340.37244,312.9682 340.37244,312.9682
340.37244,312.9682 340.37244,312.9682 340.37244,312.9682
;
341.00357,140.49779 341.00357,140.49779 340.93087,137.69045
348.55444,115.11332 347.91019,122.36822 348.72537,129.15067
342.45917,132.31305 341.00357,140.49779 341.00357,140.49779
341.00357,140.49779 341.00357,140.49779 341.00357,140.49779
;
351.0,98.0 351.0,98.0 348.38874,97.095816
350.00306,87.330701 351.96931,90.5 351.54152,92.944938
352.96366,96.019647 351.0,98.0 351.0,98.0
351.0,98.0 351.0,98.0 351.0,98.0
;
351.0242,76.0 351.0242,76.0 344.15769,66.40019
353.23145,53.757183 360.5,46.792149 364.66174,45.533076
354.56599,62.72958 354.19388,68.833111 352.98248,70.477114
353.12967,75.797976 351.0242,76.0 351.0242,76.0
351.0242,76.0 351.0242,76.0 351.0242,76.0
;
82.454294,443.52738 82.454294,443.52738 96.768541,425.59743
69.536081,456.08666 81.874485,444.16164 81.874485,444.16164
82.454288,443.52738 82.454288,443.52738 82.454288,443.52738
82.454294,443.52738 82.454294,443.52738 82.454294,443.52738
;
45.717468,440.0 45.717468,440.0 46.342308,425.34795
38.952906,428.30389 45.717468,440.0 45.717468,440.0
45.717468,440.0 45.717468,440.0 45.717468,440.0
;
39.616437,432.0 39.616437,432.0 48.248828,425.43322
31.420955,416.43692 40.0,409.07037 33.141238,410.9549
43.581172,401.21971 31.74542,399.78536 40.181739,397.95608
35.399622,385.9841 31.0,381.66667 31.764435,394.08515
25.316944,368.74476 33.0,371.88342 19.246025,367.92972
45.647989,374.67598 44.0,365.72142 28.688639,374.35192
38.215157,350.0822 31.455681,365.25501 27.282717,376.94486
24.556777,352.34158 24.111289,346.67763 20.228096,329.9602
23.609359,356.61703 24.540464,362.23154 26.13198,376.17058
29.137779,389.89263 30.98303,403.7806 39.883308,408.10036
28.94451,414.80123 38.00944,424.08226 39.322703,425.85018
36.739308,432.23887 39.616437,432.0 39.616437,432.0
39.616437,432.0 39.616437,432.0 39.616437,432.0
;
32.135924,397.0 32.135924,397.0 25.973671,388.22005
35.328972,380.0157 32.135924,397.0 32.135924,397.0
32.135924,397.0 32.135924,397.0 32.135924,397.0
;
538.15631,416.27941 538.15631,416.27941 544.6405,423.11918
530.63017,395.27868 536.41535,415.25846 536.99618,415.55106
537.52222,420.97435 538.15631,416.27941 538.15631,416.27941
538.15631,416.27941 538.15631,416.27941 538.15631,416.27941
;
592.0,411.63004 592.0,411.63004 616.03227,411.91272
584.51664,412.90773 583.4593,411.63004 586.3062,411.63004
589.1531,411.63004 592.0,411.63004 592.0,411.63004
592.0,411.63004 592.0,411.63004 592.0,411.63004
;
583.0,410.18877 583.0,410.18877 592.7547,410.23397
614.79221,409.33177 592.30145,408.8873 581.62343,409.43228
569.5068,406.33186 559.66667,409.0 575.90943,409.0888
582.12412,409.47767 562.6876,410.63371 568.68604,410.52344
576.39776,410.33029 583.0,410.18877 583.0,410.18877
583.0,410.18877 583.0,410.18877 583.0,410.18877
;
490.77609,407.19447 490.77609,407.19447 512.73872,407.25147
496.96414,405.5139 484.54406,405.46667 464.36172,405.99176
485.50996,408.5616 490.77609,407.19447 490.77609,407.19447
490.77609,407.19447 490.77609,407.19447 490.77609,407.19447
;
321.53014,403.97498 321.53014,403.97498 327.9718,400.84744
351.43292,405.14147 349.55674,403.51189 338.64074,401.47204
327.53389,402.42331 316.5,402.23107 321.37881,401.18721
318.83627,407.38374 321.53014,403.97498 321.53014,403.97498
321.53014,403.97498 321.53014,403.97498 321.53014,403.97498
;
13.0,384.84988 13.0,384.84988 9.9268342,381.03088
2.679442,378.20313 4.2894352,381.38983 8.3080575,379.68234
6.0160388,385.74601 13.0,384.84988 13.0,384.84988
13.0,384.84988 13.0,384.84988 13.0,384.84988
;
5.0016653,376.99915 5.0016653,376.99915 17.048486,370.16248
13.741443,369.42293 1.25,374.00324 1.8083156,377.8475
-0.78263857,381.01578 5.0016653,376.99915 5.0016653,376.99915
5.0016653,376.99915 5.0016653,376.99915 5.0016653,376.99915
;
30.383369,259.0 30.383369,259.0 39.674481,250.18753
1.2285743,254.87198 23.170706,257.69357 28.929933,258.4629
26.997423,253.47322 30.383369,259.0 30.383369,259.0
30.383369,259.0 30.383369,259.0 30.383369,259.0
;
6.5,233.0 6.5,233.0 4.6068884,223.73144
12.958469,233.33548 22.382259,232.0 15.461354,225.36012
36.909515,233.92825 20.487424,225.96038 23.286897,216.82346
4.617515,221.52855 5.0743871,225.54271 4.4591108,212.70584
-1.4447043,201.92967 1.8217062,220.73304 4.8377386,232.57684
-2.9132121,227.53903 6.5,233.0 6.5,233.0
6.5,233.0 6.5,233.0 6.5,233.0
;
2.9158016,93.084198 2.9158016,93.084198 7.2301468,87.710482
4.3554015,76.897415 1.4147794,79.958629 3.7537147,84.678935
-0.61274071,96.282874 2.9158016,93.084198 2.9158016,93.084198
2.9158016,93.084198 2.9158016,93.084198 2.9158016,93.084198
;
