427.0,480.0 427.0,480.0 284.66667,480.0
142.33333,480.0 0.0,480.0 0.0,320.0
0.0,160.0 0.0,0.0 284.66667,0.0
569.33333,0.0 854.0,0.0 854.0,160.0
854.0,320.0 854.0,480.0 711.66667,480.0
569.33333,480.0 427.0,480.0 427.0,480.0
427.0,480.0 427.0,480.0 427.0,480.0
;
43.056385,479.0 43.056385,479.0 52.169025,473.02464
28.049845,456.4735 40.874881,470.65351 45.743276,472.25889
40.297319,478.16162 43.056385,479.0 43.056385,479.0
43.056385,479.0 43.056385,479.0 43.056385,479.0
;
166.34374,479.0 166.34374,479.0 178.12913,465.22167
187.35581,446.39202 197.76123,430.41879 205.7231,414.45246
217.96938,400.12098 225.0,384.20139 189.53319,382.24637
153.37061,381.74806 118.33701,379.67034 117.51302,371.66238
116.92539,364.64454 115.9362,353.5 112.75957,327.10693
111.82477,300.53755 109.01194,274.10741 118.73138,267.11768
130.21115,255.71364 122.78288,242.9384 126.18363,233.45966
117.38943,223.65708 121.4159,212.36707 119.80424,203.5188
127.35248,188.23222 116.0,185.0 108.83808,173.95996
121.91442,168.4367 116.95508,167.98936 122.12339,159.44622
103.05301,171.93684 112.06757,161.48516 122.23437,157.84826
123.47371,161.74884 113.41728,153.54245 111.23799,146.82652
117.28038,127.78716 106.5,130.38392 114.85799,120.95155
97.955777,118.42694 97.607146,127.86303 88.401484,132.33742
102.40988,115.22529 94.947845,115.55556 89.565651,112.68804
75.874363,128.7233 82.048734,118.08156 77.678238,121.89378
66.637813,113.47636 76.445012,122.0 63.5913,117.70992
71.879828,117.17108 72.93889,126.9593 66.70095,127.09434
66.843544,115.70392 56.502891,117.29025 43.875215,122.30058
37.224212,108.6601 45.040653,103.05303 45.0978,93.298676
47.176555,91.948153 35.213978,92.0 31.533475,81.970657
35.40318,61.33922 18.731998,64.131326 3.3714636,60.169295
36.943009,68.79461 24.767664,52.984875 28.851033,44.295527
23.070058,32.080553 23.532407,21.892206 23.343941,10.742789
1.1947101,21.855152 6.3661234,5.6220411 -0.29644614,-8.3444077
-0.87824548,19.727004 3.4942838,22.009249 -4.086857,25.938771
10.549455,31.288723 1.0,34.393011 3.1812408,46.31927
1.1410747,35.919007 6.076511,36.75 8.2939893,46.652733
11.465581,38.22233 3.5809866,46.533346 -5.1391428,59.025747
9.4722458,51.526096 9.5923086,50.678744 5.2432472,55.939601
-4.521709,58.812349 8.809017,59.986341 14.531297,60.956898
15.371107,78.429762 5.8892321,71.169931 0.70437932,56.714362
2.154538,68.293988 1.0,72.766737 8.4038945,73.228889
8.6331547,78.345398 4.3824765,76.555344 -0.32970388,74.588909
6.2382034,86.910583 1.2420704,91.456682 6.9916951,99.827177
-4.633572,100.95334 10.795924,101.10715 33.539941,100.5556
11.682119,102.77884 1.0,104.30683 7.1545107,108.80254
21.071662,102.05108 30.007386,102.19616 45.141904,103.2891
30.875153,104.66844 34.591171,110.1733 29.301868,122.73017
37.573897,139.22481 38.000009,153.84109 29.808733,156.28152
15.536555,155.53288 23.543513,157.86819 7.1044918,155.55324
44.626651,166.1579 22.406745,165.0 16.195735,167.1936
0.5085109,155.44756 9.2350217,157.15925 17.984116,159.35671
9.2431017,140.27761 18.314781,154.5 17.290255,146.96122
11.215878,143.72804 8.7793297,135.47489 -8.7466872,132.95259
16.061312,138.55893 9.884197,151.57649 5.5706951,155.47924
-6.0043924,161.94809 10.444221,162.56859 1.3035951,161.77709
1.3749097,164.77751 5.5,170.76316 16.882416,171.0815
9.6350988,190.70193 12.539641,199.20286 17.405473,213.58388
8.9581817,214.93955 1.0,217.17764 13.942072,218.43615
17.616104,217.32462 14.762924,202.99896 17.06524,193.75205
8.5658544,174.61318 16.653008,172.01829 25.899435,172.01229
44.550341,171.77723 43.8874,175.54262 45.954086,171.84683
67.561018,170.22299 68.0,176.4349 65.139097,191.88412
65.367606,186.73119 69.99741,186.07733 72.183495,192.21198
60.583958,212.61658 69.267067,197.94656 71.525228,196.43401
73.298623,220.48412 70.841172,224.27209 72.982443,230.23877
78.107779,248.22402 72.685538,248.52641 60.984394,247.48196
51.10021,247.40672 49.103517,258.02249 41.160591,262.63478
33.646613,266.54806 22.499921,264.66868 4.5849928,268.33027
29.934459,261.30682 30.410084,254.85472 30.13533,253.60418
10.909245,261.91833 13.0,262.65748 24.582977,253.95255
-4.9220727,262.76543 2.9893118,264.52052 17.373827,258.98903
7.8266249,267.19843 1.0,267.87745 16.511973,270.11726
32.910708,270.01658 48.266344,268.64819 54.15652,265.51872
75.545336,254.99864 60.5,265.76397 42.645322,276.25489
18.640264,267.9032 1.0,271.94893 13.046024,274.80641
29.69915,273.29753 43.5,274.5 43.709599,285.86943
46.544093,300.41518 46.220015,309.7322 42.030891,316.85571
41.562122,298.8282 40.761781,311.50007 41.458081,312.43486
27.859194,314.88578 34.967327,316.19432 24.423123,316.75241
23.450394,332.32552 18.5,326.0636 10.148691,340.50573
18.629754,324.92394 9.2033279,329.0 21.818831,324.39947
-6.8423047,344.07191 4.1824528,339.90125 11.388993,331.62056
14.155964,341.93594 23.25,331.47813 23.999537,326.35672
35.535746,315.55608 31.5,321.85943 27.186998,328.88756
39.546382,319.99743 44.759554,314.77836 49.268024,304.12342
46.458969,325.15908 48.504585,330.97431 53.38805,343.21493
35.138546,340.20835 27.965053,343.0 17.147811,346.63078
41.683488,341.97332 45.908931,341.13164 47.0659,341.85071
44.090146,342.96126 48.601206,343.71979 46.269288,341.47127
50.534979,354.54095 50.367247,354.65502 42.119259,357.34424
19.810261,355.49919 40.490106,357.79674 57.575438,354.07692
52.543596,372.14742 37.630842,366.0 18.128948,364.68323
23.807966,369.51915 39.709126,368.22393 62.331626,368.15083
41.388764,368.98209 30.5,369.60465 39.421443,368.63225
58.225022,370.06734 51.300137,375.91415 52.11259,377.03375
54.169912,386.30232 55.335116,397.39578 57.679776,408.53837
58.314284,418.24464 45.47727,418.0 47.292195,411.89681
34.712699,423.96489 38.5,422.49994 44.665894,434.13045
42.757176,427.52526 33.0,430.56153 23.707541,429.17339
27.196718,416.80423 28.522523,415.67416 43.56739,413.92716
21.828128,411.97469 29.0,397.23688 30.4563,387.30929
23.176746,379.5684 20.0,371.88197 17.157502,373.3455
-1.2021554,364.05948 1.2728834,373.89292 11.202626,372.58313
-6.3052161,382.82163 8.9214027,375.25567 17.75317,382.54856
2.1459366,381.77383 13.276284,382.39038 18.435944,388.6549
15.821537,401.9242 16.299055,411.10094 11.994059,412.76863
1.0214522,396.57225 2.5056181,388.99091 0.37129486,378.00737
-1.154904,404.0298 6.952732,405.77678 13.48368,420.27803
20.48488,414.91105 19.301993,401.23761 20.494256,390.97835
17.676901,378.60576 8.5,372.72158 29.322255,375.83137
27.677273,402.72188 23.88282,418.19195 19.304795,427.27366
28.726477,431.72799 35.893904,436.0 38.687015,427.87683
54.785926,433.3474 57.5,431.08429 56.944778,421.07479
62.586311,427.09223 62.837189,431.55196 59.662562,391.06926
53.703228,350.52868 50.229798,310.28942 49.933462,306.2908
63.339047,314.56184 71.499994,311.11002 84.914706,308.22479
78.477343,326.11531 85.591048,332.93441 95.288904,342.18506
69.099809,347.79427 73.05904,359.5 75.452489,375.11784
74.818783,392.63056 79.103955,407.06425 90.423411,401.39899
74.192998,422.83476 67.499992,416.08838 78.631373,417.58895
64.600028,414.31541 67.547272,404.99528 65.142541,400.35791
66.173293,422.858 65.273892,421.4056 59.173782,425.92269
80.450846,425.26391 70.250615,434.2185 62.107324,444.74788
46.552425,436.83923 35.0,438.88762 41.878925,442.71655
57.584982,442.95761 67.198362,440.43949 77.101265,432.00513
80.464224,429.74863 79.999994,430.90062 90.271389,435.09924
93.450984,418.57607 100.0738,413.27403 112.81047,399.90209
92.098091,417.07941 90.561464,422.80632 78.125628,437.76874
84.196945,417.70648 94.182097,412.73028 97.264274,404.00993
116.96898,395.96534 109.5,400.99206 100.45455,411.87691
115.52205,401.45217 123.06763,405.99485 135.80591,403.89752
150.84072,402.9756 160.0,392.62667 152.66096,378.62056
167.58995,385.54932 177.92154,384.71095 192.39864,385.77028
208.51922,384.96682 222.0,386.87579 201.6908,416.77946
184.98873,448.92583 164.88197,479.00085 164.88197,479.00085
166.34374,479.00085 166.34374,479.00085 166.34374,479.00085
166.34374,479.0 166.34374,479.0 166.34374,479.0
;
52.024751,427.0 52.024751,427.0 41.053561,421.94538
66.572429,418.08486 53.0902,427.0 53.0902,427.0
52.024751,427.0 52.024751,427.0 52.024751,427.0
;
80.850033,423.0 80.850033,423.0 81.286786,417.84676
95.561172,404.58541 82.423911,417.93969 70.927413,429.3541
88.321717,407.10347 79.765499,415.00421 85.926822,411.90462
93.038791,401.7469 88.863307,403.76101 92.40482,401.69051
104.62647,391.65437 101.73418,387.86219 109.49061,378.68682
101.77768,394.75836 113.0,386.59997 108.63261,398.61155
94.409222,406.33894 86.775388,417.24997 84.794926,418.71413
83.268616,422.67296 80.850033,423.0 80.850033,423.0
80.850033,423.0 80.850033,423.0 80.850033,423.0
;
83.981689,400.42492 83.981689,400.42492 76.468669,408.64335
80.14203,380.95815 77.43749,373.74336 75.947327,363.01628
73.070279,351.09578 84.768421,345.19684 91.401772,337.56016
96.526073,334.71154 102.0,328.90663 101.956,344.59762
105.7994,360.76295 104.95284,375.76762 97.194819,383.37168
90.901682,392.10571 83.981689,400.42492 83.981689,400.42492
83.981689,400.42492 83.981689,400.42492 83.981689,400.42492
;
85.0,383.6497 85.0,383.6497 102.36731,384.09459
96.81121,378.12711 83.657748,383.0283 80.657842,385.26735
83.856251,383.853 85.0,383.6497 85.0,383.6497
85.0,383.6497 85.0,383.6497 85.0,383.6497
;
122.4319,401.96959 122.4319,401.96959 106.88348,403.74159
124.80372,389.48723 111.09601,397.53048 107.32659,389.80538
124.48824,388.61947 131.26412,386.87411 138.71623,385.00309
159.66623,381.5058 153.34919,393.37809 145.25519,399.0136
132.3379,400.99167 122.4319,401.96959 122.4319,401.96959
122.4319,401.96959 122.4319,401.96959 122.4319,401.96959
;
109.01623,388.0 109.01623,388.0 106.46483,377.49661
106.7715,381.06558 107.99994,371.25835 105.66881,352.20055
107.17871,331.50712 101.73487,313.5 104.55512,332.12751
99.568882,322.1571 101.19148,309.00485 102.04853,297.96244
100.66767,286.98815 99.742358,276.0 104.57584,282.16842
101.75574,297.8982 104.61699,307.72663 104.71895,302.64502
105.17241,284.28338 103.03062,281.5 105.48288,265.54022
110.16134,288.022 108.95741,294.5 110.59496,323.54754
114.7018,352.39168 115.15831,381.5 117.15083,385.92169
135.68356,380.68002 123.53934,384.49195 117.48715,387.86108
112.70781,383.86228 109.01623,388.0 109.01623,388.0
109.01623,388.0 109.01623,388.0 109.01623,388.0
;
91.463858,334.0 91.463858,334.0 82.57592,327.49837
78.849038,309.88158 87.461534,301.11257 98.723866,301.33618
97.448236,318.41589 96.485768,327.23187 97.568556,330.75116
94.713549,333.75344 91.463858,334.0 91.463858,334.0
91.463858,334.0 91.463858,334.0 91.463858,334.0
;
61.038544,309.0 61.038544,309.0 47.690888,310.26138
55.526837,289.64056 52.04148,281.1892 44.505686,266.70672
67.973227,272.42616 62.660123,268.67191 63.649263,265.38092
72.66397,262.30451 68.178428,270.25445 67.789154,272.71862
66.109851,294.66805 70.0,296.88197 70.250337,305.06282
69.403304,308.42076 61.038544,309.0 61.038544,309.0
61.038544,309.0 61.038544,309.0 61.038544,309.0
;
75.965557,309.0 75.965557,309.0 67.67601,308.43041
72.073489,290.5533 69.119854,282.08753 68.886704,271.11931
69.435785,258.93786 82.29121,256.25428 85.059277,262.79402
82.8213,269.61909 85.307049,280.24416 86.691775,290.3741
86.8288,303.87705 79.040698,309.0 79.040698,309.0
77.081396,309.0 77.081396,309.0 77.081396,309.0
75.965557,309.0 75.965557,309.0 75.965557,309.0
;
98.561366,307.7602 98.561366,307.7602 90.534541,298.03634
91.214999,283.01674 88.861919,269.5 92.092214,266.45775
83.514542,246.36436 91.817019,254.52663 89.609883,264.40645
96.111321,272.04978 96.268896,281.38158 94.078211,292.72222
99.096961,294.6809 98.793773,307.30964 98.793773,307.30964
98.809783,307.5 98.809783,307.5 98.809783,307.5
98.56136,307.7602 98.56136,307.7602 98.56136,307.7602
98.561366,307.7602 98.561366,307.7602 98.561366,307.7602
;
49.53698,300.79635 49.53698,300.79635 46.159215,294.56911
46.909091,274.1707 48.790906,293.91286 48.695176,296.04055
50.389967,298.93294 49.53698,300.79635 49.53698,300.79635
49.53698,300.79635 49.53698,300.79635 49.53698,300.79635
;
87.767063,295.72906 87.767063,295.72906 87.040183,306.69277
85.47332,263.93052 88.682766,281.28639 90.815484,288.80459
89.992832,291.96752 87.767063,295.72906 87.767063,295.72906
87.767063,295.72906 87.767063,295.72906 87.767063,295.72906
;
102.54744,272.57718 102.54744,272.57718 94.433258,270.89907
96.501036,243.60793 98.285588,246.0 85.851823,251.80112
96.114346,243.3465 104.27154,241.55718 112.58602,233.95405
124.70391,243.60406 115.48639,252.17133 109.00281,257.57579
109.82175,270.39511 102.54744,272.57718 102.54744,272.57718
102.54744,272.57718 102.54744,272.57718 102.54744,272.57718
;
112.53705,266.41613 112.53705,266.41613 102.79672,275.61532
117.60291,251.94745 120.38393,247.42716 123.54011,251.25938
119.66518,263.23057 112.53705,266.41613 112.53705,266.41613
112.53705,266.41613 112.53705,266.41613 112.53705,266.41613
;
46.16366,266.44063 46.16366,266.44063 36.538612,266.68182
55.617637,255.06154 60.766411,254.09668 79.855486,255.39805
50.606012,265.47623 46.16366,266.44063 46.16366,266.44063
46.16366,266.44063 46.16366,266.44063 46.16366,266.44063
;
77.032074,256.98377 77.032074,256.98377 58.259719,264.60183
95.154333,244.10636 77.752751,256.62001 77.752751,256.62001
77.032074,256.98381 77.032074,256.98381 77.032074,256.98381
77.032074,256.98377 77.032074,256.98377 77.032074,256.98377
;
78.668213,249.884 78.668213,249.884 84.871333,247.17595
80.673613,230.22122 80.58313,221.26234 79.820697,205.80899
77.559789,190.44426 77.0,175.0 83.771524,172.5075
85.06269,171.59865 96.337263,173.68809 109.54978,172.00631
116.64599,178.57754 112.73695,191.66213 111.84455,185.05887
110.63978,187.60244 110.17233,203.31981 108.82808,209.23432
112.09309,225.64396 108.51684,217.60121 107.85247,225.20494
110.94228,226.07285 110.90732,236.7866 101.89265,239.5921
89.131989,241.4825 83.0,247.13994 84.217521,249.5414
80.037947,249.98347 78.668213,249.884 78.668213,249.884
78.668213,249.884 78.668213,249.884 78.668213,249.884
;
121.625,240.96105 121.625,240.96105 110.3277,233.74332
124.0735,228.55865 121.7493,241.00005 121.7493,241.00005
121.6243,240.96115 121.6243,240.96115 121.6243,240.96115
121.625,240.96105 121.625,240.96105 121.625,240.96105
;
113.60272,232.98469 113.60272,232.98469 112.40203,219.46498
115.1241,202.03564 115.29225,186.99999 124.45238,192.15223
116.836,209.68007 118.77741,219.7925 119.05185,232.33923
115.09303,227.77809 113.60272,232.98469 113.60272,232.98469
113.60272,232.98469 113.60272,232.98469 113.60272,232.98469
;
109.17167,172.81955 109.17167,172.81955 97.279816,166.24099
117.52278,167.14793 109.17167,172.81955 109.17167,172.81955
109.17167,172.81955 109.17167,172.81955 109.17167,172.81955
;
100.25,171.81092 100.25,171.81092 80.474505,171.94778
85.693538,167.4761 102.32923,169.4547 106.52174,169.32815
103.34149,173.67715 100.25,171.81092 100.25,171.81092
100.25,171.81092 100.25,171.81092 100.25,171.81092
;
72.75,170.5098 72.75,170.5098 67.233819,165.23168
93.221708,166.36958 94.1011,159.3033 104.95083,159.65739
108.08656,160.45184 107.40387,153.86152 97.720285,159.60014
95.922132,136.70298 102.91793,148.26829 107.8587,145.84697
99.98316,147.02012 108.74883,138.00583 110.02637,121.01992
111.73549,149.07137 110.80596,155.06127 113.24932,159.3973
99.235768,171.88393 101.30056,162.71491 103.07434,170.4486
91.167698,164.04397 83.844993,166.96855 80.162404,168.19045
76.341515,169.03114 72.75,170.5098 72.75,170.5098
72.75,170.5098 72.75,170.5098 72.75,170.5098
;
18.309017,168.8592 18.309017,168.8592 -1.9260361,168.71303
18.616003,165.38019 27.5,168.71841 24.436342,168.76531
21.372658,168.81231 18.309017,168.8592 18.309017,168.8592
18.309017,168.8592 18.309017,168.8592 18.309017,168.8592
;
38.97474,166.72727 38.97474,166.72727 32.10862,167.37812
37.475107,160.37307 41.5,163.27652 45.222984,165.03065
42.373226,168.08433 38.97474,166.72727 38.97474,166.72727
38.97474,166.72727 38.97474,166.72727 38.97474,166.72727
;
61.168213,164.93661 61.168213,164.93661 55.713901,162.15887
76.421334,160.87753 61.168213,164.93661 61.168213,164.93661
61.168213,164.93661 61.168213,164.93661 61.168213,164.93661
;
69.680722,162.73325 69.680722,162.73325 75.082585,160.80805
62.251756,145.94692 76.915336,152.84614 91.721211,155.93209
84.224763,157.06759 74.097042,160.45651 67.305672,160.77495
75.150282,163.04088 69.680722,162.73325 69.680722,162.73325
69.680722,162.73325 69.680722,162.73325 69.680722,162.73325
;
65.360792,159.81653 65.360792,159.81653 64.53337,153.24841
58.251897,154.00432 69.478686,154.5 68.148489,156.29711
66.584786,157.95213 65.360792,159.81653 65.360792,159.81653
65.360792,159.81653 65.360792,159.81653 65.360792,159.81653
;
99.994224,156.86382 99.994224,156.86382 93.966085,146.36215
93.390677,148.27012 103.24582,156.67816 104.93983,156.95358
99.631326,156.69076 99.994224,156.86382 99.994224,156.86382
99.994224,156.86382 99.994224,156.86382 99.994224,156.86382
;
92.0,155.0 92.0,155.0 77.612484,154.39168
96.938747,148.73517 92.0407,155.0 92.0407,155.0
92.0,155.0 92.0,155.0 92.0,155.0
;
82.0,152.70156 82.0,152.70156 83.913713,150.16344
78.181749,152.03986 76.158732,148.99991 61.787421,144.45151
82.167658,147.93975 81.586265,148.59414 98.207564,146.87441
88.513055,144.61269 84.5,152.4593 84.53075,153.33728
82.618185,152.4223 82.0,152.70156 82.0,152.70156
82.0,152.70156 82.0,152.70156 82.0,152.70156
;
43.536273,152.0 43.536273,152.0 37.669917,147.77654
39.546617,133.49744 35.998503,125.5 32.133808,117.1654
40.487391,100.0395 39.999999,116.90062 44.761269,119.19223
39.358824,134.31762 43.904688,143.30329 44.450413,145.29524
48.311781,153.91676 43.536273,152.0 43.536273,152.0
43.536273,152.0 43.536273,152.0 43.536273,152.0
;
48.19914,149.0 48.19914,149.0 46.20638,141.42448
40.905665,123.45954 50.19798,137.11842 58.196155,135.15371
47.37165,146.61662 48.19914,149.0 48.19914,149.0
48.19914,149.0 48.19914,149.0 48.19914,149.0
;
75.113464,145.94119 75.113464,145.94119 60.66739,143.4027
77.174659,135.49427 76.726928,146.0 76.726928,146.0
75.113464,145.9412 75.113464,145.9412 75.113464,145.9412
75.113464,145.94119 75.113464,145.94119 75.113464,145.94119
;
96.0,140.0 96.0,140.0 98.748986,140.60101
88.234036,128.71473 76.515062,133.95989 57.832416,132.99109
75.15428,128.61305 84.750349,130.5973 89.582449,130.5373
115.73243,130.02858 101.46573,132.99999 94.138808,133.84428
100.17318,139.07166 96.0,140.0 96.0,140.0
96.0,140.0 96.0,140.0 96.0,140.0
;
102.5252,143.0 102.5252,143.0 100.63872,133.27715
107.81049,134.3143 102.1579,141.5 103.86341,134.58423
110.20235,142.64987 102.5252,143.0 102.5252,143.0
102.5252,143.0 102.5252,143.0 102.5252,143.0
;
58.056856,138.79153 58.056856,138.79153 56.876092,136.85447
65.305035,123.1598 60.526441,137.64852 58.96669,135.9343
58.654722,137.77205 58.056856,138.79153 58.056856,138.79153
58.056856,138.79153 58.056856,138.79153 58.056856,138.79153
;
51.535184,136.0 51.535184,136.0 41.576004,131.50765
61.378827,129.70557 53.0,136.0 53.0,136.0
51.535184,136.0 51.535184,136.0 51.535184,136.0
;
8.25,97.921053 8.25,97.921053 -4.6429315,90.220249
10.152509,92.622348 12.0,86.0 18.224697,97.499916
11.641529,91.578387 6.3061353,92.644608 2.9549289,94.894898
12.074601,96.597544 8.25,97.921053 8.25,97.921053
8.25,97.921053 8.25,97.921053 8.25,97.921053
;
18.572385,91.360615 18.572385,91.360615 11.988142,91.4879
15.831872,72.725723 18.290583,68.910359 15.338059,67.642818
24.952101,62.882418 25.207819,76.789094 5.5591219,77.039248
32.987358,83.468596 20.065145,81.128238 11.750675,81.150838
27.421553,87.764022 23.0,84.853352 28.941717,76.425012
29.187133,94.429265 24.397945,90.814725 22.103434,90.206182
20.413186,89.163214 18.572385,91.360615 18.572385,91.360615
18.572385,91.360615 18.572385,91.360615 18.572385,91.360615
;
29.846553,76.928924 29.846553,76.928924 24.821861,78.233577
28.337373,58.360667 29.906193,76.526075 29.906193,76.526075
29.846553,76.928924 29.846553,76.928924 29.846553,76.928924
;
19.25,59.968197 19.25,59.968197 5.1750832,57.705426
31.859056,57.719638 19.25,59.968197 19.25,59.968197
19.25,59.968197 19.25,59.968197 19.25,59.968197
;
13.0,40.657278 13.0,40.657278 6.2228534,35.761201
33.242034,36.268688 16.790715,40.021879 15.472547,39.800982
14.25547,40.381437 13.0,40.657278 13.0,40.657278
13.0,40.657278 13.0,40.657278 13.0,40.657278
;
19.831581,27.984687 19.831581,27.984687 9.0946431,19.531557
19.008846,22.852097 18.06277,19.0 21.100109,17.115662
21.843236,29.278084 19.831581,27.984687 19.831581,27.984687
19.831581,27.984687 19.831581,27.984687 19.831581,27.984687
;
659.75,478.97816 659.75,478.97816 660.60566,472.63595
649.89151,461.71382 648.64533,453.21181 639.4016,437.68721
629.56355,422.51992 620.78822,406.71771 639.32995,409.35581
658.17242,406.87041 676.28604,410.29494 732.66562,412.50081
789.05544,417.61091 845.38777,418.81672 864.15224,413.74506
839.52901,416.91038 831.62372,416.2791 776.75453,413.46696
721.90357,409.41494 667.0,407.0 665.72945,401.18982
670.14789,399.51028 660.92287,397.02843 649.21864,397.37071
665.85336,409.74622 648.44066,405.40185 638.8242,406.00822
624.80657,401.66335 618.0,405.66815 625.94641,422.93971
637.93363,438.97066 647.05798,455.98875 641.1183,456.00315
610.56247,454.71381 623.35876,455.72064 648.71695,456.84592
613.25406,456.88354 621.41064,457.54725 632.35213,459.96975
649.16645,453.65879 652.60384,468.41777 655.19112,471.36775
656.09657,477.92151 659.75,478.97816 659.75,478.97816
659.75,478.97816 659.75,478.97816 659.75,478.97816
;
51.698529,462.71516 51.698529,462.71516 59.932978,467.46174
77.193501,455.3141 62.003618,454.06306 54.002509,453.91947
30.742039,456.57897 51.789924,456.22767 66.954766,452.64232
69.874795,461.45875 53.000006,460.52178 44.08331,460.18226
27.382118,464.50346 51.698529,462.71516 51.698529,462.71516
51.698529,462.71516 51.698529,462.71516 51.698529,462.71516
;
607.75,456.80414 607.75,456.80414 631.06367,454.81339
583.88797,452.89646 608.95277,455.1341 629.55226,455.69574
588.31341,456.42662 607.75,456.80414 607.75,456.80414
607.75,456.80414 607.75,456.80414 607.75,456.80414
;
14.409598,452.0 14.409598,452.0 23.927988,447.91104
4.9110968,443.8931 14.409598,452.0 14.409598,452.0
14.409598,452.0 14.409598,452.0 14.409598,452.0
;
17.4375,447.6875 17.4375,447.6875 23.209369,438.24564
8.1867576,445.16115 17.4375,447.6875 17.4375,447.6875
17.4375,447.6875 17.4375,447.6875 17.4375,447.6875
;
80.809017,447.96404 80.809017,447.96404 94.722925,441.93584
81.306045,446.56161 88.208462,438.19701 88.872007,428.99157
72.917762,441.72494 79.0,440.88197 80.057221,444.01412
73.735386,448.95717 80.809017,447.96404 80.809017,447.96404
80.809017,447.96404 80.809017,447.96404 80.809017,447.96404
;
81.886059,445.0 81.886059,445.0 79.526993,437.97162
90.967823,433.56812 82.772117,445.0 82.772117,445.0
81.886059,445.0 81.886059,445.0 81.886059,445.0
;
355.27026,445.0 355.27026,445.0 368.7799,445.59754
365.68653,426.90019 369.25094,417.91865 366.73165,409.09409
373.08793,400.8554 368.86523,392.0 378.69322,393.87107
370.0646,365.63215 371.93791,384.95785 369.71762,401.38195
368.02718,375.68419 369.97255,369.5 365.97474,358.90128
371.59569,351.45546 371.6683,341.47966 372.20227,331.32367
369.22951,318.50493 370.72456,310.0 379.71447,329.51134
382.41195,352.22451 398.0,368.15345 400.52159,380.71153
408.97328,392.23162 412.36914,404.41214 420.73902,418.25284
409.95222,412.92344 414.72189,420.50091 417.56868,430.59215
422.4668,444.7429 435.32398,437.89761 446.0034,433.86392
445.09725,422.84208 437.41979,416.11222 428.59502,406.77467
435.43203,394.53167 430.78331,383.57132 430.15244,366.49261
421.17126,352.32772 415.89061,336.60791 416.56488,325.61024
409.5458,311.6885 421.81925,305.09943 425.40772,296.55231
420.35795,281.99774 431.07154,279.49775 443.93897,269.0865
435.85623,251.26429 437.34334,237.04182 434.04825,208.69946
442.06938,179.09078 432.35083,151.79969 430.82917,140.77363
419.15709,136.40841 410.96941,130.70986 405.95863,130.03232
399.49529,119.22308 399.8802,109.67118 399.8114,90.637766
395.02766,68.432284 377.74777,57.895521 361.4519,54.002306
344.95427,65.931296 335.41119,78.234042 332.34661,88.256559
333.34393,98.169661 334.63836,106.29764 334.30699,117.02311
326.63339,124.34929 326.79473,135.35993 323.06707,149.5171
314.88829,162.58264 314.73435,177.87412 313.05452,192.96761
311.57124,208.9445 310.02537,223.46945 308.57035,234.46905
308.94828,245.33704 300.78694,254.31273 298.30568,265.50078
308.73548,272.18177 306.12708,283.05944 301.34708,294.46305
312.93519,301.71196 314.03171,309.5 315.04129,323.54076
318.27997,293.73538 323.93232,307.07856 331.56253,313.28315
335.30988,320.50284 336.5222,330.36666 341.52956,350.55685
336.74458,372.76969 345.02717,392.67804 344.77341,402.22594
353.60885,411.11935 347.52855,419.10212 341.80515,425.65098
333.82254,436.63432 345.50011,441.5698 348.63009,444.01127
351.0612,445.87157 355.27026,445.0 355.27026,445.0
355.27026,445.0 355.27026,445.0 355.27026,445.0
;
357.63689,443.0 357.63689,443.0 354.57388,429.76403
355.84495,444.27639 350.0,437.06277 348.19138,434.76281
337.5574,436.11403 346.63932,425.83287 350.47233,416.83248
356.42073,409.42188 366.28758,411.95419 364.53464,421.08647
365.95731,435.41239 359.03511,440.52164 355.62362,437.80456
361.97516,445.16203 357.63689,443.0 357.63689,443.0
357.63689,443.0 357.63689,443.0 357.63689,443.0
;
426.71089,436.0 426.71089,436.0 419.00773,432.69624
419.89152,419.0335 418.0,411.14719 426.74176,400.9249
435.2004,415.85496 440.01034,424.37558 444.23386,434.85647
431.35188,425.95995 432.96936,434.45484 430.24463,421.98878
420.77523,435.89446 429.11803,436.0 429.11803,436.0
427.15873,436.0 427.15873,436.0 427.15873,436.0
426.71089,436.0 426.71089,436.0 426.71089,436.0
;
356.13475,411.0 356.13475,411.0 346.344,406.62062
349.74093,390.76147 344.95164,381.81723 339.28648,361.65836
344.98614,340.28568 337.20543,320.5 337.81856,311.10215
318.38719,305.06713 325.3466,297.25 326.72195,284.485
323.88198,272.77133 308.49995,276.5 306.96483,266.92941
298.34187,256.76888 307.87926,248.48468 313.75311,239.77676
310.76057,227.0506 313.85851,217.4404 316.51167,193.61417
315.24984,167.94121 326.93916,146.1989 336.36622,136.83522
341.36126,124.99086 340.73126,111.64931 341.07145,93.728783
343.33058,72.308915 359.9317,61.8147 371.0422,58.262438
383.39282,60.532659 387.72857,72.625475 400.77829,90.71569
387.62558,116.86867 404.34861,133.0 413.76994,133.42988
422.54684,141.9073 427.99998,148.65155 439.70275,173.6604
431.89983,202.32708 434.10525,229.17011 433.72213,242.71591
435.85733,257.28516 434.99097,270.07111 428.74765,275.95328
423.37904,285.13989 416.50008,284.27642 403.53959,275.42531
402.16039,293.88784 401.39776,302.59395 409.59659,299.23801
413.68174,296.26308 404.74705,308.89824 413.47556,311.52643
412.41826,322.59495 413.04954,332.31559 413.3964,349.73186
427.51425,362.52948 427.25462,380.43907 428.71425,389.93525
435.18473,406.89217 419.72383,406.98196 410.01007,402.55906
411.31115,386.4245 404.05458,378.12216 399.14034,361.49637
385.32641,349.16076 382.15259,331.67629 376.98259,322.57167
375.8149,307.60662 368.25564,302.00047 366.33385,316.60019
368.9855,333.24393 369.08825,346.72043 363.40021,360.05565
367.9478,376.51396 366.33675,391.09315 368.25138,400.69286
368.87221,410.84665 356.13475,411.0 356.13475,411.0
356.13475,411.0 356.13475,411.0 356.13475,411.0
;
386.5,322.0 386.5,322.0 398.24407,317.0757
387.10298,316.08073 387.14825,306.5 386.85127,296.24318
386.74837,276.11912 385.82994,297.45516 384.83762,316.11837
385.60555,286.5132 385.50004,280.85883 394.77622,274.8391
380.37519,275.99316 384.79101,265.54628 386.35011,257.10227
378.48791,239.20035 385.5001,237.5 381.46279,232.92763
379.7666,231.35462 380.63041,216.54254 381.7507,204.9143
380.07565,200.6147 388.58108,194.99387 389.11675,192.86418
377.95484,199.20776 374.2081,199.09324 364.99676,204.31374
379.05714,185.10187 377.81986,179.5 381.23007,166.76197
378.87298,153.84767 376.70016,141.69302 377.87844,122.30751
373.63089,139.75117 373.90084,147.0 360.41511,134.42721
359.60594,146.84389 362.51826,159.55922 366.75269,179.86075
358.06907,159.88272 354.00018,164.69002 362.14703,167.13435
357.3613,172.61024 361.7633,175.57654 360.43173,165.04044
366.57834,190.39727 361.00018,189.0 366.47335,197.39907
362.83891,211.29961 363.02044,222.97875 361.38132,240.81086
355.32196,258.04336 354.00018,275.8563 363.02475,281.53937
373.4191,279.87335 382.79641,277.46294 383.18448,288.96772
384.87267,302.84574 384.04449,313.47266 382.43037,314.4435
383.82562,322.61274 386.5,322.0 386.5,322.0
386.5,322.0 386.5,322.0 386.5,322.0
;
368.93657,277.0 368.93657,277.0 361.98242,279.57688
363.33653,266.70157 360.53442,265.71728 366.56828,268.85116
382.09077,270.16694 371.79148,272.11858 379.22171,273.33451
375.19255,277.98653 368.93657,277.0 368.93657,277.0
368.93657,277.0 368.93657,277.0 368.93657,277.0
;
377.37438,271.0 377.37438,271.0 360.21234,262.87074
388.31278,264.08737 377.37438,271.0 377.37438,271.0
377.37438,271.0 377.37438,271.0 377.37438,271.0
;
377.44098,262.0 377.44098,262.0 374.8866,259.18915
361.64056,256.10929 364.58915,244.21519 364.60045,231.70083
367.01931,217.88509 368.22708,206.33763 378.6883,207.09538
370.20741,223.99257 371.51487,231.5 372.74927,233.60825
372.6683,225.61127 374.97636,235.0 377.64419,216.82369
378.1689,239.17619 379.5324,246.08051 374.81868,249.63761
387.02689,263.17517 377.44098,262.0 377.44098,262.0
377.44098,262.0 377.44098,262.0 377.44098,262.0
;
377.07548,216.91211 377.07548,216.91211 372.96461,217.10593
378.25597,198.98252 377.96937,214.4593 377.96937,214.4593
377.96937,215.5 377.96937,215.5 377.96937,215.5
377.07548,216.91211 377.07548,216.91211 377.07548,216.91211
;
367.00583,186.0 367.00583,186.0 364.24437,178.25117
366.99883,157.76595 367.51096,179.20401 366.83599,180.76697
369.52765,186.25907 367.00583,186.0 367.00583,186.0
367.00583,186.0 367.00583,186.0 367.00583,186.0
;
371.46698,184.0274 371.46698,184.0274 367.53225,180.76375
370.55716,164.32592 364.99998,159.88197 366.19485,163.3381
366.02368,136.64448 368.17842,151.66745 369.54523,149.89272
377.70362,149.94738 375.8968,165.83773 376.68205,172.64736
373.06557,177.54116 371.46698,184.0274 371.46698,184.0274
371.46698,184.0274 371.46698,184.0274 371.46698,184.0274
;
343.45203,317.0 343.45203,317.0 353.38971,309.10519
334.70385,313.16455 343.45203,317.0 343.45203,317.0
343.45203,317.0 343.45203,317.0 343.45203,317.0
;
392.54422,202.0 392.54422,202.0 405.11885,195.57235
381.37456,193.92448 392.54422,202.0 392.54422,202.0
392.54422,202.0 392.54422,202.0 392.54422,202.0
;
412.6849,173.98469 412.6849,173.98469 426.09387,170.95757
411.22129,158.6513 411.50002,171.96936 418.63271,169.91053
408.71014,174.77665 412.6849,173.98469 412.6849,173.98469
412.6849,173.98469 412.6849,173.98469 412.6849,173.98469
;
369.75001,128.0 369.75001,128.0 383.99205,127.5567
383.19135,108.05432 382.75753,97.592783 379.98469,88.824075
379.2884,74.457637 369.26858,71.850592 357.71328,71.627891
353.35358,85.355299 353.95633,93.526992 354.60567,97.849944
353.25225,110.83774 359.14589,120.76844 362.60748,123.48931
364.38378,129.60313 369.75001,128.0 369.75001,128.0
369.75001,128.0 369.75001,128.0 369.75001,128.0
;
370.91607,124.77765 370.91607,124.77765 367.91476,121.00998
372.37874,120.50619 367.4633,117.39384 381.63249,115.42857
369.73806,110.89973 365.26822,110.08946 371.70272,104.92941
361.38181,104.43225 361.18114,92.817113 355.11658,85.799693
369.59633,69.280613 373.35934,82.546703 371.52719,88.924211
360.4238,91.236802 367.2358,93.906523 366.12514,102.36283
385.8112,94.610139 377.07193,112.31277 377.41882,117.07094
375.34255,122.92362 370.91607,124.77765 370.91607,124.77765
370.91607,124.77765 370.91607,124.77765 370.91607,124.77765
;
367.62756,108.93661 367.62756,108.93661 373.27758,102.43824
369.10305,101.87891 365.93206,108.69955 364.5105,109.13229
366.8587,108.89392 367.62756,108.93661 367.62756,108.93661
367.62756,108.93661 367.62756,108.93661 367.62756,108.93661
;
364.52305,122.0 364.52305,122.0 360.48382,116.84929
354.55969,104.40711 357.94501,99.724632 364.94915,102.22947
359.67228,117.30814 365.0,119.9593 364.9357,120.73422
365.66175,122.29948 364.52305,122.0 364.52305,122.0
364.52305,122.0 364.52305,122.0 364.52305,122.0
;
411.27958,308.5394 411.27958,308.5394 408.94569,308.6223
418.06421,288.3978 409.1461,289.70718 405.12126,307.66522
403.04577,289.20952 410.32422,285.0 423.73019,284.54973
423.20921,298.70238 417.60594,307.35018 413.99398,295.31094
419.60964,310.69431 411.27958,308.5394 411.27958,308.5394
411.27958,308.5394 411.27958,308.5394 411.27958,308.5394
;
316.0,302.95779 316.0,302.95779 306.97451,300.51009
304.07054,280.18654 313.0369,279.72336 325.44822,272.44226
323.44962,303.55265 319.27722,289.74999 315.43308,278.36021
313.54266,290.2831 313.28885,298.95142 318.02835,305.03569
319.30497,291.98335 315.99998,302.95776 315.99998,302.95776
316.0,302.95779 316.0,302.95779 316.0,302.95779
;
339.52609,86.5 339.52609,86.5 328.32021,96.67095
350.29212,63.784435 344.691,69.690983 348.72375,71.847359
340.04303,82.252965 339.52609,86.5 339.52609,86.5
339.52609,86.5 339.52609,86.5 339.52609,86.5
;
504.84412,405.5 504.84412,405.5 511.18671,412.001
500.39884,387.29451 503.20933,402.80718 503.79238,403.54109
504.4281,410.92382 504.84412,405.5 504.84412,405.5
504.84412,405.5 504.84412,405.5 504.84412,405.5
;
70.045313,404.0 70.045313,404.0 73.18828,396.00373
64.232298,391.59069 64.701342,382.35659 66.992591,372.11139
62.731945,375.64242 62.378145,367.80826 69.768661,359.96589
53.216618,350.60482 61.25,345.19475 55.609112,339.86924
67.123568,347.83977 71.0,340.84501 58.76486,341.36886
65.282311,332.41726 57.5,339.33738 56.79978,322.89719
53.835244,318.61083 55.517585,337.35656 55.559485,348.93468
57.778464,357.60797 61.240077,365.09326 55.509344,354.9684
59.926425,373.75568 61.769284,377.04937 61.678324,386.85107
63.798728,395.95648 68.434028,400.5 69.453568,401.08529
67.822058,404.86526 70.045313,404.0 70.045313,404.0
70.045313,404.0 70.045313,404.0 70.045313,404.0
;
561.0,403.67479 561.0,403.67479 574.73187,403.86556
543.08739,401.66658 567.87145,401.75585 557.68641,399.81879
541.88295,399.77582 529.5,399.25783 548.13653,400.06279
537.51283,401.33985 532.459,401.67544 544.80603,401.58244
556.91372,400.68972 546.4428,402.63337 551.28818,403.35984
556.08726,403.95916 561.0,403.67479 561.0,403.67479
561.0,403.67479 561.0,403.67479 561.0,403.67479
;
470.0,395.66735 470.0,395.66735 481.60172,395.67135
455.20886,393.42431 449.5,394.36039 456.332,394.83257
463.13992,395.84351 470.0,395.66735 470.0,395.66735
470.0,395.66735 470.0,395.66735 470.0,395.66735
;
334.5,388.67716 334.5,388.67716 342.02209,387.77045
316.92095,386.56623 311.16333,387.364 305.07615,387.377
330.63759,388.64031 334.5,388.67716 334.5,388.67716
334.5,388.67716 334.5,388.67716 334.5,388.67716
;
28.063867,378.33613 28.063867,378.33613 31.878747,366.90248
11.347223,367.67892 27.0,372.13284 27.669937,372.92924
25.664974,382.15044 28.063867,378.33613 28.063867,378.33613
28.063867,378.33613 28.063867,378.33613 28.063867,378.33613
;
375.77959,348.78829 375.77959,348.78829 377.33736,340.24358
373.41213,316.3832 374.04539,337.01248 374.20586,344.42417
375.83469,372.5818 375.71542,351.70586 375.71542,351.70586
375.75852,349.74703 375.75852,349.74703 375.75852,349.74703
375.77959,348.78829 375.77959,348.78829 375.77959,348.78829
;
3.5,359.0 3.5,359.0 4.3747934,348.9358
15.186109,348.80813 27.316972,350.0 42.455821,351.30571
44.04919,338.99355 28.5,346.98472 21.431236,347.24901
-6.9911061,347.18676 14.285065,347.88447 34.346439,348.67495
28.164735,348.75572 11.830642,348.56202 -3.7615079,348.92831
0.12533071,355.74133 2.5,357.0 -0.24304162,355.85921
0.51989712,361.16833 3.5,359.0 3.5,359.0
3.5,359.0 3.5,359.0 3.5,359.0
;
29.309017,301.82341 29.309017,301.82341 23.305149,297.88121
7.0465496,301.35326 27.352971,301.54084 27.352971,301.54084
28.5,301.64683 28.5,301.64683 28.5,301.64683
29.309017,301.82341 29.309017,301.82341 29.309017,301.82341
;
4.2002893,259.35623 4.2002893,259.35623 15.326592,252.58955
16.949088,256.64288 24.585931,253.06475 23.205458,247.50218
43.324076,246.14712 26.618366,242.7137 20.981893,240.7249
-0.61327209,239.23884 13.25,245.04283 27.126285,248.35468
17.998948,247.94499 12.213304,254.57808 11.313928,257.32552
-5.7432442,259.5695 4.2002893,259.35623 4.2002893,259.35623
4.2002893,259.35623 4.2002893,259.35623 4.2002893,259.35623
;
13.458849,252.79218 13.458849,252.79218 27.055022,242.80021
-3.6848383,248.47901 13.458849,252.79218 13.458849,252.79218
13.458849,252.79218 13.458849,252.79218 13.458849,252.79218
;
62.25,246.98469 62.25,246.98469 67.721906,238.32892
37.33659,246.24676 57.45,244.11831 56.694502,246.14924
57.53926,244.73046 62.0,245.97049 62.0,245.97049
60.5,246.96937 60.5,246.96937 60.5,246.96937
62.25,246.98467 62.25,246.98467 62.25,246.98467
62.25,246.98469 62.25,246.98469 62.25,246.98469
;
5.0936281,232.67118 5.0936281,232.67118 12.127144,230.04699
3.402104,231.97134 10.881966,228.0 0.04643404,226.25885
-0.31499474,231.93319 5.0936281,232.67118 5.0936281,232.67118
5.0936281,232.67118 5.0936281,232.67118 5.0936281,232.67118
;
19.5,227.64918 19.5,227.64918 28.676482,229.26161
41.905523,217.7797 47.243944,225.99996 57.436038,224.40067
48.498614,214.39319 42.11502,218.68435 40.430392,226.93039
38.847443,208.4494 37.091961,202.38955 36.92393,189.9946
31.121372,177.93804 33.323952,197.09097 35.430349,203.8712
40.440164,219.69485 34.5,222.58217 19.999455,223.1589
26.023504,223.45549 12.952696,225.69623 -10.855672,225.47399
12.716235,227.79807 19.5,227.64918 19.5,227.64918
19.5,227.64918 19.5,227.64918 19.5,227.64918
;
852.87354,192.44536 852.87354,192.44536 849.50164,182.18603
832.78202,185.39499 826.68103,176.62529 817.86099,167.1571
807.19625,159.05793 793.65323,160.24711 782.48544,158.15969
770.69569,156.2381 760.92973,150.32978 770.41306,130.33676
757.19658,154.53541 758.01028,147.25419 769.82058,125.49597
785.44868,106.18894 798.0037,85.731838 805.47808,70.845263
813.3533,56.767493 818.2317,40.751149 823.31605,31.629226
826.09663,22.118394 818.5289,13.5 820.70101,-3.500168
813.04983,1.8805731 816.84101,15.272464 826.64,26.531047
814.43537,38.032347 811.88876,49.792377 808.31066,64.092588
798.68552,75.571772 792.98826,89.113125 779.49707,108.90922
765.2961,128.27498 754.08246,149.5 769.97706,160.98695
791.31677,161.11704 809.43404,165.96896 821.07631,171.95041
827.71421,185.6663 841.74404,186.96878 845.36931,188.48571
849.41042,191.98484 852.87354,192.44536 852.87354,192.44536
852.87354,192.44536 852.87354,192.44536 852.87354,192.44536
;
128.17915,170.0 128.17915,170.0 128.35722,161.66014
120.66658,151.72041 125.5567,167.77749 126.69453,168.01172
126.45349,170.8952 128.17915,170.0 128.17915,170.0
128.17915,170.0 128.17915,170.0 128.17915,170.0
;
34.766555,149.20034 34.766555,149.20034 35.485272,139.24976
30.14669,121.62784 32.809259,142.15076 32.950131,142.9494
33.873955,153.08094 34.766555,149.20034 34.766555,149.20034
34.766555,149.20034 34.766555,149.20034 34.766555,149.20034
;
26.115223,131.0 26.115223,131.0 24.933874,126.36795
31.370382,104.52425 28.0,118.0 21.008737,118.7995
27.622098,100.59274 14.423186,108.03193 2.8651386,105.96269
-5.3809074,117.51416 10.0,115.227 10.551462,126.53279
5.4697223,114.06179 1.7953728,120.19468 -0.59752699,130.8585
17.485853,119.42993 23.892105,120.28828 24.981879,123.27493
23.70802,129.58797 26.115223,131.0 26.115223,131.0
26.115223,131.0 26.115223,131.0 26.115223,131.0
;
19.345375,119.0 19.345375,119.0 17.444275,116.37005
15.507466,107.69202 14.0,115.93723 2.4755049,113.22379
14.172874,105.69977 23.760501,112.26809 23.738401,116.86112
18.783718,109.31909 20.825525,119.0 20.825525,119.0
19.345375,119.0 19.345375,119.0 19.345375,119.0
;
11.25,129.92971 11.25,129.92971 31.530143,130.34872
9.6879502,126.78675 1.4130764,128.00352 -1.552175,132.04309
9.2388557,129.04514 11.25,129.92971 11.25,129.92971
11.25,129.92971 11.25,129.92971 11.25,129.92971
;
57.722241,94.0 57.722241,94.0 58.107914,86.83988
42.151999,88.043874 46.390204,75.504387 42.563017,57.072717
45.125318,78.093222 45.992006,85.637831 47.293522,92.709648
55.120021,87.532072 57.722241,94.0 57.722241,94.0
57.722241,94.0 57.722241,94.0 57.722241,94.0
;
