427.0,480.0 427.0,480.0 284.66667,480.0
142.33333,480.0 0.0,480.0 0.0,320.0
0.0,160.0 0.0,0.0 284.66667,0.0
569.33333,0.0 854.0,0.0 854.0,160.0
854.0,320.0 854.0,480.0 711.66667,480.0
569.33333,480.0 427.0,480.0 427.0,480.0
427.0,480.0 427.0,480.0 427.0,480.0
;
411.098,446.73843 411.098,446.73843 425.34315,448.07121
421.16181,427.97917 422.86509,418.8529 425.84259,395.69659
420.35259,371.13985 423.81253,348.76719 428.52123,339.99776
423.06927,327.71374 424.09256,317.5 421.97307,303.68712
431.65135,328.16307 433.079,333.08742 436.97257,350.79597
450.51149,363.59682 455.75287,380.3909 460.65371,389.92336
463.84572,400.36042 468.0,409.61015 470.85843,419.21803
471.39922,431.36074 480.45624,438.0541 489.15956,440.00618
500.08218,432.63086 500.19437,425.73421 497.10547,416.21839
481.74739,406.98678 487.27304,393.80662 483.58659,376.0233
482.34978,357.71469 472.78213,341.84065 469.32382,331.47211
469.31661,320.05453 469.0,309.16312 484.54094,305.09
473.31071,285.37089 481.13647,277.68059 490.12475,275.11097
495.28153,261.86791 491.03146,254.70044 490.26961,245.99178
487.17093,234.02909 490.25419,228.1686 487.2911,214.17344
489.79497,199.1708 488.93021,184.78895 490.24745,176.38276
488.93721,163.62293 486.55338,153.60259 485.23395,141.19184
478.77882,131.35003 466.9129,126.77078 458.60046,122.56616
451.84056,119.62581 452.85572,109.17351 453.09688,91.909775
450.76125,75.06386 441.42404,60.204418 436.11358,51.630136
426.64906,44.344973 416.33577,48.093776 397.35444,50.317056
393.57886,72.180371 383.0979,84.843733 377.02438,91.474454
387.82726,101.51929 383.66244,105.99577 378.79817,109.59617
372.90694,137.25038 379.35192,125.35256 386.51602,127.47389
373.15425,134.28746 373.32265,140.04221 367.73505,149.92446
365.8514,163.49638 363.60418,172.55905 361.4882,185.22645
363.8592,200.75985 359.0,212.68024 362.46284,221.48864
355.28221,230.37025 358.25198,240.94062 350.12822,248.75764
346.86292,263.68701 356.45969,272.39986 356.89076,280.57796
355.422,287.40816 357.8733,295.34734 357.7036,306.32831
373.93575,304.03165 377.87361,309.37552 387.72406,313.8338
387.82468,325.81396 390.15748,335.45688 390.28229,360.40936
393.1748,385.12544 401.46514,408.68435 407.25604,420.1455
388.49553,429.20297 395.4039,439.66516 400.36543,442.48514
404.90061,447.5594 411.098,446.73843 411.098,446.73843
411.098,446.73843 411.098,446.73843 411.098,446.73843
;
416.67895,438.25158 416.67895,438.25158 413.27051,434.39863
407.92883,442.40306 403.55302,435.83294 394.8139,431.5511
406.15184,423.05088 407.48696,414.0 423.85336,407.6902
418.25504,421.52273 418.01574,433.37261 418.37943,435.18294
417.20934,436.64454 416.67895,438.25158 416.67895,438.25158
416.67895,438.25158 416.67895,438.25158 416.67895,438.25158
;
481.46848,432.02616 481.46848,432.02616 476.68489,430.71535
469.57675,411.56362 474.73658,408.43975 484.71248,400.93088
490.89906,418.45763 494.10359,422.0 498.62804,429.07219
491.15609,426.49244 488.9556,430.5 478.1342,416.78361
486.47411,434.65466 481.46848,432.02616 481.46848,432.02616
481.46848,432.02616 481.46848,432.02616 481.46848,432.02616
;
409.63475,411.0 409.63475,411.0 399.46374,404.45469
402.51875,388.14168 397.47587,377.71692 392.71483,360.7621
398.47298,340.34785 391.0,324.92267 392.02799,315.41474
385.62988,310.21662 378.27053,304.37401 375.24473,297.39639
381.26907,290.19131 377.24808,284.0 380.63442,270.05513
357.07551,282.55291 358.1757,268.73504 351.19423,261.30683
354.13251,250.06152 362.00008,244.69002 360.49556,232.99161
364.30295,223.59181 363.1321,213.04471 365.83159,202.84942
365.39547,192.36828 365.79867,180.91574 368.53192,162.07086
371.87994,142.86851 386.9832,129.5 397.41433,107.23962
387.78167,80.044799 402.6819,59.557411 412.62374,51.19189
429.90456,48.420057 437.00393,61.901478 447.00159,76.095513
448.23438,93.757463 445.77325,110.5 446.54191,122.29769
455.92657,126.13562 464.32125,129.76061 472.54975,134.49806
478.84499,138.53067 481.53666,147.12255 485.52107,159.72932
486.68032,175.70367 486.83185,190.46247 483.38171,200.05559
487.12175,207.58337 486.21329,219.09699 485.11526,234.2498
487.25714,249.56602 488.61298,264.40445 483.9304,271.60199
476.66061,281.1523 471.16909,279.70032 457.00064,271.7559
457.61451,288.32726 455.99964,298.00089 464.76189,303.02608
461.8326,298.82936 460.92089,308.43425 469.33269,311.22201
463.22352,326.52452 466.89547,334.42485 466.90347,348.27176
480.70067,360.06468 478.81129,372.76557 481.79515,380.45462
481.72271,389.13031 483.76364,398.08431 480.68324,409.8425
465.28496,404.83489 465.59979,393.1541 461.3224,382.40926
455.87477,372.12868 451.63839,361.58502 437.43231,343.51723
434.68553,319.83223 423.56628,300.00005 415.14153,303.50324
422.69239,322.46028 420.78645,332.26937 423.98629,343.20111
416.56134,351.07803 418.45253,362.26047 418.22594,377.39501
420.91883,393.02105 418.84529,407.84465 415.76997,408.63279
412.84934,411.05843 409.63475,411.0 409.63475,411.0
409.63475,411.0 409.63475,411.0 409.63475,411.0
;
441.25,319.98272 441.25,319.98272 455.54964,315.35751
437.48724,308.42626 442.2654,296.67441 437.53179,287.34315
447.83849,274.02256 440.29288,270.84331 438.94045,258.22988
438.95197,245.43289 436.25821,232.99998 443.55198,230.50262
430.50902,221.8803 434.15882,209.71152 435.6851,200.66937
436.57647,188.14875 426.56628,191.67212 424.74105,183.6158
437.55418,173.17786 433.75812,162.27557 434.30636,150.90873
436.80604,145.75409 433.23142,135.70431 430.56857,116.29531
432.47838,142.83606 427.1456,141.54315 419.35712,137.24163
407.70446,128.56343 411.82763,144.38747 413.13267,156.56212
416.24023,163.29759 408.0,159.9593 410.90479,168.02235
418.19525,178.41748 414.0,186.45203 420.02156,193.77522
415.36289,207.73715 415.96431,218.47632 413.92349,237.39376
408.4193,255.76939 406.77174,274.73422 415.87168,281.05962
428.88339,275.73342 436.54364,276.90847 438.76034,291.02315
437.92013,305.67844 439.0,320.0 439.0,320.0
440.95924,319.9849 440.95924,319.9849 440.95924,319.9849
441.25,319.9829 441.25,319.9829 441.25,319.9829
441.25,319.98272 441.25,319.98272 441.25,319.98272
;
422.0,274.36201 422.0,274.36201 412.85956,273.65455
416.14898,259.39237 428.93589,267.96183 431.08096,258.89777
436.7256,266.94327 426.0,270.125 433.37812,272.37475
426.5106,273.73632 422.0,274.36201 422.0,274.36201
422.0,274.36201 422.0,274.36201 422.0,274.36201
;
432.5,258.0 432.5,258.0 422.97943,254.05583
414.14022,250.0618 418.25856,238.48312 417.60913,226.61272
421.68096,213.43069 420.96621,200.84362 428.30778,198.59147
425.19524,219.36709 423.84542,226.98827 432.68421,230.65784
430.09955,216.73932 431.84377,236.5 429.77342,241.82557
437.71269,257.78915 432.5,258.0 432.5,258.0
432.5,258.0 432.5,258.0 432.5,258.0
;
419.97001,180.0 419.97001,180.0 412.76088,169.35821
423.96147,165.05435 420.37795,156.74085 413.86941,142.84197
429.80573,165.11098 424.35394,171.28044 424.97956,174.99849
423.40805,178.65191 419.97001,180.0 419.97001,180.0
419.97001,180.0 419.97001,180.0 419.97001,180.0
;
428.48817,158.5 428.48817,158.5 425.46837,164.63542
418.4264,141.94417 429.93039,146.21505 427.63822,151.95021
428.39337,148.45697 425.95571,154.04805 428.52739,155.50463
431.78861,154.37725 428.48817,158.5 428.48817,158.5
428.48817,158.5 428.48817,158.5 428.48817,158.5
;
397.25,316.81955 397.25,316.81955 406.93324,309.76218
387.57206,309.12092 396.93984,316.86365 396.93984,316.86365
397.25,316.81955 397.25,316.81955 397.25,316.81955
;
418.41821,286.0 418.41821,286.0 429.43266,283.6027
414.03648,275.40125 418.41821,286.0 418.41821,286.0
418.41821,286.0 418.41821,286.0 418.41821,286.0
;
446.62756,196.96959 446.62756,196.96959 459.27613,188.20166
433.15209,189.48654 445.5,196.93919 445.5,196.93919
446.62756,196.96959 446.62756,196.96959 446.62756,196.96959
446.62756,196.96959 446.62756,196.96959 446.62756,196.96959
;
438.98644,193.0 438.98644,193.0 453.56092,181.79176
432.76819,182.24489 438.98644,193.0 438.98644,193.0
438.98644,193.0 438.98644,193.0 438.98644,193.0
;
451.35078,171.0 451.35078,171.0 469.92854,166.66865
447.81792,160.17495 451.35078,171.0 451.35078,171.0
451.35078,171.0 451.35078,171.0 451.35078,171.0
;
465.80847,167.62818 465.80847,167.62818 480.12075,166.11314
464.04354,149.06562 464.42561,164.0 464.99358,165.07495
462.44473,169.96123 465.80847,167.62818 465.80847,167.62818
465.80847,167.62818 465.80847,167.62818 465.80847,167.62818
;
423.55902,134.75 423.55902,134.75 432.32735,132.2049
411.6153,129.35813 423.55902,134.75 423.55902,134.75
423.55902,134.75 423.55902,134.75 423.55902,134.75
;
429.88197,121.83996 429.88197,121.83996 444.41787,117.71257
443.96614,97.118774 442.51063,84.656426 438.35625,75.776983
436.92069,57.732638 423.50004,63.180584 408.20663,78.094613
412.88508,103.6405 421.97509,120.87142 424.61102,121.19148
427.244,121.53812 429.88197,121.83996 429.88197,121.83996
429.88197,121.83996 429.88197,121.83996 429.88197,121.83996
;
429.50843,117.66667 429.50843,117.66667 429.10365,112.73119
433.08841,112.82484 435.0,105.4 416.08813,101.00542
439.99436,102.42996 430.24077,94.133417 432.19169,102.89912
423.50052,96.408853 423.86226,86.5 414.46868,83.016031
424.02774,62.866366 431.86024,72.0 441.01602,77.585069
414.71646,81.08156 428.5,85.939183 420.62888,94.695304
446.4131,85.586802 437.68004,99.43914 436.75161,105.97548
436.61265,115.32706 429.50843,117.66667 429.50843,117.66667
429.50843,117.66667 429.50843,117.66667 429.50843,117.66667
;
467.99222,304.72446 467.99222,304.72446 466.0632,300.59033
472.72551,291.80787 466.75,286.0153 451.88769,293.96827
473.0346,271.86822 475.2125,288.44256 478.75761,303.57941
469.39181,297.70702 470.05902,303.0 472.89158,301.75806
468.88665,307.15427 467.99222,304.72446 467.99222,304.72446
467.99222,304.72446 467.99222,304.72446 467.99222,304.72446
;
362.51325,298.0 362.51325,298.0 358.96182,290.42797
356.33337,274.8431 370.23039,280.0 377.18481,283.23107
374.2198,301.08615 370.28399,285.37581 364.17359,275.54658
366.70783,307.57568 364.00004,291.0 359.28662,289.5256
364.38462,296.96161 362.51329,298.0 362.51329,298.0
362.51325,298.0 362.51325,298.0 362.51325,298.0
;
