427.0,480.0 427.0,480.0 284.66667,480.0
142.33333,480.0 0.0,480.0 0.0,320.0
0.0,160.0 0.0,0.0 284.66667,0.0
569.33333,0.0 854.0,0.0 854.0,160.0
854.0,320.0 854.0,480.0 711.66667,480.0
569.33333,480.0 427.0,480.0 427.0,480.0
427.0,480.0 427.0,480.0 427.0,480.0
;
382.49937,455.85884 382.49937,455.85884 395.94049,456.8805
392.80055,437.48213 394.69455,428.44308 398.05768,403.15542
394.43241,376.65633 397.697,351.92999 404.42515,344.16746
397.32545,332.36959 399.46475,322.57367 397.57995,303.12638
401.01885,310.54307 405.76508,324.43971 411.41637,340.86918
415.07655,358.61483 427.73752,371.50005 432.59978,388.74463
443.74385,404.28683 446.64968,421.89847 451.42101,430.3158
448.09851,446.23108 460.39913,447.75068 471.80272,449.60833
484.63936,435.27008 473.69279,426.17664 464.79759,417.23894
464.08727,407.492 464.92353,396.02282 462.73443,378.73908
460.32344,361.46962 450.75562,346.50005 448.96486,334.81659
448.58501,322.94579 449.0,311.15896 464.78841,309.59737
459.17085,290.29091 463.35267,279.87953 474.44806,276.73366
479.87756,265.40655 477.21565,254.50005 476.37464,220.88938
477.54087,187.12245 477.51094,153.64107 475.2963,137.44684
472.62267,119.47481 455.57148,112.73122 448.46769,108.51295
430.06241,99.606891 446.35592,106.16946 430.21873,93.803723
440.96097,72.281812 434.05019,55.735741 429.66385,41.755278
421.0427,21.462593 403.94766,22.607533 390.27077,23.613204
378.29883,33.335044 366.9422,41.418931 359.54392,51.554657
360.58987,63.476461 364.9349,74.50005 361.99224,84.480769
360.91644,93.423532 357.672,102.48594 355.52001,113.53064
352.84473,123.79653 346.52084,133.16741 340.52402,153.26887
337.89513,174.00459 337.15251,194.94432 335.74552,205.03407
333.70503,214.13506 332.67409,224.38098 335.7877,235.90112
323.8683,240.66646 322.89063,251.39246 323.78236,262.31724
332.13904,270.71884 329.32948,282.28923 326.81352,292.89126
332.82098,305.54306 344.86535,305.00005 345.96746,297.11323
356.76172,315.75598 359.93862,319.67006 362.38942,330.56008
364.56971,340.56567 364.03794,352.40922 362.92809,371.10509
367.54484,388.8898 371.61348,406.8646 376.92927,416.91487
374.59511,427.31514 366.88858,435.54682 360.53256,444.27386
367.6795,449.8802 374.79848,454.14805 376.86869,456.54439
379.7437,455.67848 382.49937,455.85884 382.49937,455.85884
382.49937,455.85884 382.49937,455.85884 382.49937,455.85884
;
384.55282,453.82332 384.55282,453.82332 384.28735,443.71195
382.16606,449.51581 376.95402,447.92586 371.4079,452.80912
377.85856,439.10987 369.83866,445.68051 373.64292,436.02596
364.84839,449.41172 368.78539,438.47293 375.6837,431.24941
374.70879,415.77265 387.24312,418.46595 398.09899,413.66939
388.58065,435.87032 390.92954,442.51941 389.6904,447.23278
387.62115,451.93224 384.55282,453.82332 384.55282,453.82332
384.55282,453.82332 384.55282,453.82332 384.55282,453.82332
;
459.9853,445.0 459.9853,445.0 451.87226,441.28938
451.98182,428.01113 449.48288,419.85387 449.6875,408.48529
467.18507,412.21293 468.74983,423.58081 475.53275,427.9754
476.26485,443.33358 469.09562,438.12188 467.91288,447.91334
459.69172,429.04206 462.00007,443.1302 461.79939,444.2818
462.84593,446.47243 459.9853,445.0 459.9853,445.0
459.9853,445.0 459.9853,445.0 459.9853,445.0
;
382.6429,417.0 382.6429,417.0 370.927,414.83635
374.9416,397.68979 370.45221,389.0 363.7646,367.26687
370.45521,343.41981 363.01451,322.071 363.57438,310.18198
345.75256,307.11481 348.68797,294.01083 349.74063,281.82663
350.23252,270.14229 334.66748,272.77094 331.64685,267.79458
324.46708,257.80651 326.53623,249.61213 329.76008,240.03938
338.10189,233.65437 335.6191,222.17254 338.26103,211.91691
338.77717,201.58785 339.95662,190.5 342.0112,168.57364
343.40304,145.40807 353.53631,125.53721 360.447,117.65205
369.07066,113.46064 368.48994,101.549 372.04757,78.251742
368.98484,50.797521 386.10669,32.44063 393.74108,26.949308
405.04176,24.008373 413.27351,27.858094 430.9001,40.424521
433.17245,64.697354 431.92055,84.79635 433.38105,94.897838
434.97627,112.5604 448.82823,111.24018 456.27843,118.83348
467.91808,121.22693 469.88028,132.78984 479.9501,160.63043
471.82422,190.97328 473.83113,219.95927 472.49288,235.34083
475.59148,251.62397 474.1476,266.37991 467.34122,273.45777
461.39652,282.50697 454.12534,283.2569 439.0218,274.22197
439.44494,291.79829 437.34207,302.11399 443.3298,309.1828
449.41888,293.455 440.80444,310.0456 449.7987,315.15518
444.82514,331.19239 446.76594,342.21537 453.68984,358.51434
460.76489,375.22684 461.4625,393.4319 468.19592,403.66581
453.89096,419.64258 446.1439,408.59607 440.25675,395.33157
434.53824,380.83952 428.50092,368.18237 414.79207,352.583
412.03969,329.79355 403.514,310.66985 398.69053,290.50002
393.93239,308.96651 396.39545,319.75318 394.40883,330.92829
401.21761,344.07216 393.61434,352.44189 392.95704,372.4838
394.69564,393.22562 392.61599,412.85203 390.78721,415.40842
385.7976,417.07056 382.6429,417.0 382.6429,417.0
382.6429,417.0 382.6429,417.0 382.6429,417.0
;
418.24553,323.81965 418.24553,323.81965 426.15747,319.84352
424.17333,318.46132 418.85229,312.05177 418.52922,300.36782
418.20616,288.68388 417.88311,276.99993 424.27317,275.37137
412.60632,265.40941 416.46088,254.21099 419.29558,246.78431
409.81456,230.9753 418.5,229.49993 414.11578,224.39391
412.50258,215.11163 412.84554,204.36571 411.86232,194.94877
419.31087,187.60805 423.0,180.75502 420.22064,182.31449
426.00746,176.04809 414.46896,186.34962 410.57392,178.67533
401.16897,194.79072 404.08843,180.41204 411.11058,172.08211
412.36869,162.82422 413.77198,152.15329 415.90547,140.94316
412.23903,131.34572 411.2541,120.8866 412.88842,103.30279
405.40342,107.49031 408.52023,122.64441 410.05207,136.89707
396.27292,116.51626 391.72508,119.28788 392.55249,131.68951
393.3469,144.09323 394.09494,156.49991 392.25745,146.46813
375.67876,140.57971 388.22409,150.44253 387.05637,145.15756
394.1627,172.61147 392.32822,158.55745 395.84635,157.03958
391.80381,177.37453 393.62124,180.80783 396.87881,190.49744
392.6676,204.24659 393.04824,215.49991 389.04722,234.15457
385.09568,252.81967 381.21577,271.49991 390.07887,279.91866
403.09735,278.67553 413.90908,275.21092 415.12157,288.38015
416.59837,303.17876 414.97737,315.51388 413.45101,316.14774
414.96837,326.41294 418.24553,323.81965 418.24553,323.81965
418.24553,323.81965 418.24553,323.81965 418.24553,323.81965
;
397.76575,274.92105 397.76575,274.92105 385.51025,276.25447
397.91237,266.59979 385.5,261.06658 388.90853,262.63943
412.6582,270.75183 403.5,266.05218 394.86439,261.89304
420.01805,270.3337 400.89222,262.27223 416.27747,260.14196
408.55483,260.98337 410.91211,264.07546 416.40033,269.9502
403.69966,268.33233 405.42036,271.39057 418.68869,270.81432
401.59516,275.86317 397.76575,274.92105 397.76575,274.92105
397.76575,274.92105 397.76575,274.92105 397.76575,274.92105
;
412.38768,258.92105 412.38768,258.92105 407.49483,256.36818
396.32643,253.37147 400.5,253.49212 398.63152,255.00562
390.095,243.46202 393.18275,233.61653 395.32698,219.70469
397.10759,204.47612 398.22524,190.44146 406.9301,194.79321
405.43163,210.25391 403.11052,219.44389 406.49361,215.3332
407.73937,226.42775 409.22686,209.0426 409.92723,213.57748
410.94795,231.2679 411.49075,240.95637 410.99931,246.54288
413.93762,255.08921 412.38768,258.92105 412.38768,258.92105
412.38768,258.92105 412.38768,258.92105 412.38768,258.92105
;
409.13135,204.39214 409.13135,204.39214 406.59998,221.26078
403.70168,187.53624 410.9853,197.36663 411.0536,199.7785
409.60677,202.05455 409.13135,204.39214 409.13135,204.39214
409.13135,204.39214 409.13135,204.39214 409.13135,204.39214
;
397.88592,171.98469 397.88592,171.98469 394.44959,168.32043
396.67125,140.66322 399.37452,154.46805 398.23588,159.35445
404.76428,170.71187 397.88592,171.98469 397.88592,171.98469
397.88592,171.98469 397.88592,171.98469 397.88592,171.98469
;
403.97525,169.0 403.97525,169.0 399.36565,162.62146
401.2146,150.38591 399.21993,142.98456 391.4175,126.53459
400.39081,144.69687 400.64664,142.56329 399.5634,132.52762
394.95597,128.05765 400.32809,129.33988 397.00247,130.72884
406.40739,126.86018 409.75829,134.83915 411.41997,145.88261
408.29114,156.44492 405.00001,166.48643 403.96037,166.62624
406.26172,170.10702 403.97525,169.0 403.97525,169.0
403.97525,169.0 403.97525,169.0 403.97525,169.0
;
369.03138,317.0 369.03138,317.0 381.75317,312.89207
358.53105,309.04608 369.03138,317.0 369.03138,317.0
369.03138,317.0 369.03138,317.0 369.03138,317.0
;
428.14879,190.40804 428.14879,190.40804 437.72361,185.13414
418.32971,180.76806 427.16124,191.01838 427.16124,191.01838
428.14879,190.40804 428.14879,190.40804 428.14879,190.40804
;
449.38398,157.98469 449.38398,157.98469 459.38047,159.31038
460.2198,148.45365 451.99106,147.85972 454.28305,154.17535
450.64724,157.82256 449.38398,157.98469 449.38398,157.98469
449.38398,157.98469 449.38398,157.98469 449.38398,157.98469
;
410.83673,106.0 410.83673,106.0 407.97731,99.858689
421.13374,90.610727 418.04323,80.629289 418.3227,66.004188
414.31851,51.627817 407.19943,38.901711 403.4488,39.011016
387.07828,39.654819 386.46926,52.092543 382.46447,64.383619
385.94414,68.636748 384.0,78.636998 386.60988,89.141536
392.37734,107.8199 405.88916,103.71084 407.42243,100.23514
409.05849,106.33408 410.83673,106.0 410.83673,106.0
410.83673,106.0 410.83673,106.0 410.83673,106.0
;
402.62327,101.0 402.62327,101.0 394.66618,96.178053
413.02436,91.953571 395.64312,95.323294 389.43283,92.731997
406.21677,91.887152 409.21491,88.036123 402.81069,84.998805
388.88623,83.280512 402.88946,80.633195 400.71457,69.666009
404.11846,80.091294 395.54324,78.757081 398.20784,67.942436
384.86398,60.479131 393.07156,50.8505 395.76973,34.799212
417.01177,55.000311 403.53635,56.0 381.88801,64.541757
417.46127,59.510005 400.90429,63.715608 394.15514,72.016013
412.65446,71.190963 404.8309,67.323149 418.48845,64.397026
410.5503,84.003121 410.90042,92.176999 410.77916,95.945868
406.02763,100.23979 402.62327,101.0 402.62327,101.0
402.62327,101.0 402.62327,101.0 402.62327,101.0
;
393.58684,89.922922 393.58684,89.922922 391.45644,94.882411
383.58095,68.622755 389.0153,73.75 391.36095,72.272877
389.31415,56.364791 392.78205,73.505565 391.43172,79.977243
397.88344,83.985487 393.58684,89.922922 393.58684,89.922922
393.58684,89.922922 393.58684,89.922922 393.58684,89.922922
;
447.2059,309.57097 447.2059,309.57097 444.58316,311.39831
454.90419,293.80232 447.41332,290.0 440.78652,305.42869
440.75619,295.80057 444.19762,283.80201 457.72552,282.84006
462.73439,289.99559 457.27187,302.50737 456.12426,307.52685
451.65681,308.70618 447.2059,309.57097 447.2059,309.57097
447.2059,309.57097 447.2059,309.57097 447.2059,309.57097
;
339.98318,302.0 339.98318,302.0 331.12461,295.2729
336.11477,284.86107 333.15567,296.0 329.88732,287.22294
328.24209,270.32516 342.45748,276.03836 350.86948,279.81482
344.09042,303.13828 341.83798,282.89499 333.54943,277.70145
336.83355,306.77293 341.23031,298.5 340.31508,288.22243
347.03338,302.66691 339.98318,302.0 339.98318,302.0
339.98318,302.0 339.98318,302.0 339.98318,302.0
;
356.5147,115.0 356.5147,115.0 356.31707,105.50863
365.54395,103.20383 357.02945,115.0 357.02945,115.0
356.51475,115.0 356.51475,115.0 356.51475,115.0
356.5147,115.0 356.5147,115.0 356.5147,115.0
;
365.2937,90.217368 365.2937,90.217368 361.26107,96.57964
363.37471,85.74993 366.18983,80.0 364.54779,80.84074
366.8196,86.829166 365.2937,90.217368 365.2937,90.217368
365.2937,90.217368 365.2937,90.217368 365.2937,90.217368
;
367.24006,64.535516 367.24006,64.535516 361.52479,62.636319
366.25123,44.739476 374.38004,40.5 381.72493,33.983688
368.3132,56.031324 368.44995,62.056871 368.44995,62.056871
368.18214,62.852115 368.18214,62.852115 368.18214,62.852115
367.24006,64.535516 367.24006,64.535516 367.24006,64.535516
;
