427.0,480.0 427.0,480.0 284.66667,480.0
142.33333,480.0 0.0,480.0 0.0,320.0
0.0,160.0 0.0,0.0 284.66667,0.0
569.33333,0.0 854.0,0.0 854.0,160.0
854.0,320.0 854.0,480.0 711.66667,480.0
569.33333,480.0 427.0,480.0 427.0,480.0
427.0,480.0 427.0,480.0 427.0,480.0
;
48.0,478.26259 48.0,478.26259 58.408306,479.02951
78.739603,476.21381 57.686126,475.94099 50.257412,475.76052
23.655351,479.97172 44.286224,478.43286 44.286224,478.43286
46.243468,478.3431 46.243468,478.3431 46.243468,478.3431
48.0,478.26254 48.0,478.26254 48.0,478.26254
48.0,478.26259 48.0,478.26259 48.0,478.26259
;
183.25,478.79499 183.25,478.79499 199.1004,452.64338
211.03172,422.53597 227.0,395.70491 220.7954,390.0288
203.99502,395.02169 193.69266,393.47167 167.20211,393.65407
140.71157,393.83647 114.22102,394.01887 114.39579,384.85003
112.65866,380.58115 111.17659,368.67236 107.6937,341.23667
104.16873,313.80081 100.80706,286.37401 110.30928,278.1684
123.69544,266.7076 115.55456,253.04237 116.39301,243.35496
108.33812,234.32917 111.0,223.03298 108.98948,212.40325
116.251,197.45766 105.0,191.12912 100.28235,186.14204
106.35214,163.08677 102.4938,172.97219 90.438652,176.30459
102.644,158.57844 107.53642,164.67928 107.63779,165.61865
94.066009,153.32032 99.196536,142.02492 95.142335,135.31651
96.773873,124.57452 86.255616,125.0 84.205063,138.94914
79.340312,131.006 80.983688,122.48992 83.29413,116.44153
65.930959,120.667 73.5,124.768 61.491232,127.09042
65.177747,129.43986 56.399817,122.04746 61.320099,131.331
50.188684,135.47747 47.576468,124.10806 43.37751,115.97997
22.742427,130.16996 22.22093,117.85466 20.83463,110.78756
30.809229,97.149425 17.5,96.255246 7.4351876,96.060409
13.147005,80.072879 8.3231013,73.75 3.3867816,62.52923
10.164468,92.034306 3.5735088,71.785079 -1.7365823,58.709347
3.26331,86.001521 2.75,84.984687 -0.5203964,74.105686
14.507928,101.32393 0.95112338,94.775482 0.20200293,107.09618
3.0860028,107.24337 15.711196,103.24999 28.628441,106.92691
19.662878,105.25226 10.081594,106.02611 -10.67922,110.57743
14.825415,104.93281 18.0,107.88545 12.791835,116.54393
11.396672,125.4247 14.681761,135.64379 13.774982,144.23262
25.383192,160.39468 16.169909,162.95032 2.6808817,163.32571
-4.1100118,168.09375 13.0,170.09486 19.682637,176.58046
-13.030647,174.09528 10.166174,177.32296 -4.2979243,177.51924
5.4327694,183.1289 19.377906,181.0 30.604402,186.83761
23.877224,179.81343 40.85056,181.21381 55.118751,177.35202
57.90189,186.0345 57.514532,198.38679 57.449022,208.83873
63.358843,222.81934 59.815982,231.21778 58.813767,235.08251
66.231355,245.40062 64.677968,254.72838 70.770245,265.83287
45.065614,255.86 41.911192,263.23465 42.012,271.64662
31.037079,276.33602 24.0,278.13248 19.34903,276.12953
-2.255551,284.64404 6.4168183,278.91739 11.64935,276.17609
26.616546,267.15105 15.356599,270.10236 5.1583413,275.09419
2.5806125,279.32838 2.2601984,272.33919 -5.4412857,287.09043
11.460984,284.50197 21.72531,284.15476 35.678329,286.14469
47.773542,278.43888 58.952366,271.22054 48.629706,287.25326
27.065492,286.78598 10.006242,286.0 -10.955718,287.11887
14.679066,290.55791 23.221001,288.68998 39.35998,283.25915
33.770713,303.08138 36.901116,312.76942 39.714435,328.20262
41.034624,324.03848 30.881966,326.0 43.054798,327.19149
27.446544,329.13919 27.728301,329.88627 27.882455,325.16746
19.637236,332.32089 17.080985,336.0 9.572458,335.45734
16.286913,350.48788 8.0818279,343.68861 3.8817407,356.77119
2.6646655,344.2911 1.0,356.0 9.6759472,355.44475
20.501368,345.14508 16.08954,339.62753 22.940991,335.44901
23.006716,346.02498 33.228046,332.60136 43.244473,319.53015
39.645542,347.66592 42.612555,353.74474 37.441912,359.9789
20.345462,359.3832 39.955861,358.29645 45.300735,357.76038
21.971476,366.01177 15.415478,365.05293 -4.2643332,365.14933
7.148035,367.94224 7.6104983,367.80262 -8.2124616,368.64747
19.241211,370.13116 24.80718,367.83582 32.826809,366.74206
39.520948,355.25614 43.689087,362.50003 40.537084,372.92349
49.165382,374.47059 35.633484,374.59378 21.677038,375.40837
10.185823,376.11977 31.129059,375.47332 41.302951,368.88594
55.438785,384.46638 40.095396,384.63677 34.27038,384.67017
5.4761676,386.09122 23.042627,387.02088 26.988121,391.99047
28.286706,383.83074 42.749698,386.2367 51.775245,386.40446
26.421991,388.34802 48.0,388.0 46.467908,396.22742
43.193738,393.6485 48.47945,395.99783 50.38872,408.8826
53.066497,421.90368 53.943636,435.00003 46.378939,439.07384
37.43164,434.59246 30.0,436.90484 45.206579,436.65406
30.533915,442.47522 35.933377,443.13382 30.39917,451.28805
49.428545,451.41506 33.326768,451.39519 27.899924,452.80713
19.038569,449.23663 22.25,439.0 23.062623,437.98239
28.090952,435.08801 31.541237,434.16822 18.026884,436.67509
25.603751,416.72688 22.171213,408.5 24.111248,400.79234
2.5827115,389.01621 11.905976,391.954 6.4348867,385.99154
-5.1042396,394.96122 5.3992102,401.33364 12.588326,412.34127
8.8218698,426.10564 10.5,438.5 14.829773,423.83489
15.101544,404.30797 1.9333333,394.0 17.828243,393.59736
21.917937,414.08352 20.323968,426.95929 21.680158,436.09304
13.717253,448.18911 23.08099,452.0 34.83604,457.98992
30.223493,461.58009 38.548828,452.92099 50.49028,450.51111
45.935518,455.03765 56.0,447.16357 59.867107,439.00798
61.827191,465.25963 60.252955,444.58669 55.740572,404.54544
47.441792,364.37973 42.615573,324.813 50.63916,327.26131
63.859667,324.7336 74.0,324.791 72.283711,334.90086
81.396673,345.30913 83.058379,352.44919 76.631594,361.62738
63.473205,369.1802 69.476235,382.19858 71.484156,396.2902
73.492077,410.38182 75.499999,424.47344 90.112335,416.72062
76.211583,433.59569 70.06692,436.3539 67.016685,434.25328
66.232148,436.20009 66.010208,424.85265 61.321193,414.07582
60.307473,442.6733 64.811366,441.47436 56.586248,449.04646
74.461965,441.27496 65.0,447.22703 77.397976,442.30427
70.168397,459.15134 61.107087,459.91579 52.090746,462.34393
37.725499,458.29365 32.0,463.0 46.871913,461.88143
66.227828,467.74296 74.884708,451.75219 79.618166,448.6825
77.815958,453.43374 87.343362,446.93605 93.483655,440.84654
94.595055,431.43002 101.82028,425.52545 98.38707,425.60295
89.422009,437.94109 87.157174,444.86737 72.318717,452.3581
90.31858,432.15355 94.62909,427.32882 96.958774,418.44315
116.30333,410.1785 106.07647,418.89261 100.55981,435.76179
106.41755,413.56721 116.0895,421.0 127.37805,422.81757
142.56483,415.54503 150.06725,413.73391 156.29033,411.51666
166.11418,395.76292 158.94095,399.84257 152.91756,392.09751
178.17318,397.7209 184.7558,396.03655 197.82662,396.05025
210.89744,396.06405 223.96826,396.07775 208.67057,422.83886
196.12591,451.19376 182.0,478.44488 182.0,478.44488
182.0,479.1667 182.0,479.1667 182.0,479.1667
183.25,478.79502 183.25,478.79502 183.25,478.79502
183.25,478.79499 183.25,478.79499 183.25,478.79499
;
49.831787,447.42077 49.831787,447.42077 34.642112,442.67601
67.028801,436.96891 49.831787,447.42077 49.831787,447.42077
49.831787,447.42077 49.831787,447.42077 49.831787,447.42077
;
80.035643,441.26667 80.035643,441.26667 76.256424,440.75646
95.905631,419.36894 82.657048,433.42379 71.363553,447.8465
79.135104,432.70257 85.598073,425.6662 86.944403,419.07
88.150854,422.51344 89.138197,416.96738 96.523931,416.79357
103.17426,395.82871 101.78062,398.55272 109.8663,407.74315
102.97747,384.46764 103.45294,377.82317 100.31825,360.57197
101.65703,341.56303 95.185836,325.50912 92.320827,316.41
98.197863,325.0239 94.66298,308.55979 92.610717,301.68547
91.287095,276.00971 94.791946,294.33295 95.064783,308.69935
96.620836,272.97816 100.1408,292.75896 102.32538,326.59926
110.11796,360.29548 111.11339,394.00752 110.4191,399.58728
137.29786,394.57394 117.29221,399.56569 110.13511,398.51811
95.948134,407.9186 110.0,402.92963 105.25845,415.14575
92.061208,424.03069 84.707089,435.56514 83.135992,437.45373
81.655548,439.41922 80.035643,441.26667 80.035643,441.26667
80.035643,441.26667 80.035643,441.26667 80.035643,441.26667
;
80.823615,418.40004 80.823615,418.40004 74.770721,426.92815
76.941535,400.43824 74.150577,394.74332 73.812331,383.73393
65.933545,370.2387 77.677174,362.6594 80.293496,356.81924
98.799223,345.32597 89.53873,347.56659 80.473402,349.66971
76.767087,332.33048 77.197645,324.63031 76.47171,310.04618
90.804429,312.79348 92.176691,325.26665 89.426371,339.48185
96.769965,341.5381 97.658886,352.82428 97.575026,365.28542
102.56404,378.44389 101.22649,390.24443 99.316678,401.95936
80.310562,392.61213 78.897907,400.23124 90.123043,395.89119
100.11594,396.57076 88.323615,407.80738 85.843564,411.35259
83.393113,414.91848 80.823615,418.40004 80.823615,418.40004
80.823615,418.40004 80.823615,418.40004 80.823615,418.40004
;
122.0,416.62415 122.0,416.62415 105.45855,420.27174
121.0802,402.91346 108.94029,413.3232 107.59711,402.30542
124.45588,402.27667 132.71405,399.62641 139.86898,396.81909
160.71017,396.00288 151.74534,407.86791 142.73375,411.75006
132.16191,416.18933 122.0,416.62415 122.0,416.62415
122.0,416.62415 122.0,416.62415 122.0,416.62415
;
49.346765,323.48645 49.346765,323.48645 40.973373,318.36778
46.035017,320.46852 44.856904,307.78462 44.249404,298.57763
36.795379,285.17156 50.237956,282.83796 55.09569,300.78638
50.497544,278.74518 54.711482,284.57478 55.277863,274.28631
59.612617,280.75481 56.914438,292.41842 55.652358,301.22924
60.125843,309.59274 59.0398,314.5801 63.325414,315.26538
57.987283,323.04307 58.0,323.0 55.116666,323.16784
52.213107,323.0918 49.346765,323.48645 49.346765,323.48645
49.346765,323.48645 49.346765,323.48645 49.346765,323.48645
;
68.5,323.0 68.5,323.0 56.848493,325.61322
64.561689,309.14783 59.192247,302.61367 57.798904,290.19196
56.733701,273.54978 71.541317,268.98211 80.279396,267.87049
70.75858,280.33449 77.357304,286.46984 76.916377,297.36242
84.171811,310.53851 75.0,319.26972 76.485791,325.52659
72.171553,322.19475 68.5,323.0 68.5,323.0
68.5,323.0 68.5,323.0 68.5,323.0
;
91.398154,317.91667 91.398154,317.91667 85.930101,312.38873
84.714791,300.66269 83.198957,291.59997 81.834987,280.59409
82.14626,275.88855 79.172958,265.61353 84.695726,257.34964
83.179626,283.83164 88.258784,289.40414 88.008463,307.50133
88.747306,292.70505 90.477315,307.2169 90.435795,310.60317
92.28765,314.8345 91.398154,317.91667 91.398154,317.91667
91.398154,317.91667 91.398154,317.91667 91.398154,317.91667
;
41.0,316.0 41.0,316.0 39.218104,313.59863
35.833362,286.31219 38.482734,295.64782 38.666696,302.07177
44.67278,311.01498 41.0,316.0 41.0,316.0
41.0,316.0 41.0,316.0 41.0,316.0
;
80.743405,302.73776 80.743405,302.73776 77.423994,297.83219
81.722573,282.46443 82.999999,302.11803 82.040825,301.82797
80.147489,299.29639 80.743405,302.73776 80.743405,302.73776
80.743405,302.73776 80.743405,302.73776 80.743405,302.73776
;
94.457512,284.0 94.457512,284.0 85.52126,282.00478
92.899133,260.73651 87.999995,256.78255 72.06374,263.45815
97.062768,247.82967 103.9305,249.0 115.69092,247.72102
105.36755,261.59418 113.23408,256.73084 120.17401,266.12344
100.49451,284.2182 100.53344,279.0 104.2431,269.67214
111.93262,251.94974 101.61702,270.75337 96.835063,273.79229
101.30163,285.58552 94.457512,284.0 94.457512,284.0
94.457512,284.0 94.457512,284.0 94.457512,284.0
;
35.0,280.33963 35.0,280.33963 28.234349,279.42337
44.832731,270.32939 48.615744,266.71568 66.46621,265.08553
49.991054,276.37756 42.0,278.78353 39.719727,279.56991
37.397709,280.08401 35.0,280.33963 35.0,280.33963
35.0,280.33963 35.0,280.33963 35.0,280.33963
;
63.519287,271.0 63.519287,271.0 67.788531,261.30941
81.677778,263.63633 64.205274,271.0 64.205274,271.0
63.51932,271.0 63.51932,271.0 63.51932,271.0
63.519287,271.0 63.519287,271.0 63.519287,271.0
;
68.484332,262.0 68.484332,262.0 75.209563,259.13685
72.018632,245.13527 70.83622,235.72732 69.465308,217.52656
64.447056,199.11892 65.5,181.15883 73.260337,176.37146
87.757251,182.62647 98.12189,181.84559 106.44703,188.36379
99.84325,203.97555 101.80151,214.29096 101.69618,225.11865
102.01162,246.2041 100.55731,224.14515 95.656233,233.67756
100.99681,230.65966 101.11881,242.5 101.13201,248.21005
86.072437,251.10468 78.919013,254.23189 71.780888,254.54186
76.255619,261.90888 68.484332,262.0 68.484332,262.0
68.484332,262.0 68.484332,262.0 68.484332,262.0
;
69.791555,255.2528 69.791555,255.2528 64.577377,257.79202
67.777188,237.6604 69.791555,255.2528 69.791555,255.2528
69.791555,255.2528 69.791555,255.2528 69.791555,255.2528
;
112.83632,245.76448 112.83632,245.76448 104.53406,253.76364
107.74232,230.57924 112.83632,245.76448 112.83632,245.76448
112.83632,245.76448 112.83632,245.76448 112.83632,245.76448
;
106.64951,240.74992 106.64951,240.74992 100.21091,239.75376
105.68672,220.57451 104.42845,212.71262 103.05659,202.35927
107.69589,183.6984 108.62294,203.90482 107.45922,214.6475
111.69649,230.48424 107.20029,238.0838 97.437071,238.30117
116.16869,238.93288 106.64951,240.74992 106.64951,240.74992
106.64951,240.74992 106.64951,240.74992 106.64951,240.74992
;
58.820116,179.25682 58.820116,179.25682 47.676396,178.04054
64.991609,173.22513 73.982715,170.58745 85.679469,166.14389
88.200575,165.36959 93.630834,163.51205 95.16127,162.39531
78.42791,151.21609 86.55974,150.382 97.348399,156.26647
85.167065,149.35333 94.639594,146.54568 94.908854,125.00233
98.593611,145.42055 97.458124,156.02208 108.6042,167.22731
84.390064,166.52242 89.0,171.58324 81.460518,174.17262
66.906595,172.09912 58.820116,179.25682 58.820116,179.25682
58.820116,179.25682 58.820116,179.25682 58.820116,179.25682
;
88.916667,158.98635 88.916667,158.98635 102.02039,157.85907
81.70403,153.06661 88.916667,158.98635 88.916667,158.98635
88.916667,158.98635 88.916667,158.98635 88.916667,158.98635
;
25.5,178.7807 25.5,178.7807 2.3549229,178.8128
38.239335,177.86893 26.421596,176.34511 35.943566,176.84271
38.234541,180.39789 25.5,178.7807 25.5,178.7807
25.5,178.7807 25.5,178.7807 25.5,178.7807
;
89.75,178.7944 89.75,178.7944 77.803816,179.3821
62.604443,175.70317 83.518319,176.00004 86.348034,175.65232
95.066577,175.64831 89.75,178.7944 89.75,178.7944
89.75,178.7944 89.75,178.7944 89.75,178.7944
;
19.418213,177.0 19.418213,177.0 20.427149,167.60654
38.759644,177.80227 20.5,173.93963 25.166446,176.22087
22.395998,175.95484 19.418213,177.0 19.418213,177.0
19.418213,177.0 19.418213,177.0 19.418213,177.0
;
47.822387,173.0 47.822387,173.0 47.290718,170.25592
68.036306,163.35401 52.0,159.75 43.300588,159.7378
54.090241,147.58545 52.0,154.42835 61.219584,166.69728
55.915541,150.24759 60.76638,154.17217 63.557134,151.0199
73.262893,153.47539 69.956767,155.50478 68.311871,155.28881
52.916253,157.14604 69.848217,161.01253 85.303012,160.00329
59.06134,165.60198 58.65098,169.05032 72.506414,166.85117
72.723683,169.2418 59.205325,170.53468 54.736786,167.98291
51.918139,172.88914 47.822387,173.0 47.822387,173.0
47.822387,173.0 47.822387,173.0 47.822387,173.0
;
29.580518,167.37485 29.580518,167.37485 15.221059,164.59262
28.718464,165.01635 36.747184,166.58612 35.130286,168.06744
31.698033,166.85504 29.580518,167.37485 29.580518,167.37485
29.580518,167.37485 29.580518,167.37485 29.580518,167.37485
;
52.166667,167.0 52.166667,167.0 46.884642,158.70078
45.256199,161.78558 55.387866,161.91393 52.310921,163.59385
52.826257,166.97481 52.166667,167.0 52.166667,167.0
52.166667,167.0 52.166667,167.0 52.166667,167.0
;
85.936126,162.93232 85.936126,162.93232 76.953187,161.01865
88.442295,135.99574 74.917431,139.04603 69.342691,139.37662
43.505917,139.87611 53.916987,135.5 66.73241,135.71033
79.532087,135.296 92.322142,134.5 86.166848,135.75948
83.580297,149.30448 83.126861,144.45796 80.551788,150.83664
87.970869,164.58148 85.936126,162.93232 85.936126,162.93232
85.936126,162.93232 85.936126,162.93232 85.936126,162.93232
;
78.559017,161.0 78.559017,161.0 63.656317,161.73236
81.322702,152.13117 80.0,161.0 80.0,161.0
78.559017,161.0 78.559017,161.0 78.559017,161.0
;
25.956181,160.0 25.956181,160.0 18.272615,157.32454
22.002992,142.18675 17.317428,135.0 13.347136,130.05788
16.480073,104.04639 20.435412,118.50679 26.531586,126.26117
19.898446,126.2631 24.463948,139.0 24.133591,146.97018
31.496054,155.47808 25.956181,160.0 25.956181,160.0
25.956181,160.0 25.956181,160.0 25.956181,160.0
;
31.419633,157.0 31.419633,157.0 30.615963,151.38059
23.908956,137.84079 27.841091,135.0 33.00706,152.32746
29.740068,133.53859 38.557637,138.90674 41.681839,135.10093
46.552614,140.56412 33.999994,142.12255 40.201114,142.32376
33.19093,149.76102 31.419633,157.0 31.419633,157.0
31.419633,157.0 31.419633,157.0 31.419633,157.0
;
60.059017,152.0 60.059017,152.0 46.274283,150.15421
60.359892,146.68108 51.5,144.12677 54.833076,144.52304
67.947957,148.58573 60.059017,152.0 60.059017,152.0
60.059017,152.0 60.059017,152.0 60.059017,152.0
;
70.75,150.27457 70.75,150.27457 67.674797,147.74294
86.845703,140.07595 75.142857,147.0 73.680062,148.09385
72.840613,150.1586 70.75,150.27457 70.75,150.27457
70.75,150.27457 70.75,150.27457 70.75,150.27457
;
43.608557,144.224 43.608557,144.224 41.943273,147.32828
42.558317,127.16347 44.958682,132.95794 43.037895,136.43375
49.354855,144.41883 43.608557,144.224 43.608557,144.224
43.608557,144.224 43.608557,144.224 43.608557,144.224
;
21.25,100.87483 21.25,100.87483 5.564063,100.6434
15.341142,94.297104 22.0,101.0 22.0,101.0
21.25,100.87483 21.25,100.87483 21.25,100.87483
;
683.58651,479.0 683.58651,479.0 682.88299,472.50505
671.83948,460.7871 667.17304,452.33654 663.08925,439.61478
649.68465,428.68498 644.97083,417.0 641.53336,411.84538
623.05617,395.38396 638.93517,398.44415 647.3266,397.78889
666.84142,398.97624 666.0,399.0 669.64057,396.52799
686.06302,400.34686 695.19502,399.0929 747.79885,399.65739
800.4157,399.44678 853.0,401.17392 852.39062,393.99354
848.97925,389.89976 850.16857,396.52699 850.84631,399.88338
828.99099,396.73074 821.15296,397.62721 773.13762,397.11272
725.12304,396.48748 677.10407,396.49992 680.59196,393.81285
667.87887,379.59845 666.77485,390.5966 671.30228,399.77859
649.12698,394.00034 642.25052,395.90057 623.41932,391.3627
628.50809,403.37201 638.16717,412.85449 640.07612,417.41004
649.87301,428.76597 654.70963,436.46187 670.22559,450.62528
654.23803,448.00188 641.82134,447.28122 638.23054,447.08566
643.19614,449.32359 641.38169,449.81814 653.26889,451.60772
666.92534,447.73457 671.1096,462.47968 675.45065,467.4454
678.16311,476.15712 683.58651,478.99998 683.58651,478.99998
683.58651,479.0 683.58651,479.0 683.58651,479.0
;
12.400085,476.70044 12.400085,476.70044 19.349617,468.56602
1.5676631,473.34154 12.400085,476.70044 12.400085,476.70044
12.400085,476.70044 12.400085,476.70044 12.400085,476.70044
;
80.346791,468.0 80.346791,468.0 95.267579,460.46826
81.35933,466.19775 87.713737,457.99621 88.029477,446.78098
71.956791,458.96642 78.216123,464.01016 75.725899,465.38262
77.763704,469.39403 80.346791,468.0 80.346791,468.0
80.346791,468.0 80.346791,468.0 80.346791,468.0
;
81.051027,465.0 81.051027,465.0 78.622437,457.73245
89.920056,451.93468 82.102053,465.0 82.102053,465.0
81.051027,465.0 81.051027,465.0 81.051027,465.0
;
60.869554,457.0 60.869554,457.0 75.43709,452.33248
56.469109,453.30161 59.841268,457.0 59.841268,457.0
60.869554,457.0 60.869554,457.0 60.869554,457.0
;
623.0,449.65059 623.0,449.65059 645.76224,449.60189
607.49664,448.662 618.4186,449.65059 619.94574,449.65059
621.47287,449.65059 623.0,449.65059 623.0,449.65059
623.0,449.65059 623.0,449.65059 623.0,449.65059
;
623.0,447.65059 623.0,447.65059 645.76224,447.60189
607.49664,446.662 618.4186,447.65059 619.94574,447.65059
621.47287,447.65059 623.0,447.65059 623.0,447.65059
623.0,447.65059 623.0,447.65059 623.0,447.65059
;
356.82692,442.96959 356.82692,442.96959 370.13885,443.09455
368.05677,425.28866 373.00041,416.49999 372.42524,405.55946
377.88039,395.96652 377.45872,384.77469 383.23859,370.62253
378.96296,353.26595 388.97757,341.7588 387.93855,332.47107
392.8972,323.24982 393.54946,313.67075 393.56426,296.32282
399.74063,303.30341 400.14962,316.22116 402.54512,331.86949
405.33549,348.90747 414.01551,361.20413 415.36758,375.97649
421.31204,390.44045 423.36106,404.79966 430.67424,420.81626
418.38597,413.50516 426.38831,424.5542 430.16432,432.82293
433.96995,445.4888 445.49992,439.88806 456.86311,437.36244
458.52267,424.37682 449.19927,417.89947 438.61644,409.19535
447.27581,396.91223 444.55515,385.56036 445.43988,368.7661
442.2289,352.48697 437.64405,336.54109 437.01596,326.33015
437.66255,314.80199 442.80794,306.6832 453.99379,300.28664
451.55448,287.60549 454.19387,277.09109 464.95999,274.01516
468.21558,265.38645 468.79432,254.18855 468.40747,231.55111
467.76733,208.82939 463.73404,186.62434 464.5823,171.85892
461.46391,156.76294 458.4869,143.02106 456.31682,139.43596
459.14127,141.28935 450.82019,130.55259 439.11092,121.00815
419.17,113.82354 422.72954,95.0 422.05921,78.39215
416.87847,59.576237 404.19303,48.303696 389.12012,39.642186
371.38938,51.313343 359.78809,61.174522 352.12772,68.273705
350.94313,80.880986 357.10369,89.449944 356.46692,94.90641
350.43857,120.14339 357.18589,109.79536 359.53944,112.71895
353.60018,125.64569 351.99992,132.73028 343.37054,141.81904
342.88149,154.03135 343.67208,165.54206 340.426,179.72427
341.70223,195.22245 339.93241,209.17142 337.13818,218.68618
340.38985,230.82366 336.05714,240.06353 328.53032,247.65221
330.19215,259.90447 337.19849,267.25717 337.64921,274.01008
334.47064,283.57384 339.25479,293.72909 344.73703,307.96334
339.49491,303.45585 345.74996,298.55314 354.93933,296.82402
353.82122,299.54605 356.14082,310.93773 360.22324,334.07841
349.96005,356.43482 353.1171,379.65136 352.41438,390.04768
353.59144,400.81381 354.57655,410.60782 352.23977,420.00178
334.18158,430.36482 346.67554,439.01598 349.35002,441.78475
352.85909,443.72999 356.82688,442.96959 356.82688,442.96959
356.82692,442.96959 356.82692,442.96959 356.82692,442.96959
;
357.54966,441.0 357.54966,441.0 359.52592,434.72259
357.86239,432.64368 352.0,435.21398 360.10469,445.23297
334.68723,432.85172 348.85447,424.83538 356.79357,416.62239
355.36977,403.80491 369.5,408.77617 369.27422,418.84736
367.8337,430.97982 362.21145,438.87354 360.65265,439.45787
359.20959,440.86979 357.54966,441.0 357.54966,441.0
357.54966,441.0 357.54966,441.0 357.54966,441.0
;
438.11192,438.0 438.11192,438.0 431.2645,431.8582
428.31927,419.05252 427.74167,409.0 440.73268,405.05145
444.10327,414.93478 450.84896,423.90635 450.35389,426.77377
454.29394,433.82035 445.49392,432.3392 441.65253,427.12586
432.82257,437.51819 441.05193,435.75315 441.23167,435.62913
439.75411,439.78948 438.11192,438.0 438.11192,438.0
438.11192,438.0 438.11192,438.0 438.11192,438.0
;
432.4149,407.0 432.4149,407.0 421.61177,407.2253
425.29958,390.72753 421.74001,383.5 416.84637,370.86853
417.78741,356.93586 409.05539,345.99834 404.6636,326.73499
400.67146,307.19518 398.5,287.5 391.58402,292.27385
392.81788,308.83729 389.49917,318.32646 387.47856,327.63072
387.76638,338.92934 382.0,345.30998 378.86925,357.94783
378.59044,373.55002 374.0,387.12741 375.13061,396.84608
372.37295,409.97091 359.71857,406.0 351.93688,399.48016
357.83276,385.40734 355.50269,375.95315 352.97267,349.69952
367.20774,321.90027 354.82521,296.76132 352.30683,287.73197
360.07197,267.73435 344.8431,270.70613 338.35708,269.65491
334.25636,257.50923 334.0,250.1302 341.79793,240.58918
340.66296,229.22235 342.24879,217.93981 342.49947,208.65294
343.67753,198.94731 344.33341,188.74764 343.94802,173.56792
347.37237,158.84617 348.97597,144.00752 353.61591,133.03819
365.4749,127.49942 362.10407,113.84776 364.38804,93.712301
362.08167,70.83218 375.25729,54.021211 383.54906,49.925678
393.28129,46.327676 401.50427,50.364224 418.45746,62.918925
415.6637,85.060323 417.86347,103.5 420.47272,114.0691
424.84872,123.7186 436.68683,124.09784 444.42259,129.34222
452.97802,134.72328 454.80593,143.5 462.15373,161.51003
459.5933,181.01805 462.5587,199.59686 466.17482,220.26329
465.82345,242.35596 464.66365,263.70467 459.58591,270.67804
452.14919,277.73593 446.8563,281.0 435.79359,274.4753
429.12159,280.14075 429.19251,292.21638 424.02848,307.82559
444.19278,288.74195 431.90498,304.82622 440.3658,306.71697
435.40787,315.87697 434.87658,325.41456 432.22878,342.26893
443.11245,357.35002 441.23234,374.40999 440.48451,384.68772
445.73896,399.0068 437.61637,406.32166 436.39996,407.92762
434.06446,406.53715 432.4149,407.0 432.4149,407.0
432.4149,407.0 432.4149,407.0 432.4149,407.0
;
411.03138,317.0 411.03138,317.0 424.37854,313.38572
409.75724,309.0307 411.25,299.996 411.1115,293.14005
408.2139,279.16308 411.03392,273.70198 412.42144,270.04452
404.92746,259.63587 406.81931,250.10181 402.49334,240.11498
408.50049,229.57071 405.32857,226.56819 400.77201,221.12022
401.83814,205.8576 402.95261,196.93997 411.5406,180.54327
402.08757,195.8437 403.50002,190.50057 398.19224,187.25895
389.32952,197.43613 393.01595,186.57753 402.33897,173.30467
403.46886,154.77175 399.66688,139.89548 395.60112,136.39356
400.1913,108.48237 395.43069,121.61361 394.5268,131.67871
398.97058,143.23735 386.0,134.0 380.16112,126.05958
384.2865,153.06024 383.6962,160.04103 385.61846,178.65174
381.32619,156.39514 374.69098,155.69098 374.18671,153.78546
377.05463,159.36251 380.00259,168.04519 383.0833,182.43648
383.29834,162.49335 385.0,181.77778 376.90339,183.20847
388.19104,197.02246 384.0,207.546 384.54496,228.12436
377.04774,249.08729 377.76051,269.09994 385.46623,277.80581
403.00596,269.11324 406.27063,277.0623 407.68186,290.37389
409.29387,303.6514 409.0,317.0 409.0,317.0
410.9593,317.0 410.9593,317.0 410.9593,317.0
411.03138,317.0 411.03138,317.0 411.03138,317.0
;
397.46246,271.40763 397.46246,271.40763 386.01269,275.50556
382.41578,258.42272 393.5,264.32985 375.60306,256.45586
415.84218,268.5782 394.78532,261.25508 414.16493,264.1831
386.03462,257.83651 401.27224,259.05947 410.68283,264.47391
390.56007,266.769 401.81259,270.52064 400.87927,271.87146
398.66849,270.61384 397.46246,271.40763 397.46246,271.40763
397.46246,271.40763 397.46246,271.40763 397.46246,271.40763
;
402.0,256.0 402.0,256.0 391.21053,247.34597
401.48293,254.1975 392.0,250.90938 388.78196,248.2397
386.19987,243.24384 388.41508,238.66502 380.99847,226.85347
389.40191,230.2812 386.03177,222.31568 389.30729,231.98877
394.2498,227.99333 387.01232,217.49994 389.57537,208.62324
384.87987,201.85197 391.0,205.95034 384.36617,189.75402
397.45184,205.19381 395.33794,214.09083 396.64752,206.95748
397.37337,194.26423 398.0,213.87791 403.96282,224.69326
398.037,240.89787 403.72802,252.38874 404.02387,253.51905
405.09629,257.74568 402.0,256.0 402.0,256.0
402.0,256.0 402.0,256.0 402.0,256.0
;
390.7011,177.81642 390.7011,177.81642 385.16241,178.90336
387.60033,147.63027 392.03209,160.84068 395.36483,163.16502
382.53571,139.17736 388.99997,144.0 393.18368,134.48391
399.54495,146.91529 397.23068,155.35093 396.7984,162.59445
399.79587,175.81518 390.7011,177.81642 390.7011,177.81642
390.7011,177.81642 390.7011,177.81642 390.7011,177.81642
;
369.86434,310.78761 369.86434,310.78761 379.2385,303.36931
359.30441,305.95688 369.86434,310.78761 369.86434,310.78761
369.86434,310.78761 369.86434,310.78761 369.86434,310.78761
;
414.60339,195.0 414.60339,195.0 425.22282,185.31244
401.68059,186.99033 414.60339,195.0 414.60339,195.0
414.60339,195.0 414.60339,195.0 414.60339,195.0
;
376.26642,193.0 376.26642,193.0 381.06626,184.19267
365.8804,186.06695 376.26642,193.0 376.26642,193.0
376.26642,193.0 376.26642,193.0 376.26642,193.0
;
433.60078,164.98469 433.60078,164.98469 441.40259,164.14995
443.21429,156.40598 434.82089,156.2827 436.8223,164.16453
433.30167,160.91263 433.60078,164.98469 433.60078,164.98469
433.60078,164.98469 433.60078,164.98469 433.60078,164.98469
;
388.726,118.53732 388.726,118.53732 406.69064,115.78246
403.39385,93.686135 400.51796,80.663806 397.56679,72.555975
396.25906,54.419685 383.5,60.267297 371.64059,65.330165
371.27237,80.435448 372.02305,90.822089 372.45741,101.33567
378.10361,115.46412 387.85312,118.75492 387.85312,118.75492
388.726,118.53732 388.726,118.53732 388.726,118.53732
;
388.1721,115.0 388.1721,115.0 391.32597,109.85436
379.00318,110.26277 388.0,107.0 404.75653,102.00402
372.19631,99.54312 385.58226,95.330061 392.92243,101.60259
383.14831,84.842325 387.26462,93.666667 373.98034,99.928456
387.33902,81.933027 376.43633,78.791422 376.73511,71.444902
385.0695,58.408204 391.77741,68.5 399.23847,75.780289
370.38143,80.632612 386.54504,80.0 378.27685,87.881858
395.4403,88.572835 393.87325,85.070282 399.38708,87.566492
398.09131,107.10412 393.01727,112.97395 391.40088,113.54601
389.95427,115.15126 388.1721,115.0 388.1721,115.0
388.1721,115.0 388.1721,115.0 388.1721,115.0
;
380.28752,103.30618 380.28752,103.30618 375.71471,110.69717
377.83853,82.424671 377.0,83.216556 379.31416,92.003625
378.99414,97.12995 380.28752,103.30618 380.28752,103.30618
380.28752,103.30618 380.28752,103.30618 380.28752,103.30618
;
436.5,304.53153 436.5,304.53153 437.47638,307.95315
442.51445,274.86659 434.5,291.0 430.53763,306.3459
431.34246,269.34667 442.5,282.70819 456.3833,281.13298
449.90101,304.80761 438.5,303.74281 438.5,303.74281
436.67731,304.46161 436.67731,304.46161 436.67731,304.46161
436.5,304.53153 436.5,304.53153 436.5,304.53153
;
347.42431,296.95936 347.42431,296.95936 337.44362,293.61304
338.29299,281.53746 340.18768,273.00004 352.38812,265.40272
353.92036,287.2131 349.36535,285.73881 348.21061,272.67426
341.08353,282.91993 343.5,291.83954 343.4215,292.49933
350.45484,297.89269 347.42431,296.95936 347.42431,296.95936
347.42431,296.95936 347.42431,296.95936 347.42431,296.95936
;
358.54939,85.0 358.54939,85.0 353.46648,76.485431
359.92424,66.203973 364.43695,59.897967 367.60517,56.313094
369.17714,57.808887 363.7434,69.955153 361.95781,74.861689
360.70588,80.621996 358.54939,85.0 358.54939,85.0
358.54939,85.0 358.54939,85.0 358.54939,85.0
;
8.8259166,435.50742 8.8259166,435.50742 3.2474781,421.86496
-5.3731453,424.30138 8.8259166,435.50742 8.8259166,435.50742
8.8259166,435.50742 8.8259166,435.50742 8.8259166,435.50742
;
67.369765,422.4116 67.369765,422.4116 71.296537,408.16341
61.429166,415.03439 67.369765,422.4116 67.369765,422.4116
67.369765,422.4116 67.369765,422.4116 67.369765,422.4116
;
61.616437,416.0 61.616437,416.0 68.541597,409.80016
56.178577,400.95543 61.712957,392.5 57.433158,396.5973
59.337434,387.90998 59.160657,383.1015 61.051203,374.5957
45.735664,362.09023 59.081897,359.44992 55.330269,355.30164
58.502996,359.47612 64.881965,356.0 52.032058,356.12245
51.197667,360.73 49.743024,345.57316 46.467796,326.02805
50.087912,354.27002 49.814784,361.5 53.338299,378.92845
56.506104,397.30907 60.412791,413.96577 61.496294,413.94347
59.211175,417.3792 61.616431,416.0 61.616431,416.0
61.616437,416.0 61.616437,416.0 61.616437,416.0
;
515.11611,401.84637 515.11611,401.84637 521.02949,404.30324
507.64284,384.44484 514.26281,403.19275 514.26281,403.19275
515.11608,401.84637 515.11608,401.84637 515.11608,401.84637
515.11611,401.84637 515.11611,401.84637 515.11611,401.84637
;
23.659316,399.30049 23.659316,399.30049 23.828213,399.47872
21.233094,387.91926 14.392046,387.25 9.055122,386.59271
22.455263,396.85615 23.659316,399.30049 23.659316,399.30049
23.659316,399.30049 23.659316,399.30049 23.659316,399.30049
;
545.5,396.63477 545.5,396.63477 568.8301,396.90635
539.02165,397.91406 537.4593,396.63177 540.13933,396.63272
542.82087,396.63477 545.5,396.63477 545.5,396.63477
545.5,396.63477 545.5,396.63477 545.5,396.63477
;
568.0,395.64101 568.0,395.64101 584.70983,396.16733
554.841,393.46851 548.70386,394.28411 528.1252,394.20521
539.64283,394.71588 553.37183,395.26721 558.2445,395.55407
563.11954,395.65819 568.0,395.64101 568.0,395.64101
568.0,395.64101 568.0,395.64101 568.0,395.64101
;
471.0,393.61464 471.0,393.61464 491.29678,394.20726
475.7985,392.45445 464.75,393.2596 452.47782,393.77832
465.31499,393.58443 470.25581,393.61464 470.25581,393.61464
471.0,393.61464 471.0,393.61464 471.0,393.61464
;
325.5,392.58317 325.5,392.58317 343.15165,392.68562
347.46138,392.54867 327.46975,391.97547 317.94995,392.10148
296.30564,392.82627 318.25581,392.58291 320.67039,392.58285
323.08624,392.58391 325.5,392.58317 325.5,392.58317
325.5,392.58317 325.5,392.58317 325.5,392.58317
;
14.0,316.71687 14.0,316.71687 35.560704,317.51391
19.451452,314.53923 7.0871707,316.28044 -9.0552994,316.92269
10.255601,316.55944 14.0,316.71687 14.0,316.71687
14.0,316.71687 14.0,316.71687 14.0,316.71687
;
8.0950124,269.96959 8.0950124,269.96959 10.091363,264.03916
30.196584,259.15291 15.59311,255.91858 1.4357608,251.65162
-0.42339014,259.42201 5.6000753,261.42183 1.1144142,258.77817
-2.5058872,269.75297 8.0950124,269.96959 8.0950124,269.96959
8.0950124,269.96959 8.0950124,269.96959 8.0950124,269.96959
;
52.110804,258.79687 52.110804,258.79687 59.721485,249.4065
27.836042,258.87613 44.0,255.75511 58.194011,263.56734
35.823792,249.51637 52.110804,258.79687 52.110804,258.79687
52.110804,258.79687 52.110804,258.79687 52.110804,258.79687
;
5.25,239.85209 5.25,239.85209 12.356552,237.5525
24.367871,237.08421 27.765544,233.39861 25.892254,234.71955
22.438004,220.13102 21.082264,212.59474 16.219307,199.11325
22.578142,193.95694 10.423131,199.52867 -8.2114493,201.2999
23.264554,197.00271 15.099361,207.26965 6.8392522,219.64977
23.273563,197.95612 20.16086,217.5 23.78569,228.56195
25.048921,238.09486 9.9102819,235.241 8.1881252,235.46855
-6.2841101,240.60454 5.25,239.85209 5.25,239.85209
5.25,239.85209 5.25,239.85209 5.25,239.85209
;
50.95016,198.5308 50.95016,198.5308 54.071888,184.15167
50.290701,179.25239 50.07357,197.19545 50.942991,196.70363
48.667308,201.31686 50.95016,198.5308 50.95016,198.5308
50.95016,198.5308 50.95016,198.5308 50.95016,198.5308
;
115.40886,174.89313 115.40886,174.89313 114.95134,160.89769
110.16326,162.61178 115.04708,175.28626 115.04708,175.28626
115.40886,174.89313 115.40886,174.89313 115.40886,174.89313
;
16.553495,158.0 16.553495,158.0 18.298129,152.28201
10.5596,130.54388 13.859216,147.9376 15.016085,150.84227
14.812574,155.95717 16.553495,158.0 16.553495,158.0
16.553495,158.0 16.553495,158.0 16.553495,158.0
;
848.25,145.89601 848.25,145.89601 861.68308,143.22559
836.53121,143.12033 830.64982,141.15579 823.62603,138.70406
802.4275,136.40136 809.10055,127.36056 819.58581,105.44727
837.22654,87.847547 845.40122,65.047834 852.66185,53.994156
854.98672,37.704593 846.24876,57.801856 839.2562,73.223108
832.33409,87.503977 822.06934,101.13564 816.24716,111.84045
806.54666,122.53579 804.53389,134.10154 818.33753,141.01851
832.73816,145.42629 848.25,145.89601 848.25,145.89601
848.25,145.89601 848.25,145.89601 848.25,145.89601
;
6.2051288,137.0 6.2051288,137.0 2.0346482,129.08244
12.26852,126.24685 8.0608174,118.5 6.9440095,132.6999
-3.4222641,117.92994 6.2051288,137.0 6.2051288,137.0
6.2051288,137.0 6.2051288,137.0 6.2051288,137.0
;
