427.0,480.0 427.0,480.0 284.66667,480.0
142.33333,480.0 0.0,480.0 0.0,320.0
0.0,160.0 0.0,0.0 284.66667,0.0
569.33333,0.0 854.0,0.0 854.0,160.0
854.0,320.0 854.0,480.0 711.66667,480.0
569.33333,480.0 427.0,480.0 427.0,480.0
427.0,480.0 427.0,480.0 427.0,480.0
;
372.31574,426.90195 372.31574,426.90195 386.21207,429.29519
381.04816,411.00831 382.91687,402.63284 386.6759,383.17648
389.71226,362.98799 394.33203,343.87907 403.77995,329.62698
403.97031,311.00564 407.69578,294.50005 409.14478,273.61821
412.8779,291.92675 414.96737,302.3406 417.12929,316.51082
417.7615,331.49649 425.82735,344.50005 426.03629,360.09455
432.6298,374.59174 432.93475,390.2165 437.52872,399.10775
433.15525,411.35996 442.48304,418.96794 447.17987,432.83396
469.11629,426.05555 467.0,412.4626 460.94587,404.46347
448.24923,396.962 454.92018,385.50005 454.25718,364.33881
456.30981,342.82964 449.1555,322.50005 450.98806,309.70102
449.00587,295.49409 458.66971,285.75545 462.21186,277.08687
461.05624,264.39066 461.71326,258.00005 472.7803,247.49144
467.94277,231.59419 475.86882,219.50005 482.13402,203.64306
475.68496,187.02178 476.60305,170.56483 473.65569,154.34845
472.02536,134.93214 459.13141,124.17653 447.04255,119.5868
434.33429,109.03989 436.71917,94.638182 436.58258,76.619547
432.13785,54.496501 415.55038,45.016627 400.71423,40.530665
388.20904,50.951398 376.9943,59.380342 368.68974,69.287067
375.26259,81.091775 374.42825,91.664787 372.90258,104.51902
368.38333,117.00939 363.52019,128.50001 349.35489,150.48332
352.11456,178.47847 348.0116,203.45837 348.42563,214.55941
345.84889,227.26765 347.9439,237.46535 344.6805,248.08799
356.78614,256.11666 359.19774,265.82554 359.50264,278.21217
362.81907,289.93312 368.02901,300.62957 370.90222,313.05987
369.1098,319.72348 368.14197,325.45912 364.87176,341.59259
362.34952,357.82511 363.72456,374.4784 361.47492,385.53773
369.87097,396.11621 361.44376,405.78237 353.68437,413.90203
357.06407,423.49892 367.18121,426.62229 368.73268,427.15336
370.66034,426.69379 372.31572,426.90195 372.31572,426.90195
372.31574,426.90195 372.31574,426.90195 372.31574,426.90195
;
451.6153,424.0 451.6153,424.0 442.7382,418.29389
438.34977,405.63274 437.85609,395.0 450.80615,390.66556
453.5851,403.30681 461.68033,410.06873 464.5817,416.33362
464.11609,418.89736 456.72574,420.47253 448.47674,410.74605
454.04598,425.8361 451.61533,424.0 451.61533,424.0
451.6153,424.0 451.6153,424.0 451.6153,424.0
;
366.93605,419.85122 366.93605,419.85122 365.13491,417.29202
356.56638,413.73568 359.38058,416.60866 364.31057,409.46743
365.19421,394.20507 374.32481,395.5 386.18003,393.45931
379.11351,413.61921 378.13881,421.01301 371.68085,415.53769
372.47315,420.85318 366.93605,419.85122 366.93605,419.85122
366.93605,419.85122 366.93605,419.85122 366.93605,419.85122
;
376.0,393.32845 376.0,393.32845 362.27411,394.90033
368.28547,376.08226 366.50751,367.5837 363.21286,344.94436
377.47792,323.44892 370.65356,300.93563 369.56601,291.57982
361.51147,284.11986 363.0,273.69992 365.73995,282.7037
380.78637,288.98916 385.79419,282.12904 375.39092,276.48562
394.07625,275.65019 382.18203,264.18583 380.47732,246.6225
362.73379,266.44582 360.66204,259.5635 353.11745,252.45486
347.78927,243.1593 353.45021,233.06665 353.48571,221.81115
348.28191,210.37165 351.11337,198.59237 354.74867,176.79388
353.42768,152.72078 364.13866,132.5 372.10637,125.28385
380.96154,120.36582 379.24097,107.63475 381.85758,88.494052
378.74365,63.737951 395.393,50.598404 404.6436,45.297326
416.86131,45.701804 423.18663,55.426754 433.99908,70.167491
431.33284,88.478116 432.61107,105.32107 433.85593,119.19118
445.52935,118.25557 453.87997,126.0 467.16813,130.14176
468.55954,148.5868 472.24999,160.43048 474.79366,176.80776
475.75357,193.95905 475.23002,210.29231 472.36137,221.87017
465.95826,231.98877 466.99121,244.40518 457.76029,249.45884
460.48432,268.25044 454.17121,262.00007 455.55518,268.38297
461.81445,275.56704 454.98275,286.86707 445.00743,296.41815
447.95588,312.37373 446.65865,324.90008 453.54361,345.75808
452.00723,367.59194 451.49995,389.17838 442.60928,399.29554
431.99794,389.57168 434.60542,378.23348 429.53476,362.04027
430.53853,344.43295 422.1798,329.50007 419.25296,313.12038
416.85781,296.61821 412.99995,280.41299 407.10957,270.41734
405.74498,290.67125 404.5996,296.34715 401.10842,310.41726
400.56372,326.35786 394.19455,338.30996 387.69684,350.81291
387.78451,365.93771 384.00202,379.45937 384.33827,384.85453
383.13639,393.789 376.0,393.32845 376.0,393.32845
376.0,393.32845 376.0,393.32845 376.0,393.32845
;
423.16807,306.0 423.16807,306.0 435.78471,300.34182
418.06348,294.52188 424.25198,283.02013 426.09157,263.38121
418.17706,280.81278 420.87412,290.56019 421.93865,295.08288
418.03872,304.00047 423.16807,306.0 423.16807,306.0
423.16807,306.0 423.16807,306.0 423.16807,306.0
;
422.73221,290.25 422.73221,290.25 422.05142,302.07299
422.06388,263.52667 423.115,286.0 422.9874,287.41667
422.85981,288.83333 422.73221,290.25 422.73221,290.25
422.73221,290.25 422.73221,290.25 422.73221,290.25
;
387.37756,302.0 387.37756,302.0 399.3124,296.41928
379.93337,295.05398 387.37756,302.0 387.37756,302.0
387.37756,302.0 387.37756,302.0 387.37756,302.0
;
431.61364,273.93232 431.61364,273.93232 442.19319,272.19774
450.03368,255.55848 440.31002,247.28288 434.75781,236.72748
419.60105,258.90463 421.94627,241.54729 418.16042,232.08241
424.35813,221.90058 421.27733,219.19431 416.93327,212.96157
416.91566,198.3008 420.52629,189.68364 423.13129,183.0975
413.93104,184.35911 412.2359,184.80931 406.90513,175.71466
421.40749,167.53774 418.96439,156.64676 421.17959,140.33027
413.43761,123.59306 416.55171,107.96907 425.21699,99.887397
420.71893,86.146557 420.58735,75.688269 416.26112,68.385931
415.6642,51.710934 403.49676,57.275344 393.26871,59.753939
392.15898,72.204793 390.96827,81.050595 392.19678,84.163957
390.48289,99.776131 397.55566,107.39364 399.96382,118.20553
417.01674,105.14212 412.87834,116.5 412.88904,126.72015
417.32465,142.6428 403.05173,130.13617 393.6135,118.61884
397.57691,139.06075 398.63308,144.87398 406.8028,166.1006
388.53409,144.11899 394.16224,154.79495 402.7454,163.00271
398.21386,176.29645 403.28595,181.7403 402.9984,209.19687
402.63743,236.64618 396.18614,263.49295 403.69995,271.62968
418.76329,260.68529 423.06514,271.07959 425.54919,272.70425
428.47742,274.38968 431.61364,273.93232 431.61364,273.93232
431.61364,273.93232 431.61364,273.93232 431.61364,273.93232
;
433.58116,270.66667 433.58116,270.66667 427.17109,273.34287
437.95742,258.99218 424.65269,261.83117 415.75813,261.64618
420.32623,255.25349 425.24269,261.0 439.00873,259.24047
433.68073,245.22561 422.7686,255.19421 427.09835,245.51243
442.07112,244.80437 442.0,257.73161 442.61971,262.5355
437.21986,268.93031 433.58116,270.66667 433.58116,270.66667
433.58116,270.66667 433.58116,270.66667 433.58116,270.66667
;
409.80902,263.82529 409.80902,263.82529 395.15337,263.43155
399.13175,259.44151 408.92425,258.21861 402.94881,254.66627
413.32432,252.412 416.96937,257.5 414.41728,259.93391
410.87335,263.73033 409.80902,263.82529 409.80902,263.82529
409.80902,263.82529 409.80902,263.82529 409.80902,263.82529
;
412.5,246.89747 412.5,246.89747 391.47287,242.7812
417.5305,244.23458 412.5,246.89738 412.5,246.89738
412.5,246.89747 412.5,246.89747 412.5,246.89747
;
417.0,247.0 417.0,247.0 406.81262,242.10166
411.3425,242.51813 406.87556,240.01841 404.29517,236.36763
406.02592,228.41372 407.45937,224.96628 409.02012,224.20646
402.6767,211.57915 410.31478,225.5 407.87139,216.11517
404.54278,205.5403 406.04848,194.32659 408.9189,182.74691
410.78453,210.40472 411.42851,215.8433 412.27876,222.41737
421.88798,242.95697 415.92668,237.0 410.88108,239.85136
421.22429,245.19241 417.0,247.0 417.0,247.0
417.0,247.0 417.0,247.0 417.0,247.0
;
415.05398,220.46664 415.05398,220.46664 412.81067,215.53763
409.17763,194.93512 415.0,192.0 414.62809,201.20951
416.97643,212.14535 415.054,220.46664 415.054,220.46664
415.05398,220.46664 415.05398,220.46664 415.05398,220.46664
;
406.56018,172.33853 406.56018,172.33853 398.67495,168.94178
406.71028,152.65524 402.014,147.5 412.99581,164.34397
395.73464,133.98469 403.98645,142.23228 401.74361,134.85314
407.16133,143.96467 403.99545,134.673 418.07023,135.26555
412.16306,144.72687 415.03946,151.70924 414.05556,165.89424
407.59981,169.15085 407.45299,166.38209 407.07535,168.17496
409.8802,172.38547 406.56034,172.33853 406.56034,172.33853
406.56018,172.33853 406.56018,172.33853 406.56018,172.33853
;
410.5,107.04486 410.5,107.04486 398.345,109.82411
414.09743,100.9462 403.05916,102.27688 421.5399,98.188178
401.63172,96.420886 403.89556,91.317061 408.59888,92.216213
410.3558,87.355882 405.18045,87.946966 399.08291,96.421155
398.94949,63.508035 397.69047,70.75 398.71079,59.657446
413.19686,59.325351 413.13478,71.0 394.16541,71.865353
410.54436,77.050417 403.5928,78.849848 409.62332,87.007706
420.55512,77.415323 416.99736,95.568403 416.92686,99.482557
414.60699,105.73581 410.5,107.04486 410.5,107.04486
410.5,107.04486 410.5,107.04486 410.5,107.04486
;
399.97525,104.0 399.97525,104.0 392.44048,97.915133
399.05538,80.571637 397.76676,79.000006 400.88799,87.442575
398.32912,98.453309 401.0,103.0 401.0,103.0
401.0,104.0 401.0,104.0 401.0,104.0
399.97525,104.0 399.97525,104.0 399.97525,104.0
;
430.90804,187.78267 430.90804,187.78267 440.56074,177.20436
418.05631,184.31637 430.90804,187.78267 430.90804,187.78267
430.90804,187.78267 430.90804,187.78267 430.90804,187.78267
;
392.46862,186.0 392.46862,186.0 400.93819,178.1907
383.46917,180.4999 392.46862,186.0 392.46862,186.0
392.46862,186.0 392.46862,186.0 392.46862,186.0
;
423.54986,182.66667 423.54986,182.66667 435.08467,177.44339
421.0143,174.84565 423.54986,182.66667 423.54986,182.66667
423.54986,182.66667 423.54986,182.66667 423.54986,182.66667
;
449.6849,158.98469 449.6849,158.98469 461.05719,160.52097
453.16452,145.19127 450.50008,152.99999 449.0452,158.35774
448.70954,161.30687 449.6849,158.98467 449.6849,158.98467
449.6849,158.98469 449.6849,158.98469 449.6849,158.98469
;
379.90499,281.95996 379.90499,281.95996 372.91512,277.43893
366.09378,261.93481 373.07758,278.53566 373.81135,285.32
358.80906,268.48506 365.44798,264.02862 373.98551,253.74313
380.48129,262.3776 382.72667,272.05088 375.80926,262.7555
369.42308,266.05432 376.18967,278.92878 376.30815,279.72211
384.80146,282.62425 379.90499,281.95996 379.90499,281.95996
379.90499,281.95996 379.90499,281.95996 379.90499,281.95996
;
350.3382,233.31636 350.3382,233.31636 345.61318,241.38968
350.85982,213.87028 350.71051,232.0182 350.71051,232.0182
350.3382,233.31636 350.3382,233.31636 350.3382,233.31636
;
377.55184,79.75 377.55184,79.75 372.1814,73.471272
379.21034,63.315476 383.0,57.881966 381.74545,54.926074
386.42992,58.492575 380.58879,68.541528 379.51762,72.241888
378.86781,76.181244 377.55184,79.75 377.55184,79.75
377.55184,79.75 377.55184,79.75 377.55184,79.75
;
