427.0,480.0 427.0,480.0 284.66667,480.0
142.33333,480.0 0.0,480.0 0.0,320.0
0.0,160.0 0.0,0.0 284.66667,0.0
569.33333,0.0 854.0,0.0 854.0,160.0
854.0,320.0 854.0,480.0 711.66667,480.0
569.33333,480.0 427.0,480.0 427.0,480.0
427.0,480.0 427.0,480.0 427.0,480.0
;
370.47251,445.98469 370.47251,445.98469 383.10602,447.15938
381.60021,429.0481 384.43733,420.54804 387.76445,395.52601
385.16516,369.42262 388.60141,344.8796 393.52333,333.5546
389.5181,319.24361 391.30948,306.70645 389.77089,293.92281
399.25868,328.94132 397.61922,320.89504 400.54935,337.28906
407.87921,352.13132 417.09275,364.69222 423.05292,386.28709
435.5187,406.39554 435.73836,429.50002 437.63512,439.4354
443.51417,446.27385 453.49921,443.08109 463.44975,440.28032
467.80006,428.72451 459.19821,421.41512 447.60947,408.13623
454.88622,389.80563 450.27874,374.11307 450.46153,354.84024
434.71596,340.10743 436.84892,320.60833 436.46514,310.14766
438.01274,301.3136 439.2942,291.75606 445.73587,278.66439
441.60636,264.37188 441.17997,250.50002 452.55267,242.84798
453.37794,228.31361 461.80474,218.31731 471.16703,202.06968
464.52703,182.75647 463.68978,165.05857 460.72,148.57426
455.68787,130.49714 445.74957,118.06114 438.71995,111.84848
425.97808,108.31624 423.88865,97.421964 427.39453,85.533287
428.96583,82.471438 428.33919,81.50003 426.08892,64.861234
428.59593,42.858373 413.76078,32.0 402.12965,24.951075
386.24338,25.33425 374.6863,32.549 363.28141,39.176805
366.15608,52.379933 364.0751,62.5 357.88307,74.721904
359.35957,86.175561 363.72786,68.221382 371.15271,53.238863
361.12423,76.798978 362.12572,82.0 358.06316,87.398001
355.75638,99.271303 349.6778,105.9528 331.86884,119.98024
328.70898,143.13001 329.63628,164.37695 328.33653,174.19244
332.89075,186.29672 322.99685,190.66096 321.8241,203.32338
330.09686,215.42373 324.0,227.363 320.33529,239.30943
335.03106,244.46683 336.99993,253.92497 332.48323,267.68788
322.98372,287.60442 338.10931,298.00122 346.28948,300.04337
354.96391,306.8797 353.95512,317.97762 359.61992,341.76811
352.8901,367.00198 361.31474,390.44168 360.79167,401.31688
370.52354,412.72534 360.45256,421.5 353.06689,428.47241
351.31432,439.338 362.13014,443.78585 364.57305,446.3186
367.20052,446.17649 370.47251,445.98469 370.47251,445.98469
370.47251,445.98469 370.47251,445.98469 370.47251,445.98469
;
377.72098,437.52512 377.72098,437.52512 371.95616,446.74077
372.04074,427.52744 365.81276,441.0 359.9988,438.35553
365.62273,437.10318 359.5,431.0 362.21167,437.10495
353.25402,438.50129 360.17814,426.73051 366.83371,417.49716
367.55092,408.49258 380.40499,409.27572 383.74872,414.00162
380.65504,430.61019 377.72098,437.52512 377.72098,437.52512
377.72098,437.52512 377.72098,437.52512 377.72098,437.52512
;
445.80257,440.7917 445.80257,440.7917 437.53133,435.7271
438.93772,420.74708 436.31653,411.205 447.77787,405.66016
452.9499,413.12449 457.61696,423.00271 461.37968,426.07305
461.28765,443.10041 453.95389,433.0 454.51416,441.83339
449.18192,428.15016 447.16401,436.22844 446.62999,437.66725
449.13691,441.48735 445.80257,440.7917 445.80257,440.7917
445.80257,440.7917 445.80257,440.7917 445.80257,440.7917
;
372.5,408.91548 372.5,408.91548 360.92942,405.9111
366.36733,389.63579 361.7521,380.99997 355.82655,354.8761
363.83927,325.62959 351.75511,300.99997 342.20829,297.28734
328.61373,290.24886 332.88805,277.49997 335.90234,271.75039
338.6261,244.20558 341.48171,261.40955 348.79453,267.55816
363.97864,269.58989 365.0,257.50389 362.34437,249.8004
355.33806,233.23924 344.38498,241.01378 339.22839,255.69652
334.15796,243.73144 326.99996,234.09929 328.77757,222.36484
329.93262,212.30802 326.61262,200.62721 326.07161,189.22927
335.65205,184.88682 332.25304,170.22776 333.44307,150.6421
329.59844,121.87362 352.19774,113.30693 362.72738,104.98959
361.49677,88.186366 366.4333,76.237359 370.50436,58.065898
376.55683,32.698923 398.36365,30.127339 410.26411,31.518778
420.34793,39.637881 422.09147,52.278418 427.31325,67.549991
419.95074,83.324577 419.72169,98.195487 418.51935,110.68149
429.92574,108.30576 436.15863,115.63077 443.00186,117.07605
448.76204,125.25798 451.65722,134.13765 461.70342,157.27274
464.45536,183.62984 463.2665,208.38098 457.89285,219.97155
450.6872,230.61177 445.42818,242.11312 431.33117,251.86264
444.86506,271.44428 438.35691,285.10333 432.6817,302.06689
434.6065,320.97526 435.58418,338.35656 447.17031,358.22119
449.20435,381.48819 449.99994,404.02937 438.50314,415.09798
431.05953,402.25817 429.87449,391.17721 424.75258,380.20504
421.3866,367.82733 416.02309,357.52152 405.48203,344.73886
401.80918,325.47698 396.99986,309.00049 407.4883,307.67082
390.32523,301.76183 394.994,292.54249 395.61683,282.35962
391.52051,269.83482 395.99986,263.07036 384.27978,256.00302
408.05187,261.39897 411.14943,253.57766 419.04997,246.94178
414.02608,226.67054 401.593,230.99999 393.03238,245.20462
389.79785,224.21692 398.11645,221.82821 392.2561,216.47395
392.31109,207.46415 393.04514,196.28291 395.30584,180.12245
395.24974,188.09968 387.0,190.88197 398.40109,182.89003
382.37951,189.6003 383.63851,180.91262 392.07401,169.14891
396.46568,155.0045 396.03055,140.5 402.25267,143.03439
397.60814,123.21362 401.06782,116.67328 398.99171,117.74825
393.55396,125.77069 400.92364,111.4268 409.53403,95.369721
395.30587,107.62962 394.40847,117.33277 396.21811,134.74934
381.80895,115.41926 384.56841,119.41621 379.29182,127.53605
384.13493,109.13976 380.25733,106.40942 382.56894,120.15465
370.4071,114.69728 373.19335,127.98728 373.62219,133.69659
376.53438,160.88116 373.51932,152.13485 366.29428,139.97377
366.71572,146.37782 367.02085,141.51887 360.37604,140.97853
374.95245,157.00349 374.18072,164.97617 375.591,163.14999
370.8828,174.17551 377.26113,180.46555 377.53453,207.44896
378.58617,234.54589 370.91662,260.74641 367.59729,274.52519
394.40787,265.03638 390.99992,276.2243 392.76991,288.81566
389.50758,292.46707 388.72904,303.16721 387.19181,316.21695
390.36529,330.7901 386.24774,342.93905 382.10756,359.7467
385.12026,378.79437 383.63911,396.47721 385.24712,404.91136
380.53387,408.73057 372.5,408.91548 372.5,408.91548
372.5,408.91548 372.5,408.91548 372.5,408.91548
;
359.73852,305.81184 359.73852,305.81184 368.59508,297.25604
351.36638,300.50258 359.73852,305.81184 359.73852,305.81184
359.73852,305.81184 359.73852,305.81184 359.73852,305.81184
;
437.02568,275.0 437.02568,275.0 444.67571,270.18524
425.06897,262.46435 435.05136,275.0 435.05136,275.0
437.01066,275.0 437.01066,275.0 437.01066,275.0
437.02568,275.0 437.02568,275.0 437.02568,275.0
;
431.12385,262.83385 431.12385,262.83385 434.58696,262.73815
428.86476,260.05516 429.11828,258.16821 428.42257,258.90607
430.0633,267.28814 431.12385,262.83385 431.12385,262.83385
431.12385,262.83385 431.12385,262.83385 431.12385,262.83385
;
407.97919,183.77064 407.97919,183.77064 418.66345,172.43042
394.25203,180.16489 407.97919,183.77064 407.97919,183.77064
407.97919,183.77064 407.97919,183.77064 407.97919,183.77064
;
367.01905,181.0 367.01905,181.0 375.05014,173.63125
357.10588,173.51891 367.01906,181.0 367.01906,181.0
367.01905,181.0 367.01905,181.0 367.01905,181.0
;
427.21657,153.0 427.21657,153.0 440.43205,147.48361
435.22199,151.62647 434.5,142.5 429.64339,141.47625
427.50805,151.65829 427.21657,153.0 427.21657,153.0
427.21657,153.0 427.21657,153.0 427.21657,153.0
;
387.75521,113.57813 387.75521,113.57813 388.34797,100.04448
394.20744,100.51451 385.92963,97.0 397.93361,91.874717
402.17772,103.40394 403.93844,97.09387 412.29531,87.665618
415.04199,73.161672 414.62883,60.676957 414.59493,51.772448
415.07837,39.276134 403.26839,38.999997 393.20232,37.480343
385.50815,49.206704 383.20177,56.374679 379.45475,63.391891
374.83098,72.991175 377.84224,82.318855 377.12004,92.90738
386.63182,101.406927 384.66564,109.191247 385.51771,109.862277
386.79076,114.699957 387.75521,113.578127 387.75521,113.578127
387.75521,113.57813 387.75521,113.57813 387.75521,113.57813
;
390.1849,94.921053 390.1849,94.921053 382.21711,95.652703
376.91612,78.166242 386.25,84.670596 400.59088,89.621662
393.95091,72.698137 382.87423,77.264776 377.77169,89.74762
380.59992,61.828049 388.40099,59.871728 387.43167,48.565571
389.50881,67.341154 385.71649,72.023872 386.44475,76.011883
398.42695,65.128483 393.70831,75.298306 403.8616,63.584073
381.7682,76.193803 390.24478,63.87173 390.27308,54.949996
394.5821,39.93915 406.52015,44.91767 411.49556,54.480852
413.74238,65.772024 404.31406,54.600667 384.76448,54.640717
410.95078,58.891054 411.0,65.701973 408.51414,76.033297
405.2637,88.174001 396.5685,95.205501 396.24683,90.390902
392.64394,95.761979 390.1849,94.921053 390.1849,94.921053
390.1849,94.921053 390.1849,94.921053 390.1849,94.921053
;
401.27305,67.984687 401.27305,67.984687 400.62148,67.859114
418.30774,65.463006 401.14002,60.0 392.8261,57.452694
396.23576,68.615405 401.27305,67.984687 401.27305,67.984687
401.27305,67.984687 401.27305,67.984687 401.27305,67.984687
;
384.35699,267.884 384.35699,267.884 382.46569,268.09413
368.46034,247.00149 381.0,256.44723 378.63498,256.95515
384.36481,241.02245 385.53354,253.34433 390.17132,248.39556
391.90275,278.18535 385.78143,262.73574 382.74523,263.86027
386.24899,268.59389 384.35699,267.884 384.35699,267.884
384.35699,267.884 384.35699,267.884 384.35699,267.884
;
351.39602,262.99845 351.39602,262.99845 338.39016,262.6537
338.63284,239.05858 352.94687,241.99956 364.44303,257.14319
355.54013,248.98631 349.241,249.91762 355.25871,261.55184
355.60645,264.78852 346.81739,252.84884 342.89036,256.14518
352.71125,262.31953 351.39602,262.99845 351.39602,262.99845
351.39602,262.99845 351.39602,262.99845 351.39602,262.99845
;
402.5,255.32033 402.5,255.32033 396.3936,250.77992
394.03847,246.63954 396.10269,244.7473 382.16222,237.30644
399.68203,247.34387 403.41234,239.79822 401.92768,234.20859
389.37356,248.42034 400.90583,234.50192 413.0259,229.02109
416.86396,252.31835 404.50003,254.73759 404.50003,254.73759
402.61895,255.28566 402.61895,255.28566 402.61895,255.28566
402.50003,255.32026 402.50003,255.32026 402.50003,255.32026
402.5,255.32033 402.5,255.32033 402.5,255.32033
;
383.66667,247.0 383.66667,247.0 382.56277,242.25603
392.83577,230.48989 386.7133,247.15415 384.19722,242.52469
386.32038,246.8663 383.66667,247.0 383.66667,247.0
383.66667,247.0 383.66667,247.0 383.66667,247.0
;
383.14301,242.97776 383.14301,242.97776 373.60931,239.38197
382.85289,227.44547 380.03369,219.50003 392.23007,234.48512
378.86248,210.68789 380.42119,203.70227 377.17406,185.33195
387.07672,191.18276 384.57456,206.20661 381.67968,214.54613
394.18321,235.90779 386.70506,216.7741 385.24224,211.28604
385.55755,184.78594 389.85356,200.69655 386.39261,214.71995
391.38255,208.69773 390.34977,223.4576 392.07769,233.98196
385.27636,235.76025 383.14301,242.97776 383.14301,242.97776
383.14301,242.97776 383.14301,242.97776 383.14301,242.97776
;
382.34062,165.8066 382.34062,165.8066 375.55936,165.9183
378.00796,135.46902 378.25774,138.31621 389.34015,151.1403
369.08899,128.77671 379.88693,128.0 389.93062,144.35911
376.33623,117.95087 389.89591,127.08696 397.2191,128.99844
391.16628,142.84494 390.38742,151.0 387.00847,154.97178
388.68585,166.27407 382.34062,165.8066 382.34062,165.8066
382.34062,165.8066 382.34062,165.8066 382.34062,165.8066
;
371.1621,48.5 371.1621,48.5 363.75512,62.338979
371.31429,34.093474 380.07135,33.185065 378.14092,32.711392
391.9792,26.792738 382.36401,33.482262 377.48169,37.213038
373.86001,43.026528 371.1621,48.5 371.1621,48.5
371.1621,48.5 371.1621,48.5 371.1621,48.5
;
