427.0,480.0 427.0,480.0 284.66667,480.0
142.33333,480.0 0.0,480.0 0.0,320.0
0.0,160.0 0.0,0.0 284.66667,0.0
569.33333,0.0 854.0,0.0 854.0,160.0
854.0,320.0 854.0,480.0 711.66667,480.0
569.33333,480.0 427.0,480.0 427.0,480.0
427.0,480.0 427.0,480.0 427.0,480.0
;
25.228561,478.96456 25.228561,478.96456 35.49474,474.71406
3.9574875,463.7599 13.922345,475.77949 18.352664,474.97013
20.860736,479.70311 25.228561,478.96456 25.228561,478.96456
25.228561,478.96456 25.228561,478.96456 25.228561,478.96456
;
71.25,478.52907 71.25,478.52907 82.036448,479.23209
93.664199,477.64366 97.166639,465.9603 102.27376,461.34687
101.11334,462.41308 108.64989,454.71015 109.96751,446.49506
110.71425,432.46652 118.58541,429.8618 113.24443,425.1625
133.43128,431.48465 140.34596,429.01172 152.17946,424.79385
169.38688,423.22367 173.81779,409.52806 161.69696,397.22271
177.90518,401.64747 187.87145,400.74988 205.6556,399.50214
223.51874,399.45793 241.33409,398.68698 231.80918,424.77702
228.23097,452.48323 220.18914,479.0 227.56492,474.39466
226.57197,458.84864 230.17827,449.76275 232.99928,431.87065
240.40518,413.74895 243.03741,396.68943 204.15982,396.48175
163.75114,399.83126 124.24499,399.47962 119.2543,391.45341
120.91939,375.86645 118.49066,364.92995 117.40945,347.69716
117.99638,330.37012 113.6077,313.64363 115.68823,306.75466
105.6134,286.37517 115.98316,290.03388 130.16013,284.41705
146.27955,267.32044 136.08477,251.60938 130.9754,243.34986
123.08205,237.86297 123.07676,228.62347 122.45989,211.56502
125.74783,193.56222 122.81942,177.06281 110.35583,173.39798
119.2397,165.68791 113.0,163.70737 116.94536,156.92777
127.75886,155.59335 113.16951,151.7562 111.56121,143.69132
116.75721,120.59099 104.0,131.17811 98.05378,143.6551
118.07059,146.48327 108.25,152.67891 102.90535,151.66792
112.49379,148.60432 103.99337,148.04071 103.1926,129.96932
99.969353,138.99799 102.95143,151.64753 107.71186,162.75836
97.915891,149.8876 100.52003,140.05178 103.25247,124.01
83.717326,132.50108 73.929661,130.25307 56.533853,128.64695
69.712946,123.93749 80.371363,126.78112 90.77488,126.59801
101.19793,125.15324 111.58829,125.82016 113.24977,109.16656
102.39425,119.95086 98.646998,124.0 102.03224,117.18385
94.657142,109.76155 91.5,108.03063 83.921173,108.8151
90.802813,116.40243 79.981724,116.02656 80.59978,107.38122
78.258495,118.28371 74.372494,116.50956 72.675472,104.15906
75.469948,128.6932 72.499108,120.96208 64.592746,119.84139
70.046876,121.3797 62.0,120.0 54.831513,115.03989
54.844815,118.98872 60.080884,111.54999 54.340806,109.64073
27.700143,113.09108 39.0,115.76674 38.9822,123.80422
42.581521,137.48301 50.736896,134.8811 47.296169,142.89245
41.403176,160.22461 42.34383,142.63092 43.529225,132.30399
34.73424,114.93179 32.052468,134.20285 30.268994,152.33816
37.750894,115.10418 38.0,131.88197 32.980865,140.07444
41.965941,131.90557 40.969745,147.66885 34.206345,145.89345
44.452669,160.86498 26.590334,156.67233 14.035146,154.05526
13.390189,164.17137 1.378751,162.07739 11.087673,165.45595
13.321443,164.51479 1.1653239,169.0 3.962432,168.09949
7.2353377,179.71928 19.622445,176.0 36.028519,167.73984
31.860853,197.24078 33.104519,176.0 48.362456,176.74072
66.577741,174.52409 80.0,177.10048 82.858065,204.0153
83.724112,231.74445 88.212244,258.14801 91.929721,262.25971
74.241354,260.57242 68.152548,262.0 65.832084,272.44792
61.191585,281.63159 50.54226,281.85791 42.281833,284.2257
24.623735,286.15576 31.010942,278.16096 44.959761,269.81475
34.352505,264.91175 24.999705,274.9064 21.8588,282.05028
-5.076463,283.03022 4.918604,285.0 16.771644,286.84206
25.966891,272.50986 36.053016,271.71968 23.871182,275.92205
28.415664,289.45946 14.761555,287.0 -1.1566089,285.5597
-0.96334153,290.3241 15.25,289.19207 23.598407,288.339
43.554216,290.50127 24.135306,290.99998 17.186075,290.03179
-10.645542,293.60859 8.8362965,294.55744 24.724198,294.3151
40.612099,294.07277 56.5,293.83044 61.053542,302.76609
60.674733,311.68197 63.012874,314.45923 63.118363,325.79837
65.140801,319.14229 58.081761,328.05345 46.358867,326.52029
35.339819,329.93267 28.877998,336.56241 27.744548,345.33305
0.96972186,340.69727 17.319875,343.00004 33.782235,341.44917
28.645135,330.51797 24.655608,348.50408 27.211234,359.16604
18.856223,339.26092 7.5,349.93918 25.843181,347.69783
10.092098,356.3287 10.709107,354.95827 9.9876723,349.38972
8.3217257,367.99811 2.4266563,370.45544 -0.67144812,381.65804
0.7854914,395.26755 3.2737988,406.98852 26.642005,405.16497
5.6490462,405.56142 5.3179676,418.35356 0.56025838,430.8606
14.990688,423.83878 22.543444,432.75752 35.220753,445.43024
29.147415,420.31322 25.944353,413.97982 11.219258,403.46019
29.719631,403.59148 33.819393,413.7324 43.806336,429.35172
33.691712,449.05254 44.434473,464.27596 50.084561,480.30541
51.879314,461.29098 56.863214,476.47013 49.201113,468.36553
67.16021,466.67732 67.0,467.04569 71.666564,466.06676
78.100719,464.90466 80.067754,465.08136 76.445193,460.05607
83.897839,440.91328 82.365069,458.5 85.748993,465.62656
73.861457,469.03836 87.755111,472.0 92.969641,455.87992
82.319639,479.22624 84.259697,456.88201 80.127115,415.4008
74.232251,374.11134 68.776796,332.78558 67.742797,324.1739
86.430772,331.85216 79.996782,326.72385 65.074905,331.28011
77.833073,314.63363 79.649088,307.50719 87.518793,295.73026
84.443289,278.86258 95.5,269.54264 83.020874,280.93025
96.717284,255.95562 98.690913,268.11775 95.943754,279.0296
97.58909,279.35835 100.29996,289.41159 100.23976,301.77053
104.92242,314.92233 96.93777,325.36247 90.866123,336.15969
102.4174,346.34559 101.86307,356.25161 95.8308,367.68378
86.3452,378.85206 91.17249,392.68162 93.334482,407.40364
93.191859,423.01365 97.202351,437.13635 103.15121,434.6579
91.141918,458.19662 87.892316,446.93342 86.089083,441.11443
93.188436,430.09832 87.317071,425.0 92.418263,441.68037
81.330674,427.78695 85.218335,440.58225 84.226602,448.12992
87.492409,457.04682 89.896124,459.97709 98.788726,455.24178
94.368463,474.71102 84.546038,475.30772 76.214807,477.49291
61.536258,474.01211 57.0,479.25637 61.75,479.01394
66.5,478.7715 71.25,478.52907 71.25,478.52907
71.25,478.52907 71.25,478.52907 71.25,478.52907
;
50.997589,466.50218 50.997589,466.50218 46.414213,466.53768
43.645728,450.62803 44.227297,453.35952 41.096356,447.78323
56.751004,449.71778 41.218761,447.19644 41.728855,431.34991
42.213368,409.79574 25.95505,401.85096 15.132679,404.41453
0.90620176,407.0186 3.3655011,391.51012 11.286309,392.67221
14.916144,386.81281 13.293288,383.01353 17.62037,376.23161
34.778879,380.7282 43.725719,378.25822 52.753988,377.19711
53.731909,367.37154 63.94282,369.0 67.651951,364.43346
46.338231,373.20661 40.545614,374.45301 34.413355,375.24364
10.956877,375.3726 15.5,378.03468 21.068807,379.27235
-9.4346335,382.54209 5.7123085,370.62609 9.1590565,360.14886
27.872169,369.22817 21.0,355.66667 26.199793,365.18146
31.436331,350.67258 27.0,345.00407 31.138716,332.2633
45.743575,338.23249 32.481098,347.41037 30.419951,355.87481
40.416932,334.11719 44.866056,340.99868 40.545996,353.1374
60.088256,336.57174 65.016006,335.5 64.494054,344.41248
71.23397,358.77093 66.039042,364.59523 57.577852,362.66157
40.932601,371.2639 57.560325,366.80176 73.754785,363.25869
67.735821,370.74559 62.457967,370.75552 79.989768,370.52824
60.378723,383.58333 66.078453,382.70153 65.984333,378.69284
72.484684,384.76485 63.457814,384.71585 77.498746,382.70013
71.990233,400.98438 59.190507,395.19955 52.087838,394.72895
27.019019,399.1243 46.955758,397.35273 51.99332,397.44133
81.008935,394.6177 66.196529,397.41023 57.820908,397.22455
85.533737,402.59171 66.5,404.29963 78.479721,409.11389
68.291099,407.45574 74.704565,417.3825 73.772767,426.68167
82.796761,444.14919 73.947484,448.05879 67.169268,449.39117
86.379337,449.05736 68.581398,452.11798 59.404721,452.3619
62.919951,444.47177 58.20957,453.98845 59.751367,455.1818
53.109762,455.51736 55.914984,464.50936 56.41166,466.33521
50.96082,463.31684 50.997589,466.50215 50.997589,466.50215
50.997589,466.50218 50.997589,466.50218 50.997589,466.50218
;
33.248896,403.34617 33.248896,403.34617 48.790872,406.37144
25.953916,391.44584 30.999995,400.83646 31.870546,401.31463
31.42776,405.6855 33.248896,403.34617 33.248896,403.34617
33.248896,403.34617 33.248896,403.34617 33.248896,403.34617
;
55.738019,468.0 55.738019,468.0 51.815539,463.34796
72.448729,464.20666 56.358004,468.0 56.358004,468.0
55.738019,468.0 55.738019,468.0 55.738019,468.0
;
72.0,462.0 72.0,462.0 57.756506,460.33167
83.368232,446.86936 76.0,462.0 74.666667,462.0
73.333333,462.0 72.0,462.0 72.0,462.0
72.0,462.0 72.0,462.0 72.0,462.0
;
102.97968,458.0 102.97968,458.0 102.02186,450.13075
112.83443,445.50338 103.95935,457.9994 103.95935,457.9994
102.97968,457.9994 102.97968,457.9994 102.97968,457.9994
102.97968,458.0 102.97968,458.0 102.97968,458.0
;
100.47968,454.0 100.47968,454.0 91.32861,452.43432
99.359378,449.04245 99.494871,443.64799 102.07182,440.24495
102.19598,434.43039 106.16052,429.0 108.36181,421.59368
113.18054,411.2264 117.01963,402.5 115.2041,412.18873
116.66271,412.12912 124.0,411.13601 117.28369,425.54616
107.94405,440.20604 100.47968,454.0 100.47968,454.0
100.47968,454.0 100.47968,454.0 100.47968,454.0
;
100.48268,451.0 100.48268,451.0 110.44494,437.22909
102.95171,438.1252 100.48268,451.0 100.48268,451.0
100.48268,451.0 100.48268,451.0 100.48268,451.0
;
26.82007,429.84992 26.82007,429.84992 25.515771,431.38946
5.9758343,425.37076 6.8955768,415.89848 11.300839,404.58914
25.108544,407.82439 25.09323,420.08103 25.841045,423.33831
27.832004,426.43233 26.82007,429.84992 26.82007,429.84992
26.82007,429.84992 26.82007,429.84992 26.82007,429.84992
;
99.292739,430.0 99.292739,430.0 98.142353,430.0456
93.724466,408.60833 97.721464,405.0 112.43825,409.63069
111.18518,397.42699 109.59501,386.67543 108.13897,372.17295
110.67253,356.81325 101.73657,344.48503 95.903663,335.92405
97.196772,321.38253 107.48214,317.33929 115.63962,326.41953
116.55471,341.4875 113.4057,352.54524 110.35162,366.86363
115.86102,382.8874 116.72069,397.85399 112.20024,391.47936
113.50561,380.79139 112.99326,400.5 108.2097,410.13189
105.22471,421.1874 99.292739,430.0 99.292739,430.0
99.292739,430.0 99.292739,430.0 99.292739,430.0
;
133.59223,425.0 133.59223,425.0 120.94843,425.81971
126.68236,412.80979 122.5,419.49064 123.88984,405.86656
139.60455,408.21298 149.44849,404.06014 156.50323,400.61267
172.82657,405.21328 166.23495,414.28737 156.55007,419.41245
144.74318,424.47745 133.59223,425.0 133.59223,425.0
133.59223,425.0 133.59223,425.0 133.59223,425.0
;
119.68095,410.0 119.68095,410.0 117.55523,395.2405
116.53021,378.30958 116.0,362.66667 119.41397,375.33585
117.70545,389.89469 121.1023,402.8977 130.84192,403.07169
140.27096,402.35636 124.04551,407.25553 122.57743,408.00012
121.30515,409.79203 119.68095,410.0 119.68095,410.0
119.68095,410.0 119.68095,410.0 119.68095,410.0
;
102.38267,403.0 102.38267,403.0 90.232218,405.82751
97.503746,388.68971 93.443702,386.93559 92.129831,375.03772
100.29897,363.96762 105.9776,355.0 105.83228,371.01262
108.30594,386.97813 108.76534,403.0 106.63778,403.0
104.51023,403.0 102.38267,403.0 102.38267,403.0
102.38267,403.0 102.38267,403.0 102.38267,403.0
;
48.941833,339.96673 48.941833,339.96673 47.307641,332.12989
34.342615,336.94941 38.978956,330.77258 45.269537,331.7081
73.968356,325.99495 57.847319,334.97184 54.866471,336.50641
52.027252,338.92655 48.941833,339.96673 48.941833,339.96673
48.941833,339.96673 48.941833,339.96673 48.941833,339.96673
;
67.763817,318.5 67.763817,318.5 67.32448,332.8457
63.836265,292.32228 65.852788,303.33193 66.774483,308.38074
68.680957,313.30343 67.763817,318.5 67.763817,318.5
67.763817,318.5 67.763817,318.5 67.763817,318.5
;
71.235217,318.0 71.235217,318.0 69.439807,319.78291
69.045936,300.33523 65.976063,293.85942 71.026757,294.39559
87.060496,275.97626 83.030591,286.96357 81.152749,298.12465
75.742932,307.76769 71.235217,318.0 71.235217,318.0
71.235217,318.0 71.235217,318.0 71.235217,318.0
;
111.15886,317.0 111.15886,317.0 107.99757,308.04398
107.23501,293.94222 107.68164,283.92074 110.08978,290.99099
109.72826,306.74608 112.09063,317.0 112.09063,317.0
111.15886,317.0 111.15886,317.0 111.15886,317.0
;
104.05104,295.0 104.05104,295.0 101.42828,302.6882
106.76417,281.28853 104.67993,281.5 104.65403,286.03278
105.31864,290.56183 104.05104,295.0 104.05104,295.0
104.05104,295.0 104.05104,295.0 104.05104,295.0
;
61.144665,290.80053 61.144665,290.80053 53.425623,289.99592
25.465899,289.34905 46.566341,289.19947 61.645504,290.47619
76.30719,285.3374 86.222428,273.66919 82.29027,284.29874
71.90749,290.02742 61.144665,290.80053 61.144665,290.80053
61.144665,290.80053 61.144665,290.80053 61.144665,290.80053
;
115.10636,286.0 115.10636,286.0 103.251,281.67948
116.35812,267.62369 119.00983,260.0319 112.92508,264.57676
108.0399,282.04888 108.12959,262.54458 97.605048,256.70029
113.09892,252.73947 119.25813,246.96156 126.3094,250.15892
115.01767,265.26933 125.07819,249.86462 132.64971,243.72658
140.00161,264.32695 133.71117,270.34112 127.89997,275.73185
123.86289,285.48968 115.10636,286.0 115.10636,286.0
115.10636,286.0 115.10636,286.0 115.10636,286.0
;
62.5,284.91548 62.5,284.91548 57.747858,284.13892
68.948502,270.04404 74.445129,268.26467 92.206899,266.45535
78.419088,281.48323 69.571901,283.85828 67.218116,284.59244
64.998477,285.36303 62.5,284.91548 62.5,284.91548
62.5,284.91548 62.5,284.91548 62.5,284.91548
;
85.469391,264.54258 85.469391,264.54258 52.212582,264.99577
112.24033,261.12056 85.469391,264.54258 85.469391,264.54258
85.469391,264.54258 85.469391,264.54258 85.469391,264.54258
;
92.790045,255.30743 92.790045,255.30743 88.517335,258.68383
90.67476,239.42294 92.790045,255.30743 92.790045,255.30743
92.790045,255.30743 92.790045,255.30743 92.790045,255.30743
;
96.565184,255.0 96.565184,255.0 92.742892,231.71654
91.86893,206.17196 89.703294,182.0 86.389746,168.37896
105.5224,177.14163 113.67628,175.83581 126.97074,175.79031
118.83931,193.15502 120.44673,201.4028 120.72939,215.87769
117.6794,230.81173 120.86039,245.0 112.18927,244.76748
105.57676,253.90666 96.565184,255.0 96.565184,255.0
96.565184,255.0 96.565184,255.0 96.565184,255.0
;
95.28584,231.0 95.28584,231.0 98.337339,226.75887
102.14075,198.38276 97.980644,216.11865 97.168505,220.72397
94.63551,227.19358 95.28584,231.0 95.28584,231.0
95.28584,231.0 95.28584,231.0 95.28584,231.0
;
38.13519,173.82476 38.13519,173.82476 15.801728,173.59538
44.484057,173.31164 52.388802,171.74823 61.427243,170.17678
40.402272,176.293 38.13519,173.82476 38.13519,173.82476
38.13519,173.82476 38.13519,173.82476 38.13519,173.82476
;
70.225684,174.0 70.225684,174.0 51.815687,174.15381
71.467332,170.73507 78.333333,174.0 75.630783,174.0
72.928234,174.0 70.225684,174.0 70.225684,174.0
70.225684,174.0 70.225684,174.0 70.225684,174.0
;
81.440983,174.0 81.440983,174.0 81.808507,169.61525
99.770582,163.99359 106.33838,159.17816 112.20817,153.88954
120.42766,153.47244 109.21238,161.88155 108.82156,165.97694
97.983957,166.68222 89.095536,171.73995 85.101068,173.93715
84.771084,171.39874 81.440983,174.0 81.440983,174.0
81.440983,174.0 81.440983,174.0 81.440983,174.0
;
104.75,172.84981 104.75,172.84981 86.224091,174.91266
105.01297,162.95458 106.0,173.0 106.0,173.0
104.75,172.84981 104.75,172.84981 104.75,172.84981
;
22.867593,168.78009 22.867593,168.78009 7.0505851,170.43513
13.723784,167.19968 16.036332,161.24977 22.542327,159.10569
44.587885,167.88216 29.963698,168.93331 27.598329,168.88221
25.232961,168.83116 22.867593,168.78009 22.867593,168.78009
22.867593,168.78009 22.867593,168.78009 22.867593,168.78009
;
82.5,165.0 82.5,165.0 81.186321,162.54416
78.813515,151.17154 74.870529,151.47507 72.834199,149.09791
88.103881,138.22993 81.727761,146.9583 90.930079,146.80829
105.06127,142.23503 88.98936,147.6048 79.197678,148.19949
77.730286,150.6031 85.0,156.0 94.932316,151.80298
93.323374,155.37339 83.5,160.04256 71.11725,163.60098
94.899158,163.08955 82.5,165.0 82.5,165.0
82.5,165.0 82.5,165.0 82.5,165.0
;
71.059017,156.0 71.059017,156.0 70.716213,151.81605
53.381853,155.58251 63.851023,152.29279 66.045054,150.68836
79.347848,156.64105 71.059017,156.0 71.059017,156.0
71.059017,156.0 71.059017,156.0 71.059017,156.0
;
97.0,154.0 97.0,154.0 85.535391,150.69901
102.69088,146.85731 97.0407,154.0 97.0407,154.0
97.0,154.0 97.0,154.0 97.0,154.0
;
50.587812,151.15116 50.587812,151.15116 39.810771,153.88618
55.906485,135.10388 51.934894,148.03521 52.193359,149.35044
51.243081,150.19313 50.587812,151.15116 50.587812,151.15116
50.587812,151.15116 50.587812,151.15116 50.587812,151.15116
;
66.5,150.72366 66.5,150.72366 59.065179,148.35099
70.171658,144.89085 72.649075,147.42153 78.513361,148.13495
67.236636,151.55957 66.5,150.72366 66.5,150.72366
66.5,150.72366 66.5,150.72366 66.5,150.72366
;
78.163517,143.81975 78.163517,143.81975 65.623457,146.99206
65.148742,133.51358 75.845749,139.05142 78.674823,135.76259
81.385772,145.78491 78.163517,143.81975 78.163517,143.81975
78.163517,143.81975 78.163517,143.81975 78.163517,143.81975
;
89.75,141.75602 89.75,141.75602 92.397074,134.25648
104.5087,132.80343 90.500002,141.34537 90.500002,141.34537
89.750002,141.75602 89.750002,141.75602 89.750002,141.75602
89.75,141.75602 89.75,141.75602 89.75,141.75602
;
55.026814,138.02823 55.026814,138.02823 56.358412,140.89122
56.541676,122.48359 60.13029,120.47141 71.803517,129.19104
54.992142,116.80922 60.510338,129.32237 62.483378,147.09217
59.788652,126.56353 55.026814,138.02823 55.026814,138.02823
55.026814,138.02823 55.026814,138.02823 55.026814,138.02823
;
87.444988,136.84311 87.444988,136.84311 77.216323,136.78421
96.625007,128.26726 88.107022,136.54147 88.107022,136.54147
87.444988,136.84311 87.444988,136.84311 87.444988,136.84311
;
47.168213,133.9922 47.168213,133.9922 36.806546,124.66559
58.588887,133.61686 53.755111,127.0 65.90501,136.28649
50.6431,127.23537 47.168213,133.9922 47.168213,133.9922
47.168213,133.9922 47.168213,133.9922 47.168213,133.9922
;
101.71341,479.0 101.71341,479.0 109.11049,459.40963
100.81566,483.20926 110.96482,477.06574 109.01045,475.4019
109.71325,475.6156 106.66796,466.17474 96.696449,467.95114
100.06274,474.96355 101.71341,479.0 101.71341,479.0
101.71341,479.0 101.71341,479.0 101.71341,479.0
;
719.92431,478.9684 719.92431,478.9684 716.5749,474.98094
723.55044,470.25918 710.5655,460.42603 694.03936,441.57303
678.98637,422.59573 660.97146,404.6636 648.42965,394.14622
645.47458,387.46764 664.42441,389.56042 669.11852,388.36457
693.45831,392.48891 679.5,389.32447 689.65415,388.20894
700.21859,390.11145 711.21293,388.79755 756.57076,387.52472
802.14987,388.17356 847.37862,386.34502 862.57154,379.56441
837.81509,385.20275 831.66355,384.14614 785.2844,384.60938
738.91633,385.64558 692.55235,386.89372 693.99104,382.23327
678.02006,371.15613 681.51237,384.00074 681.49837,388.52377
663.24763,385.96287 656.16666,386.91113 637.97711,382.96617
646.70159,396.00591 655.5,402.64209 666.68476,414.6787
678.03132,426.56304 689.32197,438.5 679.35465,439.04773
656.17886,439.69348 678.5,440.00167 700.98121,440.28582
678.4488,440.93907 668.71562,441.48737 668.18117,443.89994
690.97005,437.28836 694.74303,446.38052 702.16612,454.67718
709.5892,462.97385 717.01229,471.27052 710.23286,473.26364
716.60589,478.18635 719.92431,478.9684 719.92431,478.9684
719.92431,478.9684 719.92431,478.9684 719.92431,478.9684
;
400.78817,447.0 400.78817,447.0 414.93448,449.86844
409.63448,432.63491 407.66448,424.68527 405.04659,400.30123
409.5367,375.69661 407.85186,351.20956 415.83896,344.40206
411.376,333.89314 413.13695,323.60652 413.21155,317.69403
412.73915,297.54102 416.96449,312.55 423.42004,328.65713
423.63549,348.53819 435.88661,362.5323 439.07988,376.68693
445.03574,390.4553 449.45329,404.0 449.82406,408.21352
458.31668,425.1541 452.64542,417.75 440.19553,407.80363
460.29913,425.98003 460.23147,432.5 470.52415,437.98371
476.65291,428.66927 483.33712,421.52082 483.95177,412.21867
463.59503,408.18535 470.24406,396.49997 468.07005,377.0234
468.75716,356.70276 458.73082,339.07679 458.48151,318.5
457.6174,297.57683 462.99991,277.71837 463.52723,265.55518
460.22786,253.66612 460.17758,241.49997 471.09192,239.08668
469.24216,224.11794 479.1202,220.48379 497.25451,202.85211
487.01972,176.65419 483.1688,155.26324 477.66906,142.57734
474.2737,124.18441 459.48704,120.97914 451.79481,116.34161
439.24248,107.94809 444.45298,100.89087 444.62207,80.845683
442.18241,58.243053 428.19712,43.048864 413.40593,33.594264
390.38289,42.316987 385.486,59.503141 380.23014,71.543591
382.31806,85.336159 376.99972,97.125085 379.74589,119.87661
353.99921,133.63513 355.07999,156.42985 349.82968,165.78835
342.47204,177.73924 351.49076,172.24997 355.69317,164.32574
350.94043,188.38216 347.84307,191.48078 344.65042,205.66111
347.88967,211.49025 347.75387,201.30692 353.8183,212.56313
351.03455,215.46962 361.82573,219.28734 369.49464,228.50595
365.6994,236.87256 364.69191,248.41853 360.90773,272.50198
362.20821,238.82224 359.86944,259.40935 358.60746,274.61323
355.205,291.90378 367.81331,303.35791 384.15738,316.46496
376.60382,340.56522 378.50834,358.83715 377.37719,375.49742
382.74953,392.22396 386.37919,407.86662 393.12503,418.00485
377.46379,430.36406 383.49985,440.80426 389.24318,443.13423
394.18733,448.28424 400.78817,447.0 400.78817,447.0
400.78817,447.0 400.78817,447.0 400.78817,447.0
;
399.22624,440.3215 399.22624,440.3215 396.9012,442.20576
397.14642,438.29176 390.93302,436.33571 388.93302,427.82837
384.25729,445.03008 385.00006,432.96026 391.38298,425.67179
386.45747,409.27343 399.25398,411.1605 408.62362,407.21671
401.85235,425.75424 406.92878,431.5 409.30732,450.38763
403.56597,432.25523 399.22624,440.3215 399.22624,440.3215
399.22624,440.3215 399.22624,440.3215 399.22624,440.3215
;
467.37244,430.98469 467.37244,430.98469 461.02688,428.53189
449.44427,408.66762 460.0,406.88859 466.61173,401.96505
481.19501,416.15167 472.5,419.88448 479.17555,428.78179
468.92877,421.71066 467.16666,422.00199 460.50117,430.1096
481.29564,427.46344 466.49999,428.91052 467.17369,429.78713
472.37793,431.81429 467.37244,430.98469 467.37244,430.98469
467.37244,430.98469 467.37244,430.98469 467.37244,430.98469
;
395.63922,408.9682 395.63922,408.9682 382.99821,410.00967
388.27548,392.4181 383.99858,384.87341 377.80312,363.93006
384.94172,339.86506 379.53516,319.79818 381.82466,307.22967
367.64972,302.96736 363.71864,292.02868 356.28901,277.18993
364.758,259.95369 371.0,245.88921 367.93313,244.63388
366.60887,247.98243 369.68113,232.59381 372.07739,221.548
358.3926,216.97958 354.21423,208.25057 348.55179,199.51575
352.75556,191.82238 354.80408,182.30387 355.4619,170.40004
358.02014,157.47566 359.94958,145.03302 362.22024,131.21889
381.20283,130.13035 381.25746,115.7813 385.48334,97.344619
383.24569,77.3681 391.43447,59.502021 395.13347,40.366945
426.09017,35.875443 433.00762,54.826749 441.95449,70.694137
439.14998,89.319413 438.71897,106.29847 439.94501,119.64327
452.2929,116.76741 459.73648,124.75 473.42537,128.75017
475.45358,146.06589 481.06982,158.0155 483.80236,175.39827
490.95764,194.47845 482.79826,211.15527 473.67487,217.97675
468.85089,228.55656 462.7966,237.08311 453.26312,241.51525
459.54965,256.63999 459.64022,265.66818 462.47391,272.8651
446.79905,268.32474 461.0,275.16586 454.86665,296.28954
454.71474,318.67577 456.35716,340.34035 465.29097,359.10649
466.6384,379.93184 467.04959,400.39492 460.06145,410.09737
447.34357,403.56385 448.40735,392.4106 442.71074,377.67417
439.67796,362.29948 431.05409,349.01299 424.02524,331.92446
421.85548,313.17608 414.57953,296.0 406.5043,300.10147
412.49142,316.58649 409.91338,325.3348 411.00379,336.10767
407.81659,344.89475 405.44779,354.1011 405.30171,371.14851
404.85518,388.19028 404.43118,405.23248 401.6009,407.53119
399.70821,410.05027 395.63922,408.9682 395.63922,408.9682
395.63922,408.9682 395.63922,408.9682 395.63922,408.9682
;
425.65264,315.0 425.65264,315.0 435.4035,308.86401
424.61418,307.63673 425.44197,296.6036 426.04663,287.75097
422.73853,274.11557 427.0,268.5 422.4656,265.28606
421.17242,246.38831 429.83301,242.5753 442.65642,238.78377
448.45323,218.17763 433.60932,212.93604 420.85617,219.19645
423.01462,201.0969 426.30141,193.76773 423.93019,196.8256
429.27647,183.91785 422.0,188.06445 413.77772,188.41177
406.01319,195.33903 414.3754,184.64179 420.66041,176.7734
422.07561,166.29487 422.0306,156.5 425.8252,164.4656
422.9254,134.13375 423.46507,133.44334 417.268,145.29732
423.56758,120.11528 420.94905,115.73584 423.83412,107.60855
434.56283,100.01212 432.8838,92.428197 435.34407,84.536661
430.48433,70.338675 426.89792,60.715702 425.00828,47.796378
410.7839,57.098884 407.30297,64.513445 403.24715,73.831676
399.62828,79.118817 397.23974,88.578667 391.85195,99.230849
401.76408,106.69897 404.09383,115.40393 407.08677,128.87112
403.07379,130.31372 398.36018,134.56667 398.17103,145.07702
402.898,154.97745 401.99285,165.5 392.54906,150.50877
390.16231,156.67341 399.64139,168.7 408.08218,175.66127
397.23219,186.5163 406.00033,187.0 410.94948,204.19832
402.14345,199.32751 390.30216,203.18143 373.0563,211.07725
391.56529,240.2322 405.90086,227.99996 410.7989,221.13973
406.9788,245.8382 405.21107,250.97371 402.94697,260.62113
396.66032,273.3407 412.23705,273.23931 427.40639,266.74677
420.58178,287.00896 422.35214,295.57646 423.99792,301.14197
419.4324,312.79075 425.65264,315.0 425.65264,315.0
425.65264,315.0 425.65264,315.0 425.65264,315.0
;
418.36663,269.94413 418.36663,269.94413 409.46138,270.03643
404.08242,258.20599 408.63208,259.05017 416.1571,258.39299
421.18237,255.94608 418.62681,267.68087 418.67201,268.51237
420.13058,270.63868 418.36663,269.94413 418.36663,269.94413
418.36663,269.94413 418.36663,269.94413 418.36663,269.94413
;
419.08288,253.89764 419.08288,253.89764 400.57763,249.34015
419.06318,249.8569 412.95794,246.87708 409.61842,238.68157
411.62971,224.79115 410.77784,214.0 408.81052,198.36858
420.99097,192.96219 421.13622,196.19098 422.82825,193.12472
417.8352,212.73552 418.92652,218.30289 411.36794,225.85116
412.8029,245.15666 416.26433,225.5 423.43389,215.18607
415.54361,238.08588 420.82907,241.54906 416.34369,236.42624
412.92043,245.41619 419.5067,251.84045 417.69837,250.68296
420.91841,255.08521 419.08288,253.89764 419.08288,253.89764
419.08288,253.89764 419.08288,253.89764 419.08288,253.89764
;
431.84617,238.0 431.84617,238.0 417.53937,232.48306
437.11228,231.19387 426.61502,227.62328 416.94233,227.30366
432.11679,207.27741 438.93083,220.83998 443.72446,229.08923
434.12687,234.2372 431.84617,238.0 431.84617,238.0
431.84617,238.0 431.84617,238.0 431.84617,238.0
;
432.13342,223.88169 432.13342,223.88169 443.02449,214.53039
414.6717,220.11433 430.5,223.76337 430.5,223.76337
432.13342,223.88169 432.13342,223.88169 432.13342,223.88169
;
399.46875,227.45571 399.46875,227.45571 387.76728,229.84371
379.8654,207.948 393.92338,205.20932 412.55065,204.57056
395.68798,202.71406 395.12313,210.42443 406.1638,207.56697
408.71502,213.60005 399.52188,215.49997 406.07676,223.74146
403.66257,218.93289 403.09859,224.24117 407.24896,224.57991
400.58021,228.09913 399.46875,227.45571 399.46875,227.45571
399.46875,227.45571 399.46875,227.45571 399.46875,227.45571
;
407.75,177.98469 407.75,177.98469 399.60145,170.17081
411.9376,159.38907 406.5,158.76254 420.3163,166.43772
393.41039,143.70549 405.58805,151.34564 412.20898,163.83827
401.56687,130.2712 411.06731,145.16016 404.37202,129.30745
416.18751,146.74238 416.99915,140.0 415.85841,146.11293
419.99578,154.70472 417.55744,163.5 420.0866,174.84618
406.52394,175.55539 407.75,177.98469 407.75,177.98469
407.75,177.98469 407.75,177.98469 407.75,177.98469
;
416.25,136.89791 416.25,136.89791 405.22361,136.72696
407.17569,122.41899 411.75102,128.5 404.92559,113.58125
408.18044,111.74363 413.77925,116.27139 415.71631,103.92693
418.63985,128.92684 417.03461,134.66817 415.70344,134.16781
418.18986,138.10596 416.25,136.89791 416.25,136.89791
416.25,136.89791 416.25,136.89791 416.25,136.89791
;
412.59636,109.99626 412.59636,109.99626 398.59903,108.24851
398.07893,88.258379 407.14792,80.094126 406.3144,76.181881
412.12009,90.149312 409.19914,72.104648 411.72207,58.904895
425.18596,58.243121 427.19909,72.068908 430.08379,75.793576
416.40363,64.937125 412.01735,74.684016 420.80776,73.743429
409.96578,85.455421 422.04993,83.469145 424.07213,80.556598
431.99218,70.650624 427.59019,88.415907 428.96208,97.901342
422.71127,109.248127 412.59636,109.996257 412.59636,109.996257
412.59636,109.99626 412.59636,109.99626 412.59636,109.99626
;
411.06424,107.0 411.06424,107.0 423.66311,104.29386
395.32103,103.45854 416.1143,100.00603 424.64304,105.01386
413.55688,91.35763 407.0,94.412063 415.25274,89.39693
412.80808,91.667305 415.75511,93.0 421.79944,82.141825
407.57886,92.315613 408.97999,86.214019 408.08714,98.444972
402.50178,80.169457 406.48335,93.916718 400.56301,97.817074
405.25347,106.56907 411.06424,107.0 411.06424,107.0
411.06424,107.0 411.06424,107.0 411.06424,107.0
;
389.0,314.0 389.0,314.0 400.64714,306.15416
378.84455,308.88666 389.0,314.0 389.0,314.0
389.0,314.0 389.0,314.0 389.0,314.0
;
452.5,263.0 452.5,263.0 458.61144,256.53905
447.06536,252.74072 452.5,263.0 452.5,263.0
452.5,263.0 452.5,263.0 452.5,263.0
;
396.10281,194.0 396.10281,194.0 403.53757,182.46756
384.31729,188.26357 396.10281,194.0 396.10281,194.0
396.10281,194.0 396.10281,194.0 396.10281,194.0
;
436.46862,192.0 436.46862,192.0 449.49708,184.1253
423.12153,183.70625 436.46862,192.0 436.46862,192.0
436.46862,192.0 436.46862,192.0 436.46862,192.0
;
427.68499,189.57573 427.68499,189.57573 440.76055,181.0435
420.44191,185.55323 427.68499,189.57573 427.68499,189.57573
427.68499,189.57573 427.68499,189.57573 427.68499,189.57573
;
454.88569,161.0 454.88569,161.0 469.55364,160.949
457.44068,144.36712 457.5,155.67093 470.56978,159.26555
446.1642,156.00336 454.88569,161.0 454.88569,161.0
454.88569,161.0 454.88569,161.0 454.88569,161.0
;
654.0,440.6395 654.0,440.6395 678.44334,440.6279
638.35804,439.62654 648.4186,440.6395 650.27907,440.6395
652.13953,440.6395 654.0,440.6395 654.0,440.6395
654.0,440.6395 654.0,440.6395 654.0,440.6395
;
84.826275,428.5 84.826275,428.5 89.078887,419.30026
80.489911,410.04655 82.0,399.6 90.19622,413.311
78.439358,395.0814 82.202976,388.50247 76.733097,377.49708
81.299886,368.33561 77.85288,362.5 77.5771,354.8276
73.134612,329.42283 74.316778,350.27872 76.082283,377.42051
80.201386,405.53988 84.475578,431.5 84.475578,431.5
84.703069,429.55395 84.703069,429.55395 84.703069,429.55395
84.826275,428.5 84.826275,428.5 84.826275,428.5
;
765.88974,401.44359 765.88974,401.44359 760.44423,392.91169
750.4913,391.54198 763.81325,400.65856 764.39224,398.90498
765.32638,403.47534 765.88974,401.44359 765.88974,401.44359
765.88974,401.44359 765.88974,401.44359 765.88974,401.44359
;
538.18042,397.21958 538.18042,397.21958 537.07142,381.18983
527.641,392.22789 538.18042,397.21958 538.18042,397.21958
538.18042,397.21958 538.18042,397.21958 538.18042,397.21958
;
342.0,392.6395 342.0,392.6395 366.44334,392.6279
326.35804,391.62654 336.4186,392.6395 338.27907,392.6395
340.13953,392.6395 342.0,392.6395 342.0,392.6395
342.0,392.6395 342.0,392.6395 342.0,392.6395
;
576.0,390.58492 576.0,390.58492 593.92929,390.69307
596.97745,390.53582 577.41777,389.97553 562.12262,390.22493
551.78447,390.82223 573.17442,390.58492 573.17442,390.58492
575.13372,390.58492 575.13372,390.58492 575.13372,390.58492
576.0,390.58492 576.0,390.58492 576.0,390.58492
;
490.5,389.63477 490.5,389.63477 513.8301,389.90635
484.02165,390.91406 482.4593,389.63177 485.13933,389.63272
487.82087,389.63477 490.5,389.63477 490.5,389.63477
490.5,389.63477 490.5,389.63477 490.5,389.63477
;
576.0,388.58142 576.0,388.58142 594.00941,388.67602
598.5307,388.54462 577.91719,387.99186 562.92348,388.1527
549.54499,388.83753 572.17442,388.58142 572.17442,388.58142
574.13372,388.58142 574.13372,388.58142 574.13372,388.58142
576.0,388.58142 576.0,388.58142 576.0,388.58142
;
374.52704,383.78966 374.52704,383.78966 374.81292,377.78109
372.26889,355.9705 372.36176,372.75 372.7265,376.10033
372.87067,381.73356 374.52704,383.78966 374.52704,383.78966
374.52704,383.78966 374.52704,383.78966 374.52704,383.78966
;
373.17163,364.39393 373.17163,364.39393 374.71943,354.08901
374.6695,340.23053 369.75155,330.5 372.67995,341.39421
373.0619,354.08245 373.17163,364.39393 373.17163,364.39393
373.17163,364.39393 373.17163,364.39393 373.17163,364.39393
;
1.7233956,324.25 1.7233956,324.25 5.0520408,317.00025
20.193327,322.8076 27.84658,319.48675 21.731212,321.28949
-0.82144017,313.47284 1.2370456,325.38917 1.2762886,330.14062
1.482551,325.47797 1.7233956,324.25 1.7233956,324.25
1.7233956,324.25 1.7233956,324.25 1.7233956,324.25
;
91.569371,310.0951 91.569371,310.0951 100.12134,289.41236
81.966328,326.93829 91.569371,310.0951 91.569371,310.0951
91.569371,310.0951 91.569371,310.0951 91.569371,310.0951
;
354.5971,301.48437 354.5971,301.48437 355.92681,293.28868
355.6514,267.9301 353.60222,289.15212 353.13899,292.12678
353.11834,302.05054 354.5971,301.48437 354.5971,301.48437
354.5971,301.48437 354.5971,301.48437 354.5971,301.48437
;
4.954387,281.98469 4.954387,281.98469 13.397913,278.27566
13.948278,278.41154 21.857256,270.93758 32.548431,275.42583
35.286542,263.74919 42.356056,259.26092 34.191477,255.277
21.448962,256.07842 14.028992,256.46507 8.5062855,271.68731
27.781486,264.27698 17.234897,273.06975 7.7783776,279.43353
-0.039359,278.49653 6.158732,275.0 -0.82998455,271.33176
-0.94046744,284.17794 4.954387,281.98469 4.954387,281.98469
4.954387,281.98469 4.954387,281.98469 4.954387,281.98469
;
25.690983,268.98469 25.690983,268.98469 11.55746,263.79111
36.868071,266.08611 26.540727,268.97969 26.540727,268.97969
25.690983,268.98469 25.690983,268.98469 25.690983,268.98469
25.690983,268.98469 25.690983,268.98469 25.690983,268.98469
;
1.5322242,272.0 1.5322242,272.0 7.5965278,267.43344
4.2841115,270.21868 4.9764095,258.5 4.5030767,262.5598
0.01109978,268.7714 1.5322242,272.0 1.5322242,272.0
1.5322242,272.0 1.5322242,272.0 1.5322242,272.0
;
74.331182,259.72341 74.331182,259.72341 82.347363,253.12017
49.049478,252.99703 62.117138,259.5 64.910547,254.82061
71.131794,259.00244 74.331182,259.72341 74.331182,259.72341
74.331182,259.72341 74.331182,259.72341 74.331182,259.72341
;
13.0,256.0 13.0,256.0 11.174723,249.40436
3.1950342,250.64597 12.0,256.0 12.0,256.0
13.0,256.0 13.0,256.0 13.0,256.0
;
1.75,238.96912 1.75,238.96912 9.9840803,236.74507
28.816693,238.82234 29.030542,229.29974 27.737755,223.52796
23.822408,198.28446 23.58881,208.24997 14.800965,217.44079
25.859858,210.09005 25.764688,228.0103 25.875485,236.65189
2.0895131,236.68311 5.1426612,231.45834 8.4574445,238.79446
-2.525758,233.64794 1.75,238.96912 1.75,238.96912
1.75,238.96912 1.75,238.96912 1.75,238.96912
;
76.75,233.93661 76.75,233.93661 84.986803,226.71186
59.410085,230.44353 76.458525,233.92861 76.458525,233.92861
76.75,233.93661 76.75,233.93661 76.75,233.93661
76.75,233.93661 76.75,233.93661 76.75,233.93661
;
3.3599469,228.60035 3.3599469,228.60035 7.3322819,220.1752
3.0807793,207.01549 2.9357647,196.88816 11.935907,194.7334
25.498332,195.29878 4.8978286,194.00633 -2.9658336,182.14972
3.229118,204.70651 1.3890599,213.01887 2.7115322,216.40774
-1.0724591,231.04655 3.3599469,228.60035 3.3599469,228.60035
3.3599469,228.60035 3.3599469,228.60035 3.3599469,228.60035
;
31.927492,226.0 31.927492,226.0 34.745799,210.50264
29.390667,204.54507 31.049392,223.96121 31.401932,224.41617
30.304615,230.31371 31.927492,226.0 31.927492,226.0
31.927492,226.0 31.927492,226.0 31.927492,226.0
;
60.625,215.93661 60.625,215.93661 64.747749,204.19363
48.128539,214.17719 60.625,215.93661 60.625,215.93661
60.625,215.93661 60.625,215.93661 60.625,215.93661
;
13.455844,209.3333 13.455844,209.3333 21.004301,199.60045
20.349635,193.031 13.556411,206.22837 10.470061,207.11166
11.962665,217.12893 13.455844,209.3333 13.455844,209.3333
13.455844,209.3333 13.455844,209.3333 13.455844,209.3333
;
62.814952,194.0 62.814952,194.0 64.914234,197.61325
65.680857,179.91464 65.449855,180.35942 63.50043,183.42984
58.990142,202.53303 62.814952,194.0 62.814952,194.0
62.814952,194.0 62.814952,194.0 62.814952,194.0
;
6.0833333,153.98033 6.0833333,153.98033 14.59499,155.17595
24.771632,145.55075 25.499994,153.57069 42.867253,154.20518
19.457696,150.22223 24.18887,136.64405 23.330033,125.84888
18.011065,113.85787 20.243736,103.68743 27.803693,96.645781
25.863203,119.97659 28.062941,125.5 32.609387,146.26271
30.333904,123.97146 28.607847,114.67833 23.869816,104.83865
26.575209,98.785119 30.0,90.720485 41.791392,79.447589
16.512089,87.098472 17.268464,78.823136 14.20712,70.239092
16.578041,53.201858 6.363423,51.5 -3.0635219,46.671588
1.6632233,78.110608 2.355265,69.064415 -2.9049005,57.458023
13.424441,51.034343 9.8719003,65.239357 2.1027451,68.987787
4.4136354,67.765149 4.2074852,79.138351 7.2701115,78.729704
2.6005514,69.983852 13.0,77.722656 6.6449036,69.382093
14.643489,71.553032 15.0,80.5 13.053493,86.658586
7.347685,71.964093 9.0,81.0 -1.4804819,89.083219
2.0033142,68.785138 1.4533661,89.228627 5.670872,99.36982
25.09949,89.604586 1.5,96.280646 2.2358468,102.17068
22.661547,89.033287 22.359659,96.554025 16.674117,100.17479
17.163678,101.16073 17.999326,113.25373 19.541767,120.23383
21.995248,144.788 18.905791,125.23217 15.137728,125.07339
21.161366,142.96605 21.00001,149.66667 16.738699,150.33059
8.1242272,151.60703 6.0833333,153.98033 6.0833333,153.98033
6.0833333,153.98033 6.0833333,153.98033 6.0833333,153.98033
;
27.147322,94.40895 27.147322,94.40895 12.471945,94.327823
21.96994,86.220409 28.0,93.881966 28.0,93.881966
27.147322,94.40895 27.147322,94.40895 27.147322,94.40895
;
29.833333,87.874833 29.833333,87.874833 12.516596,87.840473
23.527793,80.387631 31.166667,88.0 31.166667,88.0
29.833333,87.874833 29.833333,87.874833 29.833333,87.874833
;
4.084348,117.20093 4.084348,117.20093 9.9267401,117.42422
21.743768,107.86571 10.428571,113.0 15.84637,107.24428
-2.0963255,95.638837 4.1396032,104.61111 16.172403,107.5995
-7.3415769,109.75291 5.7064004,111.25642 3.4853091,108.6539
-3.3980108,118.63995 4.084348,117.20093 4.084348,117.20093
4.084348,117.20093 4.084348,117.20093 4.084348,117.20093
;
6.0,49.0 6.0,49.0 17.534798,46.638597
-0.60241331,38.932904 5.5331146,28.248003 4.4843693,22.921413
1.8277306,-7.6457488 1.0062327,6.4959187 2.2846608,15.844819
-1.0920151,33.635134 3.0,37.881966 -2.1533983,46.830085
12.745246,43.038585 1.0,47.5 -0.21970092,50.671677
4.641086,48.310468 6.0,49.0 6.0,49.0
6.0,49.0 6.0,49.0 6.0,49.0
;
