427.0,480.0 427.0,480.0 284.66667,480.0
142.33333,480.0 0.0,480.0 0.0,320.0
0.0,160.0 0.0,0.0 284.66667,0.0
569.33333,0.0 854.0,0.0 854.0,160.0
854.0,320.0 854.0,480.0 711.66667,480.0
569.33333,480.0 427.0,480.0 427.0,480.0
427.0,480.0 427.0,480.0 427.0,480.0
;
390.34879,453.86836 390.34879,453.86836 401.42572,449.83496
400.97662,433.74899 405.0,423.96567 405.26162,414.08865
410.44402,405.55474 410.01304,395.35894 414.46996,384.87093
413.87663,369.14075 417.43535,361.0 423.09535,356.18614
421.73411,350.86084 424.06813,341.5 425.94329,331.22611
427.85345,322.30729 431.0,311.1993 432.03118,297.29045
433.9404,324.14221 435.80734,328.69455 435.24293,338.26124
438.7029,346.49703 438.78597,353.99967 440.50455,359.47756
446.29911,367.60254 445.61966,378.07409 449.16382,392.27554
449.44664,407.27414 454.32894,420.99967 455.60923,433.58741
463.80657,444.19355 472.1093,453.24283 481.78053,453.59904
490.18164,448.44703 490.96407,439.54056 489.07691,429.1541
469.35727,423.10635 476.31339,410.83183 478.73013,389.61856
477.57956,368.3161 473.92061,347.46809 474.39129,329.5632
475.98042,311.1727 485.29443,295.5869 489.75277,282.58084
484.05104,273.6746 482.73914,260.54721 478.85001,248.35227
484.01789,241.97591 489.11946,232.13448 496.37006,224.15318
507.60553,214.71557 506.20906,201.66679 505.81114,182.23444
501.50729,162.68083 494.77846,144.91536 491.37642,138.32562
491.06392,133.65665 485.87256,128.6821 477.9405,123.62319
467.64084,121.10106 461.63856,114.54977 451.11293,102.25744
457.79865,85.636259 450.07261,72.016453 445.15149,57.789368
434.63468,37.245897 416.558,43.205821 398.19688,45.237043
388.10513,66.643793 386.97055,83.418544 388.35902,97.144978
385.55289,110.66072 384.72784,124.00737 385.02082,133.39426
371.64423,138.13312 370.30342,148.5 365.25088,166.00237
363.33592,184.2261 360.86995,201.8778 359.4163,211.54314
363.62214,222.53985 373.50007,225.5 385.03084,232.18052
382.66873,243.23177 381.00458,254.4593 381.06168,268.89683
374.23782,282.40422 376.83691,297.1693 376.57669,309.75682
390.17538,316.42107 387.98786,329.45908 388.5843,351.78853
379.69788,373.58207 383.67417,396.1503 383.28315,407.04032
389.09273,421.74745 377.3933,428.5 370.86877,434.90722
368.65623,445.20496 377.77742,449.55345 381.40274,452.43574
385.8006,453.56891 390.34879,453.86836 390.34879,453.86836
390.34879,453.86836 390.34879,453.86836 390.34879,453.86836
;
474.16906,446.7607 474.16906,446.7607 466.88992,444.73025
461.31481,430.10543 458.00101,421.5 464.64928,414.47789
474.6735,422.77393 479.87667,429.79712 491.26621,432.95492
484.07157,450.93937 478.9992,441.0 471.73982,439.59324
476.924,443.37643 474.16906,446.7607 474.16906,446.7607
474.16906,446.7607 474.16906,446.7607 474.16906,446.7607
;
391.38541,447.0 391.38541,447.0 388.3402,437.13425
381.5302,451.40141 380.0,440.86522 373.46606,441.60875
377.32165,434.49574 383.56519,428.0442 383.8268,419.20041
403.30661,412.27434 400.16079,423.94215 397.91965,431.35945
398.05328,442.7436 391.38541,447.0 391.38541,447.0
391.38541,447.0 391.38541,447.0 391.38541,447.0
;
463.55077,415.78735 463.55077,415.78735 451.83623,418.0496
454.77547,400.47926 453.03929,391.87139 448.19666,378.3633
449.54441,363.81934 442.81521,350.93941 440.15033,332.45199
437.71158,313.7887 433.40744,295.5 425.77601,298.84758
429.44469,314.46054 425.15094,322.46182 420.32064,335.9115
421.79842,351.3985 412.2112,362.52191 411.49431,378.78241
405.10791,394.3992 403.86599,410.19162 396.78992,422.14163
382.52594,411.65147 387.47446,399.22617 384.85093,378.64826
389.41969,358.57508 392.0513,338.38497 392.29515,327.34051
392.18843,314.89312 383.59887,307.22453 378.2071,296.40043
378.45664,282.8078 383.7695,272.54073 380.33187,266.51866
397.37712,251.73062 386.00079,253.21398 386.53471,265.27016
383.95039,240.45344 387.06035,233.75521 382.02867,226.53688
371.34711,221.65956 366.13724,213.58954 359.67666,200.16111
369.3434,185.41748 369.13045,171.05835 370.95826,154.77886
376.91801,138.79635 390.96817,129.33861 395.37295,117.26434
389.93864,100.96209 394.00835,88.707383 393.63916,72.650967
397.7011,49.415754 417.50001,47.942227 429.22881,40.032827
439.68808,57.081558 443.31622,66.930092 448.0816,75.608113
446.86141,85.987375 448.15336,93.539779 449.09322,103.42699
451.86548,117.10607 461.50001,121.99252 470.14099,123.75383
480.33095,129.66391 486.00001,135.48605 492.8776,148.97874
499.65375,164.60074 500.50182,179.9976 502.22972,186.63266
502.02868,197.17983 503.15303,203.50052 502.4892,213.55655
494.05962,222.27871 486.79064,227.80371 483.50319,238.36124
474.7376,244.04436 478.00003,256.19158 476.7251,262.57729
487.65331,282.21549 477.17129,274.00052 473.80346,282.80601
489.83166,282.613 481.07862,294.99585 474.78725,307.10193
470.72574,320.37985 470.42532,334.47793 467.68336,355.92088
476.70994,376.71829 473.18255,398.32094 472.17756,405.64427
475.05053,417.48274 463.55077,415.78735 463.55077,415.78735
463.55077,415.78735 463.55077,415.78735 463.55077,415.78735
;
412.24553,321.82014 412.24553,321.82014 421.80073,315.05514
401.29359,315.41842 411.9309,321.86484 411.9309,321.86484
412.24553,321.82014 412.24553,321.82014 412.24553,321.82014
;
444.15264,322.0 444.15264,322.0 453.07909,317.10774
447.49885,315.255 444.76108,307.68075 445.28993,296.04342
443.65892,282.24024 446.39418,272.24292 441.50942,263.16701
444.68994,251.72813 446.23334,242.0 462.91902,243.15071
465.96251,210.77825 447.238,211.0 437.03848,208.6475
447.57728,197.47747 450.24779,190.5 457.83014,203.68336
459.51289,182.33635 449.13254,186.27488 444.81994,192.3529
436.00158,209.48221 432.62679,202.35085 427.93253,199.86873
438.98042,188.67239 437.44317,179.72449 439.97053,162.19582
430.68734,145.86249 431.89595,128.5 429.62108,140.89007
424.96622,136.49491 416.88673,132.74354 411.97018,142.75633
420.75492,154.94381 420.66929,166.02802 409.10295,151.90421
417.67034,170.35435 421.54539,177.21559 419.74607,186.71674
426.40189,189.35916 427.26383,200.04489 430.99453,206.08721
410.22736,193.72409 407.91353,207.24615 401.8539,213.50469
404.63878,228.39121 408.35599,229.62555 413.02784,234.91708
431.30847,231.6401 429.02401,230.95284 429.03101,247.73561
422.11524,264.84952 421.88464,280.88812 433.69536,282.38832
445.80778,280.91902 440.60119,298.1744 442.45066,305.05983
436.47039,319.448 444.15264,322.0 444.15264,322.0
444.15264,322.0 444.15264,322.0 444.15264,322.0
;
434.66667,280.0 434.66667,280.0 422.82454,279.38116
424.57628,272.05532 431.15287,273.29571 436.53912,279.99274
440.64135,255.77104 440.98314,273.37491 435.20649,277.53105
426.30489,273.42771 434.66667,280.00004 434.66667,280.00004
434.66667,280.0 434.66667,280.0 434.66667,280.0
;
434.61837,257.98469 434.61837,257.98469 427.16818,253.43849
439.43245,235.73132 436.02409,255.8574 434.95212,255.8674
436.83749,259.30457 434.61837,257.98469 434.61837,257.98469
434.61837,257.98469 434.61837,257.98469 434.61837,257.98469
;
440.3692,249.0 440.3692,249.0 438.92696,244.24384
425.73178,230.6524 434.5,231.46937 438.83671,231.74528
438.01989,242.61345 440.36912,249.0 440.36912,249.0
440.3692,249.0 440.3692,249.0 440.3692,249.0
;
446.97432,239.0 446.97432,239.0 445.09644,236.2381
443.85659,230.47069 448.77571,227.56019 442.92496,223.44449
438.47887,219.8547 451.98952,222.17402 448.63345,233.7874
463.21062,217.06207 453.91409,228.93058 447.83298,230.61545
456.71139,238.91425 446.97432,239.0 446.97432,239.0
446.97432,239.0 446.97432,239.0 446.97432,239.0
;
418.28018,228.73589 418.28018,228.73589 404.85966,227.61234
408.04041,209.88986 416.53551,205.25728 416.85506,204.98902
407.74127,215.4774 413.51072,223.37143 418.23682,230.24505
419.79624,218.08843 415.06679,217.02075 415.08929,208.47747
432.42178,208.53429 418.85447,216.99415 426.3383,218.6872
426.04444,225.99384 419.7018,228.8352 419.7018,228.8352
418.28018,228.7359 418.28018,228.7359 418.28018,228.7359
418.28018,228.73589 418.28018,228.73589 418.28018,228.73589
;
438.68333,228.64999 438.68333,228.64999 434.02,228.27867
427.93934,212.04351 438.37129,208.56277 441.97194,214.71431
435.79907,222.2938 438.18333,226.78332 438.18333,226.78332
439.36667,227.96666 439.36667,227.96666 439.36667,227.96666
438.68333,228.64999 438.68333,228.64999 438.68333,228.64999
;
426.96862,177.0 426.96862,177.0 415.13149,167.89895
435.62234,161.45359 424.34549,162.03232 418.57958,146.80998
432.66891,170.76039 425.401,151.42918 427.7378,134.46317
433.88224,157.52377 432.17729,164.40666 432.92152,181.82316
433.70572,171.45905 426.70184,165.10925 425.33426,165.97209
430.98908,175.4492 426.96862,177.0 426.96862,177.0
426.96862,177.0 426.96862,177.0 426.96862,177.0
;
475.0,269.0 475.0,269.0 481.58807,261.37482
465.67362,261.61533 474.99999,269.0 474.99999,269.0
475.0,269.0 475.0,269.0 475.0,269.0
;
415.04004,197.0 415.04004,197.0 429.47386,191.53906
403.08327,185.15183 415.04004,197.0 415.04004,197.0
415.04004,197.0 415.04004,197.0 415.04004,197.0
;
475.01744,163.0 475.01744,163.0 489.12271,164.74396
476.3048,145.42135 475.29326,156.41969 477.69221,160.64928
472.09496,159.89642 475.01744,163.0 475.01744,163.0
475.01744,163.0 475.01744,163.0 475.01744,163.0
;
425.5993,125.0 425.5993,125.0 440.19346,122.92148
439.42812,103.61101 439.0,92.0 432.62369,86.168214
431.78118,69.431528 426.10969,68.856763 419.57397,66.736097
411.17571,79.14254 409.78735,87.846661 407.86733,97.19837
405.40864,102.95516 408.75751,112.51359 412.42779,118.2791
418.6625,124.61559 425.5993,125.0 425.5993,125.0
425.5993,125.0 425.5993,125.0 425.5993,125.0
;
426.5,120.34155 426.5,120.34155 425.14039,120.42015
429.76244,113.24336 433.24575,108.12313 437.72144,93.86316
435.25106,108.87823 433.82062,112.25 431.96105,115.32197
431.10405,120.52589 426.5,120.34155 426.5,120.34155
426.5,120.34155 426.5,120.34155 426.5,120.34155
;
425.69946,109.86383 425.69946,109.86383 409.61284,111.30875
436.37486,106.39268 425.25,101.18045 419.82471,114.41175
416.23349,90.665177 423.4247,97.33524 435.27669,95.40449
433.19318,97.49 431.49996,104.23684 435.29187,103.03239
428.64525,112.49317 425.69946,109.86383 425.69946,109.86383
425.69946,109.86383 425.69946,109.86383 425.69946,109.86383
;
418.16008,91.401064 418.16008,91.401064 410.37037,90.17244
420.97591,68.091404 427.79109,78.093139 434.07168,88.476784
418.76268,83.679885 418.16008,91.401064 418.16008,91.401064
418.16008,91.401064 418.16008,91.401064 418.16008,91.401064
;
422.58772,62.927201 422.58772,62.927201 428.21883,53.258563
413.5931,50.260306 420.22524,61.737677 421.07893,61.824627
421.0059,66.245113 422.58772,62.927201 422.58772,62.927201
422.58772,62.927201 422.58772,62.927201 422.58772,62.927201
;
