427.0,480.0 427.0,480.0 284.66667,480.0
142.33333,480.0 0.0,480.0 0.0,320.0
0.0,160.0 0.0,0.0 284.66667,0.0
569.33333,0.0 854.0,0.0 854.0,160.0
854.0,320.0 854.0,480.0 711.66667,480.0
569.33333,480.0 427.0,480.0 427.0,480.0
427.0,480.0 427.0,480.0 427.0,480.0
;
386.70295,451.885 386.70295,451.885 399.55323,449.38967
398.29063,431.793 401.46753,421.59923 403.50435,411.57926
406.76541,402.55322 407.42852,392.13628 412.7204,379.18395
409.7451,363.76249 419.32817,352.81349 422.23856,337.53757
425.87537,321.36259 430.0,307.00339 431.8362,315.0093
432.15417,325.74718 433.97957,331.90835 433.495,345.07742
438.45048,356.63841 442.98068,368.2604 441.30865,381.46504
448.42961,393.18576 447.65993,406.49939 452.48749,420.66384
455.59251,436.68009 467.65111,447.171 476.89908,454.34472
490.89947,443.77341 488.00002,432.21672 481.03751,424.2811
465.72562,416.63499 473.83036,404.42917 475.08938,386.00375
475.25333,367.6957 471.77326,349.58105 472.13983,332.80547
471.81276,314.2635 482.38211,300.50007 489.038,280.93576
477.57794,259.50947 482.11343,240.43832 486.63981,230.67634
493.96471,225.25893 501.08903,217.34119 510.37924,203.30485
504.41521,184.83165 502.00845,169.31117 497.88767,153.26476
494.55467,134.56854 480.68297,123.91376 472.68988,121.82171
461.48929,116.74786 457.19619,107.87748 448.09022,96.114362
454.48931,79.434773 446.82554,66.596855 441.99004,52.916836
431.87393,35.418991 415.11803,37.0 409.08233,39.77352
399.07135,42.040345 395.66367,47.940275 380.65219,59.552739
381.86005,80.001678 382.24853,96.819558 377.00901,106.31463
380.48692,116.05517 381.41304,125.39849 376.6528,134.95603
366.9886,142.7607 366.26768,154.66935 362.67878,173.73843
357.58912,193.84099 360.00767,213.01716 364.72095,223.14585
375.91629,225.0599 381.81847,234.14812 377.7895,249.20004
380.56411,265.40214 374.00056,280.03022 374.57347,292.42781
370.65217,309.5357 383.87634,316.4328 390.0107,338.89423
377.36839,360.48005 380.61341,383.08145 379.45556,394.69949
382.8115,407.19245 380.97549,418.20557 377.28789,426.48714
361.73507,437.50583 373.76498,445.44654 376.93628,450.39437
381.1623,451.46209 386.70295,451.885 386.70295,451.885
386.70295,451.885 386.70295,451.885 386.70295,451.885
;
473.30992,446.73003 473.30992,446.73003 464.97865,442.18681
462.95953,433.09692 457.70122,424.93048 446.41699,414.71375
466.17077,411.99296 469.98985,418.69013 477.94607,425.4241
480.48143,431.92246 482.1734,438.59996 469.85417,440.00653
473.26003,434.01232 473.30992,446.73003 473.30992,446.73003
473.30992,446.73003 473.30992,446.73003 473.30992,446.73003
;
389.9993,446.0 389.9993,446.0 385.58347,433.91211
378.17646,451.25647 379.13478,438.0 368.48211,434.72337
381.45715,427.86171 385.32095,418.70679 389.13506,410.94469
403.3373,416.45302 396.30248,427.83242 395.77151,434.04421
393.67321,441.63802 389.9993,446.0 389.9993,446.0
389.9993,446.0 389.9993,446.0 389.9993,446.0
;
393.2854,413.08159 393.2854,413.08159 383.2383,415.53241
383.94334,399.6831 384.2301,391.20754 382.54446,373.97438
385.48441,357.22344 389.17129,340.5407 389.09179,329.69106
390.79118,316.22692 381.53803,309.30627 376.14254,298.82858
375.60067,284.76838 380.94042,274.44445 380.87662,260.12557
384.86822,266.52505 388.08065,254.65755 380.73065,255.23187
383.67176,252.12829 384.69604,236.87922 387.81652,227.94429
373.70328,222.69913 368.61646,217.92582 358.17356,209.21311
365.38627,194.9163 364.73639,183.23547 368.98467,164.80707
368.19662,141.23649 386.50528,129.59093 390.92621,105.23834
383.52405,76.092424 396.96823,53.53992 402.4285,44.553673
412.46423,43.36392 421.07968,41.000007 437.51004,48.07208
445.73253,67.748756 443.48598,84.877879 445.66761,91.206338
446.05401,100.38534 450.95879,109.22206 452.31091,120.60684
465.52492,119.09316 470.45438,124.2871 480.72173,128.42507
487.07699,134.8376 491.01919,145.2359 497.65683,165.05137
503.75642,187.18053 501.25588,207.42566 499.47377,220.83845
483.82674,224.10041 480.53821,236.5 473.05718,241.92949
478.24079,255.80028 477.97563,263.48494 479.97254,276.47209
480.70736,275.18005 474.0,277.09932 481.75427,283.21152
482.30668,289.3108 477.99687,300.0532 467.04282,314.30931
468.70342,334.22493 467.60942,351.5 472.04817,370.52798
472.13478,391.06625 467.93997,409.76117 460.65902,419.72999
448.25452,408.29557 450.85784,398.13895 448.96329,386.46031
446.95678,374.80277 445.4306,363.4407 438.65282,351.28368
438.76029,337.2861 436.93621,323.92384 434.33553,314.85338
434.06936,302.04524 429.49209,294.99993 424.81529,305.20126
423.60399,320.4081 419.46278,332.4135 417.36306,342.83617
416.014,353.44338 409.583,361.79137 408.49968,377.52789
401.84112,392.43765 401.10002,407.83962 399.95299,413.30468
397.0861,411.26552 393.2854,413.08159 393.2854,413.08159
393.2854,413.08159 393.2854,413.08159 393.2854,413.08159
;
408.87775,322.8041 408.87775,322.8041 421.89228,314.09363
395.11096,316.35633 408.87775,322.8041 408.87775,322.8041
408.87775,322.8041 408.87775,322.8041 408.87775,322.8041
;
441.65264,323.0 441.65264,323.0 452.19837,318.25224
441.16443,314.79448 442.56374,305.62629 442.19194,295.04228
440.9932,280.70423 442.86617,273.34032 437.4208,263.49455
441.41308,250.96748 441.29156,240.04653 458.67978,243.0671
463.06152,210.08258 445.5,208.27671 431.61331,215.46461
444.96961,190.71496 447.61292,191.65917 450.10665,202.7337
460.46463,184.39694 448.01256,189.1298 445.36617,174.76322
443.67675,193.46523 440.10168,192.54052 436.83791,184.24291
433.54391,202.22655 427.88086,201.96689 419.93971,200.10552
413.85183,182.78655 409.93043,194.41335 414.68981,200.31923
394.84752,209.86071 403.77986,220.06819 403.68836,229.26541
410.74102,228.37313 420.73023,229.58408 434.17107,217.74977
424.9436,242.16537 424.4619,250.91944 424.69186,260.70744
415.02846,276.07939 421.75013,282.61784 432.39585,284.17601
442.31267,282.39479 437.00437,296.49999 439.64493,306.06357
436.19899,313.68637 438.69036,322.24999 438.93135,323.78489
440.60691,322.85038 441.65264,323.0 441.65264,323.0
441.65264,323.0 441.65264,323.0 441.65264,323.0
;
432.75,280.92105 432.75,280.92105 415.37863,277.21748
431.21586,275.49068 435.0,270.00004 438.46942,263.91034
429.80084,282.44872 432.74994,280.92104 432.74994,280.92104
432.75,280.92105 432.75,280.92105 432.75,280.92105
;
432.75,259.96959 432.75,259.96959 425.01498,251.28758
436.75362,243.31437 433.0,259.99999 433.0,259.99999
432.75,259.96959 432.75,259.96959 432.75,259.96959
432.75,259.96959 432.75,259.96959 432.75,259.96959
;
436.74187,245.31149 436.74187,245.31149 435.01146,250.27267
425.934,221.68087 432.80575,237.48149 432.30691,240.91704
438.89016,241.63574 436.74187,245.31149 436.74187,245.31149
436.74187,245.31149 436.74187,245.31149 436.74187,245.31149
;
446.0,235.68834 446.0,235.68834 435.97264,235.38998
446.48056,229.61773 444.66679,221.0 427.57792,221.11948
450.9873,213.47793 449.43986,222.7762 455.1167,214.04531
454.31903,228.44168 448.69966,226.01858 449.5341,230.95666
452.95833,228.12129 446.00012,235.68834 446.00012,235.68834
446.0,235.68834 446.0,235.68834 446.0,235.68834
;
417.91033,225.38795 417.91033,225.38795 409.91262,227.31996
400.67759,212.67823 409.71004,208.5 415.35062,196.00116
405.82312,227.28097 417.75047,218.25 411.7867,213.47346
412.11898,207.2938 422.30902,207.07063 422.44079,207.11523
415.03212,214.6897 421.56338,216.61401 417.46059,218.91113
429.45761,226.61439 417.91033,225.38795 417.91033,225.38795
417.91033,225.38795 417.91033,225.38795 417.91033,225.38795
;
432.33059,226.0 432.33059,226.0 428.16145,220.97847
431.03555,197.43146 435.17004,208.75003 432.87136,214.33408
432.23485,219.43445 432.33059,226.0 432.33059,226.0
432.33059,226.0 432.33059,226.0 432.33059,226.0
;
473.23326,269.0 473.23326,269.0 480.21473,262.55684
463.00071,261.8212 473.19256,269.0 473.19256,269.0
473.23326,269.0 473.23326,269.0 473.23326,269.0
473.23326,269.0 473.23326,269.0 473.23326,269.0
;
428.09171,195.96959 428.09171,195.96959 432.87742,186.27082
433.20746,173.26033 434.17065,161.99999 428.87772,156.22575
432.21773,142.24919 428.02978,133.70036 426.47509,128.35429
420.81663,139.35974 417.46821,131.44112 411.69301,129.23643
412.61989,145.49272 415.72672,153.54431 422.66426,173.14843
413.38323,155.94518 407.17725,159.33114 413.766,165.80942
422.28091,177.28984 419.04104,185.90596 419.13164,190.66015
424.54585,192.51275 428.09171,195.96959 428.09171,195.96959
428.09171,195.96959 428.09171,195.96959 428.09171,195.96959
;
427.02207,178.0 427.02207,178.0 423.11822,171.97506
421.46699,169.61173 423.00187,160.70718 412.63554,152.94646
430.44279,143.19018 421.10444,141.21455 427.09219,131.29731
426.36433,163.66241 427.61317,153.69809 427.43445,161.42641
431.29831,171.92631 427.02207,178.0 427.02207,178.0
427.02207,178.0 427.02207,178.0 427.02207,178.0
;
454.88337,175.0 454.88337,175.0 464.57833,171.11257
451.68097,164.07734 454.88337,175.0 454.88337,175.0
454.88337,175.0 454.88337,175.0 454.88337,175.0
;
459.05902,169.0 459.05902,169.0 473.09896,161.79317
451.10222,162.3879 459.05902,169.0 459.05902,169.0
459.05902,169.0 459.05902,169.0 459.05902,169.0
;
473.03212,163.0 473.03212,163.0 487.64815,164.33671
476.4891,145.1702 472.80321,157.26035 480.99817,159.46149
466.87817,159.94499 473.03212,163.0 473.03212,163.0
473.03212,163.0 473.03212,163.0 473.03212,163.0
;
427.0,129.0 427.0,129.0 428.49079,120.26716
425.04487,115.41821 431.77683,107.59937 434.06852,102.22331
435.18138,73.9602 431.50268,91.945915 432.20742,85.810847
429.36879,75.633744 428.19122,78.622327 427.35339,69.288286
424.28184,57.829756 417.1732,57.773202 407.18734,58.481347
402.39434,74.154553 401.33988,83.776168 399.87241,94.797337
398.76293,107.36009 409.96245,113.69402 415.55196,121.86367
427.16838,121.30503 427.0,129.0 427.0,129.0
427.0,129.0 427.0,129.0 427.0,129.0
;
425.39985,104.0 425.39985,104.0 415.50376,98.587831
414.8923,104.0328 422.0,94.244889 411.44308,89.975487
415.29107,99.387946 411.18323,83.546556 409.60215,78.773375
411.87161,61.588993 417.93302,65.582303 429.53664,73.295053
404.25323,77.20299 412.87312,81.743402 412.35933,90.185203
430.79736,84.717589 425.67229,97.893588 425.26564,99.403912
426.24006,103.00037 425.39985,104.0 425.39985,104.0
425.39985,104.0 425.39985,104.0 425.39985,104.0
;
409.72367,96.11309 409.72367,96.11309 409.62937,99.754587
401.13798,85.600692 409.20316,93.11309 411.06187,93.379528
409.81895,94.996104 409.72367,96.11309 409.72367,96.11309
409.72367,96.11309 409.72367,96.11309 409.72367,96.11309
;
415.75,51.566187 415.75,51.566187 424.51779,43.044466
405.02265,47.832309 415.75,51.566187 415.75,51.566187
415.75,51.566187 415.75,51.566187 415.75,51.566187
;
