427.0,480.0 427.0,480.0 284.66667,480.0
142.33333,480.0 0.0,480.0 0.0,320.0
0.0,160.0 0.0,0.0 284.66667,0.0
569.33333,0.0 854.0,0.0 854.0,160.0
854.0,320.0 854.0,480.0 711.66667,480.0
569.33333,480.0 427.0,480.0 427.0,480.0
427.0,480.0 427.0,480.0 427.0,480.0
;
4.5299374,479.0 4.5299374,479.0 13.657292,476.05875
-6.8809609,469.06429 2.959302,479.0 2.959302,479.0
4.5299374,479.0 4.5299374,479.0 4.5299374,479.0
;
41.067388,479.0 41.067388,479.0 39.747017,472.21433
53.081279,473.38241 60.483329,473.06489 68.049007,471.89396
64.330142,455.71182 67.046007,464.5 71.680393,479.91889
60.23563,466.92237 70.097926,478.16586 78.791371,465.87051
69.475809,477.83444 69.849316,470.55968 64.89741,428.32942
58.9661,386.21393 53.022211,344.10569 55.636256,341.8386
76.115117,340.69552 81.010428,343.43152 79.644596,352.94413
91.293447,362.70162 87.768989,369.89242 80.884679,379.25904
71.742072,388.92021 76.795604,401.28638 78.710078,415.5714
79.492135,430.03494 82.201657,444.19461 92.708224,442.55606
74.571325,462.32889 72.854144,451.27253 77.480919,442.63625
65.087268,434.95814 70.049408,448.72854 69.734383,459.1278
70.514413,463.19014 76.468991,466.05017 86.047543,464.39674
67.968419,486.18372 79.08045,475.5 86.950775,468.6139
86.494724,471.10045 94.939903,463.08304 93.905081,457.85899
108.19857,439.11068 102.53572,444.43848 93.545514,458.8212
93.422207,452.66194 102.24354,441.19462 109.42933,431.45413
113.10213,431.23044 107.01526,440.68426 105.74029,439.51403
118.44461,437.12598 127.61118,438.7257 139.06719,433.96159
156.55243,433.77946 161.10428,419.97785 166.99468,413.49462
147.76304,414.89528 165.20557,412.62883 185.22374,411.38966
207.05832,411.36924 225.99993,410.41538 216.40593,432.39887
208.16688,456.34058 201.57143,478.90483 208.62111,471.15463
210.27712,455.87188 215.16353,445.19605 218.51172,432.78252
225.543,420.59187 228.27897,408.64247 203.83642,407.7925
177.33014,410.50155 152.06062,409.5 157.93618,410.85656
136.10132,409.4767 130.54625,411.78991 120.34477,412.61317
108.73891,410.40392 111.30436,403.0 107.97692,370.25295
103.81125,337.38445 100.34682,304.75231 108.51128,301.79308
119.888,292.27611 123.9999,282.07968 126.58551,271.21489
115.82378,262.59417 114.9999,253.20222 108.61045,248.47073
114.50159,232.55772 112.97959,223.40354 113.02739,213.47999
111.58486,202.4831 106.61446,194.61464 105.579,185.85529
101.98418,190.45847 102.85004,182.25109 116.24282,176.42966
105.93763,179.70166 102.051,170.87137 102.73031,159.82858
99.71282,149.8269 98.615197,141.18344 90.457459,134.09986
85.902194,157.77945 88.262919,141.87246 82.101826,131.65661
83.185175,134.8873 76.0,135.84498 78.51809,139.66755
66.312284,145.94854 68.127555,139.33627 58.554938,127.65842
66.386297,154.53826 62.562938,147.57267 51.349614,148.0859
55.195931,135.7483 43.301749,136.99999 25.952284,135.47246
31.219365,142.19737 31.285494,145.49465 31.647341,151.01082
33.914368,159.98808 40.998992,159.5 36.700056,177.73096
33.763509,171.2637 32.34882,156.62141 26.514057,147.74678
27.074508,156.65671 30.432481,157.39832 29.339581,166.91205
36.474658,176.50439 28.49088,175.49017 16.221663,174.97596
21.545742,155.52709 17.012503,146.68709 14.200884,137.46692
17.623902,122.40433 22.031769,135.0 20.938392,139.55486
25.630777,164.24939 25.929165,152.45757 26.696577,142.9013
19.477638,133.04556 23.533305,124.97236 34.984234,110.81649
16.322088,115.19398 12.760535,106.56886 11.620844,92.86164
8.8707662,91.437548 6.8242043,83.0 -7.6737381,80.220342
15.35279,94.687216 1.518596,97.494899 -3.1838474,103.22165
11.764755,106.65303 2.6177407,107.0 14.259337,115.94449
-1.0514351,96.481333 8.4589465,103.86059 11.360186,109.9759
-11.013379,119.34507 8.206222,121.30188 9.9889461,120.01295
-7.6648446,127.53553 12.374745,122.65373 24.312827,122.82826
11.489034,125.72967 13.319065,131.94591 14.180653,146.98299
17.018855,162.19888 20.134775,177.0 40.55651,176.20469
21.813412,179.93461 12.132456,179.84194 -5.8976682,184.59167
22.350178,182.54248 22.017352,187.31598 23.877036,196.75141
-1.1584594,183.97662 1.9611394,186.92739 -1.5345644,192.70628
5.7493296,194.50742 17.5,194.72026 4.5969723,193.39047
-6.0158196,197.80522 13.5,197.0 29.209602,196.87955
23.003994,201.43775 34.605575,197.0661 44.279161,200.04187
64.876749,191.16367 66.061399,203.35106 68.799571,226.90598
69.623976,251.11141 74.105817,274.19775 74.872099,279.07075
53.325794,272.42457 52.233743,281.51546 51.965216,287.9921
42.848576,290.26353 40.881966,295.00002 41.996736,292.61484
24.492523,296.68444 17.57102,298.04201 12.614222,293.99579
23.812214,286.56796 26.223868,278.90729 38.830288,271.05792
16.229088,272.84419 10.46757,272.64428 -0.7098486,268.41856
-2.7998763,271.02914 8.5,276.0273 18.444413,282.29433
4.8578147,275.41392 6.9686152,280.0 3.2892914,274.18285
7.5426836,293.50035 2.7155217,290.99652 8.6380648,284.97109
25.614287,284.14768 9.8133345,290.42636 -8.013884,300.97088
9.3603569,290.93189 11.6,295.60761 -0.90908383,301.57268
0.92910794,302.52306 18.630296,301.84499 35.307145,301.81029
53.572191,303.27712 66.398976,290.46789 72.85566,288.99216
55.033959,303.89985 47.952016,302.58956 32.381967,303.31873
16.607853,302.73965 1.0,304.30393 6.2238578,310.55609
23.215606,304.66565 33.108582,306.10003 50.263431,299.84819
45.910992,317.84399 47.689518,328.92765 54.900076,346.01454
45.309893,340.4832 31.628546,342.22404 23.135785,348.58063
23.417639,344.59189 21.952837,350.73274 11.749328,359.57173
21.007331,348.7337 18.974582,348.77118 17.661747,356.62392
-1.6565935,355.8969 13.453134,356.68815 20.268628,368.18223
13.797221,356.57399 8.9782049,364.102 11.921988,380.89024
3.2131408,358.64411 7.0,364.78602 -0.04109789,373.12083
0.01840595,375.11389 6.959302,375.0 6.960492,379.24565
25.932336,365.37313 17.614536,357.96846 22.711378,345.07149
35.874132,353.09947 29.95477,352.82652 18.232715,365.66182
26.737822,354.57371 34.21765,356.30095 41.996859,349.00668
53.812954,339.79521 51.279579,358.9155 56.438591,372.05847
50.890353,376.50918 38.25,376.84158 29.583919,380.80208
64.21769,372.86165 48.0,377.39193 33.513351,383.02444
18.587355,385.53827 3.0,385.52462 2.5176483,373.23528
5.5633635,390.79933 2.1115002,388.41227 1.4786834,409.16288
-0.88652209,385.76137 10.709932,389.29442 18.094901,388.84259
24.113256,388.7542 36.25,385.22583 39.501499,380.71224
53.640271,374.19982 54.0273,384.5 49.021391,391.41109
58.631942,389.42805 49.136261,393.15845 39.68679,393.85764
14.43828,395.3725 37.249128,394.40612 47.585881,389.59216
66.090914,398.76183 51.247695,403.21244 42.357442,402.47031
27.083286,408.05438 22.0,402.97629 16.671405,405.03696
34.605025,407.82543 42.915988,405.50601 68.238781,404.0083
24.237002,407.98509 34.415415,407.65087 42.02123,408.63284
62.607941,402.47713 56.256001,412.07204 49.074927,412.19721
59.739957,414.3428 54.683369,414.71843 63.016951,419.12839
58.861611,435.37171 61.946637,444.54537 71.662432,456.08308
45.46158,455.30386 60.5,456.90256 64.915688,457.57614
41.652981,461.01489 43.346835,456.24783 27.695043,457.80714
47.134456,457.21444 41.5,461.85939 48.325451,459.71669
34.68063,470.38423 46.340566,470.32614 59.995363,467.82173
36.894353,476.37805 39.469519,470.62425 33.29268,479.19031
22.819632,458.82429 31.881233,460.00004 27.59785,456.25385
45.719418,453.66759 29.11392,455.23744 29.686057,440.15295
30.147292,423.46182 19.0,412.17953 12.049995,407.24956
3.4977505,416.46515 1.0,414.14665 2.6055499,423.70958
2.6279235,411.16857 8.8000309,417.8132 14.379367,421.11684
20.253068,447.76284 12.135969,440.19292 1.9537682,427.5902
-2.271888,432.5403 10.596137,442.20663 22.573879,457.71081
19.273125,431.63674 15.956358,424.37847 4.3230298,412.34641
11.362796,409.61346 21.800916,420.56562 30.015946,434.59769
24.29428,452.49195 26.615133,467.27233 35.05819,476.00216
34.130084,474.46583 36.5,477.77295 40.827595,472.63604
38.775608,478.5586 41.067388,479.0 41.067388,479.0
41.067388,479.0 41.067388,479.0 41.067388,479.0
;
58.041667,468.0 58.041667,468.0 43.795287,463.00293
71.41198,457.26114 58.790698,468.0 58.790698,468.0
58.041667,468.0 58.041667,468.0 58.041667,468.0
;
89.923538,465.04092 89.923538,465.04092 82.688192,461.23801
102.19191,449.97587 89.998238,465.00092 89.998238,465.00092
89.923538,465.04092 89.923538,465.04092 89.923538,465.04092
;
86.380666,459.96429 86.380666,459.96429 83.492621,461.76543
97.70117,438.9954 86.17403,456.20466 77.152619,465.45899
85.818854,451.19742 82.690983,454.3091 87.536884,450.00269
86.492313,450.65402 90.552104,442.44798 93.603642,435.63744
97.522014,434.48506 96.690983,427.69106 100.53072,433.59793
101.80124,412.94107 106.0,417.80008 107.04387,423.60284
116.70476,420.37023 104.09615,434.41837 97.621283,442.50777
92.84263,451.89397 86.380666,459.96429 86.380666,459.96429
86.380666,459.96429 86.380666,459.96429 86.380666,459.96429
;
85.015745,439.31224 85.015745,439.31224 84.848585,436.36617
75.544905,412.29105 88.40457,417.24028 104.07425,415.46322
88.108423,430.921 86.222822,437.65082 86.222822,437.65082
85.755968,438.5 85.755968,438.5 85.755968,438.5
85.015745,439.31224 85.015745,439.31224 85.015745,439.31224
;
123.0,434.59775 123.0,434.59775 107.01558,437.81108
119.71779,423.26007 109.86553,431.19887 112.59602,418.2318
125.35311,420.26818 135.70137,416.2564 142.66758,411.62956
162.25538,415.84489 152.66603,425.27491 143.34912,429.33576
133.21296,433.72891 123.0,434.59775 123.0,434.59775
123.0,434.59775 123.0,434.59775 123.0,434.59775
;
107.97237,421.0 107.97237,421.0 106.90561,410.66962
105.64773,394.24519 104.36965,381.6076 103.59438,369.57459
101.13088,357.57143 102.5282,345.5 106.64922,367.98788
107.663,391.25503 110.27997,413.65612 111.49495,416.92491
132.18266,411.41868 119.99995,416.13614 115.24787,418.42162
110.39887,417.0063 107.97237,421.0 107.97237,421.0
107.97237,421.0 107.97237,421.0 107.97237,421.0
;
95.63499,416.90032 95.63499,416.90032 103.06093,412.1811
81.214051,420.02793 81.166293,411.70035 80.304581,402.04063
79.471194,397.77998 78.013,388.5 83.19053,384.43818
93.210526,357.63831 94.735492,373.9395 97.737633,386.81339
95.949943,402.51338 98.34161,414.0 99.963168,400.0946
96.579952,382.30915 96.73894,366.85125 86.277917,363.07322
82.640276,347.51396 85.054083,337.78374 88.197891,322.69891
99.978245,335.13925 99.790051,344.45934 98.67616,366.16475
101.66985,387.63335 104.96171,409.00005 99.464114,399.78267
104.01697,417.32073 95.63499,416.90032 95.63499,416.90032
95.63499,416.90032 95.63499,416.90032 95.63499,416.90032
;
37.5,348.73074 37.5,348.73074 39.641806,350.12727
22.122402,344.65839 38.377884,344.04679 50.252432,342.9307
41.955435,345.55715 37.5,348.73074 37.5,348.73074
37.5,348.73074 37.5,348.73074 37.5,348.73074
;
62.997688,340.50051 62.997688,340.50051 55.148166,337.6267
62.080754,320.13669 66.308283,312.62946 70.269665,301.40422
70.95071,287.32975 84.0,282.83333 79.965197,294.25607
85.255724,296.24651 85.992915,308.09538 86.462853,318.26741
89.322483,328.74463 82.507026,336.96801 81.6262,343.47205
67.852413,337.56448 62.997688,340.50051 62.997688,340.50051
62.997688,340.50051 62.997688,340.50051 62.997688,340.50051
;
101.56627,338.76706 101.56627,338.76706 95.326753,329.82668
97.798477,314.06542 95.122515,302.54415 100.11045,306.05548
97.769205,321.65615 100.3241,329.42687 100.4946,332.41574
102.27952,336.07386 101.56627,338.76706 101.56627,338.76706
101.56627,338.76706 101.56627,338.76706 101.56627,338.76706
;
52.686444,335.0 52.686444,335.0 47.860474,325.37704
51.083213,309.14231 52.01458,329.5 51.735303,330.76051
53.992694,334.64419 52.686444,335.0 52.686444,335.0
52.686444,335.0 52.686444,335.0 52.686444,335.0
;
61.614014,319.89475 61.614014,319.89475 55.661394,335.49749
55.466826,305.48312 58.720529,301.43954 73.945486,287.34032
63.384562,310.1752 60.463131,318.00143 52.032753,336.04036
71.480055,299.02603 62.21457,318.72708 62.21457,318.72708
61.614014,319.89475 61.614014,319.89475 61.614014,319.89475
;
90.106989,318.0 90.106989,318.0 84.682769,308.33231
89.416753,302.14632 90.106989,318.0 90.106989,318.0
90.106989,318.0 90.106989,318.0 90.106989,318.0
;
102.216,300.0 102.216,300.0 92.693414,297.5013
114.52555,274.16235 105.50443,278.76753 99.613408,296.97121
95.257412,292.82151 95.735313,275.5 82.004607,275.451
97.674551,269.27154 104.35519,264.5398 121.58905,255.57251
102.21039,285.08206 113.37347,268.91932 120.81551,262.56222
124.41046,285.97954 114.70579,289.52442 110.44369,292.48318
107.56274,299.81189 102.216,300.0 102.216,300.0
102.216,300.0 102.216,300.0 102.216,300.0
;
50.50727,296.65406 50.50727,296.65406 38.547574,296.90218
54.703823,287.50743 57.5,282.96251 76.355861,281.37666
62.846628,292.82699 53.368587,296.26187 53.368587,296.26187
51.427434,296.52794 51.427434,296.52794 51.427434,296.52794
50.50727,296.65406 50.50727,296.65406 50.50727,296.65406
;
96.28071,297.0 96.28071,297.0 92.772223,292.96144
92.56644,266.58737 94.898493,280.5 95.214159,285.81674
96.560361,292.2374 96.28071,297.0 96.28071,297.0
96.28071,297.0 96.28071,297.0 96.28071,297.0
;
89.534736,291.0 89.534736,291.0 85.496947,281.45219
87.572595,270.39981 89.492176,287.20041 88.37018,287.43421
91.253476,291.3086 89.534736,291.0 89.534736,291.0
89.534736,291.0 89.534736,291.0 89.534736,291.0
;
74.514024,287.0 74.514024,287.0 76.50804,276.65984
89.623013,279.88882 75.028046,287.0 75.028046,287.0
74.514021,287.0 74.514021,287.0 74.514021,287.0
74.514024,287.0 74.514024,287.0 74.514024,287.0
;
73.0,279.98746 73.0,279.98746 64.856688,279.49037
90.070678,270.49267 78.537142,277.33757 76.672024,278.07145
74.963108,279.72235 73.0,279.98746 73.0,279.98746
73.0,279.98746 73.0,279.98746 73.0,279.98746
;
77.824183,270.0826 77.824183,270.0826 74.703754,275.64267
73.846162,249.3861 77.960912,268.66004 77.960912,268.66004
77.824183,270.0826 77.824183,270.0826 77.824183,270.0826
;
81.899476,272.24665 81.899476,272.24665 77.694399,269.71542
82.91039,247.51988 79.0,250.93723 83.482798,243.08115
85.095188,231.67032 84.070268,226.87839 83.268745,223.18904
89.229478,227.98916 87.0,212.66667 85.950618,210.67342
81.864416,220.68054 81.988141,230.47091 76.239649,247.79961
77.817588,225.12234 76.114277,217.89926 77.05642,209.24211
67.313083,189.54544 83.199792,195.61968 91.284077,198.54977
110.08456,191.42733 106.59745,205.50119 106.74465,217.33846
106.89184,229.17574 107.03904,241.01301 98.551832,251.52242
106.79887,245.99712 104.41798,253.85971 111.63044,258.05062
99.003405,265.30306 90.288631,268.27263 87.68314,269.77234
83.80462,269.90754 81.899476,272.24665 81.899476,272.24665
81.899476,272.24665 81.899476,272.24665 81.899476,272.24665
;
78.861948,247.0 78.861948,247.0 77.044826,237.84649
85.405608,230.3604 79.723895,247.0 79.723895,247.0
78.861948,247.0 78.861948,247.0 78.861948,247.0
;
92.75,193.83189 92.75,193.83189 77.291524,193.7188
79.572351,189.92189 94.0,191.0 93.461616,191.80478
95.217424,195.23295 92.75,193.83189 92.75,193.83189
92.75,193.83189 92.75,193.83189 92.75,193.83189
;
70.327592,193.0 70.327592,193.0 69.687791,188.77499
86.149638,184.6905 91.874329,181.52123 102.00161,176.2308
106.78444,175.84922 96.98469,184.83156 95.337888,186.18095
83.045192,188.2055 74.177375,191.97514 72.864108,192.16321
71.773222,193.48929 70.327592,193.0 70.327592,193.0
70.327592,193.0 70.327592,193.0 70.327592,193.0
;
58.909316,188.23042 58.909316,188.23042 47.454358,187.30065
75.871486,185.17277 66.881966,176.0 57.598895,171.01206
45.822779,178.69675 56.045446,170.82875 63.007576,176.48294
73.943222,173.13199 78.999991,179.11803 73.895162,177.4108
59.724939,186.99276 72.360992,185.22492 68.366407,187.3544
62.149093,183.66119 58.909316,188.23042 58.909316,188.23042
58.909316,188.23042 58.909316,188.23042 58.909316,188.23042
;
62.464816,182.0 62.464816,182.0 57.56047,175.6569
51.726203,176.05296 62.861803,176.96738 65.757448,178.6265
67.309656,179.91495 62.464816,182.0 62.464816,182.0
62.464816,182.0 62.464816,182.0 62.464816,182.0
;
91.87921,177.93232 91.87921,177.93232 83.131866,175.93496
94.297658,151.25895 80.872036,154.07052 75.040953,153.94569
47.821383,155.65503 58.918604,150.49936 71.734947,150.64044
84.542781,150.47726 97.327874,149.50093 91.138303,155.36821
89.52327,159.27466 89.044508,163.95993 85.81107,169.71257
96.095628,180.04522 91.87921,177.93232 91.87921,177.93232
91.87921,177.93232 91.87921,177.93232 91.87921,177.93232
;
84.5,176.0 84.5,176.0 70.33781,176.77234
83.707105,168.40206 86.0,176.0 86.0,176.0
84.5,176.0 84.5,176.0 84.5,176.0
;
38.859017,175.0 38.859017,175.0 32.762439,167.08569
50.031809,163.7659 38.859017,175.0 38.859017,175.0
38.859017,175.0 38.859017,175.0 38.859017,175.0
;
96.120426,174.71774 96.120426,174.71774 88.226967,169.95156
88.980649,160.56488 98.0,167.0 88.743289,161.10739
108.93543,168.03036 96.120426,174.71774 96.120426,174.71774
96.120426,174.71774 96.120426,174.71774 96.120426,174.71774
;
67.298226,171.10177 67.298226,171.10177 53.175756,165.75998
82.446816,168.29217 67.298226,171.10177 67.298226,171.10177
67.298226,171.10177 67.298226,171.10177 67.298226,171.10177
;
62.705827,166.6621 62.705827,166.6621 50.20376,164.21236
66.763094,155.04541 68.116064,166.82419 66.312652,166.77019
64.509239,166.71613 62.705827,166.6621 62.705827,166.6621
62.705827,166.6621 62.705827,166.6621 62.705827,166.6621
;
46.073344,161.13597 46.073344,161.13597 48.192986,161.3303
42.000032,150.02332 42.041659,157.63934 26.588186,154.79604
50.305307,151.46254 48.599007,152.53845 50.410283,141.51315
52.597979,146.29903 50.770049,155.12831 53.942542,162.96781
46.767077,156.06914 46.073344,161.13597 46.073344,161.13597
46.073344,161.13597 46.073344,161.13597 46.073344,161.13597
;
22.25,121.98469 22.25,121.98469 0.47491184,122.43014
22.111219,114.08629 22.25,121.98469 22.25,121.98469
22.25,121.98469 22.25,121.98469 22.25,121.98469
;
87.0,478.78094 87.0,478.78094 89.283417,473.59756
98.815487,482.11648 91.072007,471.94093 89.880457,474.53511
78.014725,478.50689 87.0,478.78094 87.0,478.78094
87.0,478.78094 87.0,478.78094 87.0,478.78094
;
687.668,479.0 687.668,479.0 687.44585,472.90648
674.43547,462.38312 669.711,454.78939 663.4205,441.29576
648.72047,430.82388 642.17673,419.0 636.3711,412.8133
618.60116,398.38617 637.67178,401.48563 645.93881,400.80004
664.83961,402.68977 658.45899,400.16417 680.79091,402.65702
704.68128,399.35031 727.96853,399.85626 763.01293,399.35814
798.06241,399.09731 833.09032,397.83003 834.36136,400.56082
841.10295,392.86064 849.91046,402.27377 857.80533,405.04139
838.84327,385.57458 832.5,394.86732 778.54231,397.89468
723.95461,395.81684 670.28114,398.94424 667.36363,389.1523
674.87383,393.22622 663.06343,389.0 662.13849,398.3599
653.10426,399.35343 640.13388,398.72262 626.31013,396.89348
617.32468,400.51927 631.69455,411.45865 641.2915,423.49545
653.38589,436.3623 661.7319,447.60143 647.85443,449.52191
632.82023,448.77745 618.5,449.67786 624.49535,449.87051
660.50459,450.47732 650.54189,450.49288 643.8297,450.83684
617.20597,451.43231 623.41842,451.613 637.25271,452.81164
653.11464,449.81387 665.73227,453.53051 673.18935,461.622
679.39807,472.65235 687.668,479.0 687.668,479.0
687.668,479.0 687.668,479.0 687.668,479.0
;
370.67627,458.56456 370.67627,458.56456 385.23669,459.97129
376.82016,441.46042 378.48121,432.89482 377.06854,421.80475
382.0662,412.00585 380.97606,401.11114 384.90203,387.9354
383.51,373.07577 388.36414,360.68788 395.58814,351.38343
393.79111,338.57274 398.03459,327.59081 401.03613,312.48587
402.01509,327.35507 401.56081,310.7367 403.96069,291.14068
404.61206,311.946 406.4608,320.3662 408.45051,333.41254
405.52299,347.18858 412.30759,359.5 415.53399,371.91368
415.14207,385.08055 417.69646,397.52761 416.7787,408.46687
423.34844,419.25988 420.83242,429.0 413.01578,420.60304
427.5247,442.36941 429.50006,446.13214 436.79948,458.09915
461.00415,443.26839 449.23523,432.44182 441.93316,425.23408
436.20836,416.62227 441.33374,406.40661 443.38274,385.38101
444.47254,363.84427 439.24778,343.12997 441.78202,329.15066
442.81588,314.69221 451.63187,303.22511 460.19059,283.98077
448.80786,264.58361 450.771,244.82888 452.89516,230.73084
471.2762,229.89108 474.51314,216.01559 477.63899,192.45563
474.28964,166.22594 463.68254,145.23579 457.83907,138.2613
446.21992,135.31123 441.0,129.86656 430.53665,120.15135
439.37104,104.59004 433.15854,92.552496 431.42744,83.473163
425.43089,71.100718 417.9665,63.649937 401.38643,50.525746
376.6822,68.679986 374.70418,87.359185 372.5289,95.44825
374.47761,109.2718 373.0,111.88197 370.32448,121.8467
372.13397,131.19474 361.85276,137.13615 348.65345,151.51387
348.39897,172.84144 343.30849,190.86881 337.94853,203.31792
342.95309,218.57993 356.49994,222.78718 364.04048,231.04643
354.74501,244.13217 356.03347,254.45926 353.46651,268.84213
349.29348,283.36856 350.61011,298.45886 350.31688,321.73023
349.96011,303.78777 352.1715,298.3406 360.72933,310.14342
361.9184,325.05402 361.80156,339.29712 356.13056,323.55435
363.50647,350.46883 358.44813,356.04026 354.79192,370.71741
355.32491,386.08201 357.25664,400.98575 353.98201,408.88844
361.80852,420.51396 358.41051,430.24562 355.63287,438.97547
345.97779,452.94754 360.38448,456.13092 363.67981,458.28186
366.7145,459.31883 370.67627,458.56456 370.67627,458.56456
370.67627,458.56456 370.67627,458.56456 370.67627,458.56456
;
374.27462,456.0 374.27462,456.0 368.59,446.08749
372.88185,450.20105 365.14109,454.99488 364.51775,447.98786
362.76852,455.15398 361.07031,451.33333 362.67814,448.09256
359.13435,449.59111 356.20483,447.81794 351.60129,451.14566
362.59863,431.92017 361.98167,426.25 368.6422,417.01991
381.04861,424.13981 376.21139,437.53456 376.58862,444.36616
375.9387,455.39428 374.27462,456.0 374.27462,456.0
374.27462,456.0 374.27462,456.0 374.27462,456.0
;
435.56948,445.57338 435.56948,445.57338 429.28811,445.15016
423.95512,429.91198 424.19782,422.04767 425.39275,410.35898
441.22059,420.61976 443.56367,429.07169 448.65329,434.79051
446.53305,441.99392 443.51497,442.02416 440.3257,448.62567
438.52237,430.92864 435.56952,445.57338 435.56952,445.57338
435.56948,445.57338 435.56948,445.57338 435.56948,445.57338
;
369.96446,420.59139 369.96446,420.59139 355.98586,423.07764
361.38939,403.71846 359.21272,395.16655 355.66663,372.84007
363.85983,351.52507 364.77801,329.5 364.93322,315.9486
358.99741,304.6617 353.12281,293.11916 350.32421,282.07096
359.79449,271.53195 357.30565,264.55297 359.07848,251.18243
363.26241,235.81593 360.74465,223.30785 352.61988,217.25139
340.74412,210.53572 344.44931,197.92103 351.26711,176.77892
349.58944,150.13934 368.50066,135.18725 377.84667,131.62046
374.52141,115.49903 377.44999,106.54259 380.59622,92.841546
374.91687,95.738735 380.49807,85.943351 382.58073,74.93042
390.28511,62.270699 403.02717,64.0 413.78243,57.231394
422.65149,73.928435 426.33287,82.207389 435.98122,98.597604
422.3998,122.02239 439.73615,135.0 447.22522,133.45696
457.98181,147.61326 458.12591,143.81946 469.17067,157.96343
472.27509,178.98855 472.7553,197.37615 474.61524,210.59856
469.67698,227.51572 454.9473,230.17049 448.52906,239.45285
446.01197,245.84439 448.44719,257.5 445.33881,264.20113
458.12722,283.8306 447.0,277.0 452.8409,284.43845
453.56882,290.3128 449.07952,301.44438 443.15306,310.4604
438.67541,320.01113 438.32238,331.33253 435.17077,349.39101
441.74405,367.35401 439.32842,385.66448 438.11419,395.25914
443.89716,416.23035 428.51471,415.0 415.84894,414.28154
423.38144,394.56399 418.94213,385.9792 416.08171,373.84094
418.13089,359.86299 411.84459,350.10358 409.41474,331.9541
409.46905,311.86423 404.79497,294.87333 397.56682,297.03935
400.14789,314.18975 396.08003,322.38371 391.40479,335.59614
393.14334,351.18666 383.72579,362.19624 383.21593,380.72723
376.63042,398.46365 377.37164,417.05686 375.30627,419.75459
373.48549,420.69223 369.96446,420.59139 369.96446,420.59139
369.96446,420.59139 369.96446,420.59139 369.96446,420.59139
;
421.24469,323.0 421.24469,323.0 428.00549,317.32777
423.53199,316.99734 421.33159,308.30653 421.16278,297.73507
420.22837,284.39178 422.99996,276.16667 417.30862,268.68639
421.93846,253.68431 420.2302,243.30126 420.45234,233.73622
435.26175,231.57861 435.26064,219.81345 437.50437,207.27576
415.5094,209.09996 426.7442,199.68672 438.89972,193.98652
418.76674,186.42234 424.3154,196.5 427.69243,196.4775
427.96763,197.36277 419.86067,201.67383 412.47842,209.29195
408.96033,200.77627 411.9956,191.6623 420.39519,179.99946
419.02754,163.16545 416.0123,149.5 413.93031,138.34443
412.16858,128.04053 420.49635,119.22169 425.02376,100.92008
417.51882,120.34123 420.13908,104.5 421.83325,93.673316
416.27085,82.898633 410.49996,74.013666 397.36217,73.476402
395.66426,89.687466 392.57265,99.357628 393.458,103.1767
389.35798,118.85151 397.42618,125.69671 402.0712,129.2134
413.93822,145.70578 404.78178,130.88485 422.20823,130.04012
400.38044,129.50095 412.02402,138.44732 418.40254,151.90194
403.96879,150.15537 403.99996,139.24489 402.26782,141.4966
394.73641,137.88771 397.89021,152.10018 399.93886,159.56337
405.34435,176.21713 400.02287,172.10388 397.34618,160.69956
388.38153,164.64525 400.2175,173.35619 403.64102,173.44959
406.29287,180.70667 405.84744,192.05591 417.81141,200.46613
388.34149,186.26504 390.08607,201.90974 385.43058,209.29427
389.64242,223.45464 396.73674,222.76542 407.10873,227.59317
414.00883,214.44406 408.62929,231.52863 405.47264,248.64185
398.69874,265.92366 396.22772,282.56109 403.99216,288.69452
422.58541,274.47574 418.35201,290.93027 420.21251,301.13214
413.92972,316.59029 421.24465,323.0 421.24465,323.0
421.24469,323.0 421.24469,323.0 421.24469,323.0
;
406.75,281.83996 406.75,281.83996 389.96208,281.06702
413.32557,274.83404 402.70265,272.27273 420.22071,270.60534
396.3471,283.89454 408.0,280.0 407.70743,280.75432
408.84562,283.13426 406.75,281.83996 406.75,281.83996
406.75,281.83996 406.75,281.83996 406.75,281.83996
;
412.71778,275.98469 412.71778,275.98469 406.20106,269.75961
418.73392,260.51053 415.60245,274.49999 414.59227,274.84539
413.95618,276.34104 412.71778,275.98469 412.71778,275.98469
412.71778,275.98469 412.71778,275.98469 412.71778,275.98469
;
409.05902,261.0 409.05902,261.0 399.80685,257.0072
415.43766,238.46512 412.0,259.2803 413.29942,262.13328
410.351,260.73842 409.05902,261.0 409.05902,261.0
409.05902,261.0 409.05902,261.0 409.05902,261.0
;
416.49175,256.0 416.49175,256.0 409.41775,248.28297
410.1343,238.20874 410.80776,230.23684 414.08101,233.08816
411.22975,248.82326 417.01971,255.6363 417.01971,255.6363
417.06841,256.0 417.06841,256.0 417.06841,256.0
416.49175,256.0 416.49175,256.0 416.49175,256.0
;
422.99198,233.0 422.99198,233.0 424.91926,226.99544
414.16956,221.50619 421.73921,222.5 429.47395,223.31876
410.70248,207.11411 428.38544,211.38544 432.96987,216.6811
428.66583,227.26714 424.76998,233.0 424.76998,233.0
422.99198,233.0 422.99198,233.0 422.99198,233.0
;
427.69098,215.86382 427.69098,215.86382 429.66794,215.67795
426.77067,206.51646 422.21621,214.8892 424.04556,215.18453
425.83787,215.72252 427.69098,215.86382 427.69098,215.86382
427.69098,215.86382 427.69098,215.86382 427.69098,215.86382
;
414.08219,222.0 414.08219,222.0 410.96226,214.56838
420.67184,200.35694 416.35523,216.20541 415.13169,218.73436
415.39529,219.95239 414.08219,222.0 414.08219,222.0
414.08219,222.0 414.08219,222.0 414.08219,222.0
;
399.25,220.97339 399.25,220.97339 387.82689,217.92318
390.32254,204.94161 396.1826,198.14496 412.90782,196.98059
398.03081,196.12056 396.03338,204.45979 392.46286,209.24944
400.08793,218.2433 399.25,220.97339 399.25,220.97339
399.25,220.97339 399.25,220.97339 399.25,220.97339
;
402.75,220.98469 402.75,220.98469 396.5888,213.98784
401.33101,215.59472 399.00734,207.12257 405.18583,198.50348
404.56586,205.27987 404.92739,209.03886 411.60458,207.30152
402.95924,215.31497 407.05832,215.89102 405.15582,218.74303
409.32883,220.72087 402.75,220.98469 402.75,220.98469
402.75,220.98469 402.75,220.98469 402.75,220.98469
;
411.37891,183.2874 411.37891,183.2874 407.2802,185.0427
404.06595,165.46293 406.99994,169.16581 400.5314,153.67345
403.71831,155.86492 408.56557,169.76301 413.02436,169.1618
402.47892,155.79684 403.93728,148.72939 420.12235,154.8736
405.69933,152.4555 412.82731,157.56735 412.52317,159.07707
416.59499,173.86894 412.28657,181.66552 412.28657,181.66552
411.37891,183.2874 411.37891,183.2874 411.37891,183.2874
;
408.06989,126.98469 408.06989,126.98469 404.34708,123.37668
416.27823,122.99265 402.68726,120.68498 405.19302,122.59999
420.55132,115.26634 408.75,114.19524 393.84235,113.83168
421.40409,107.24782 406.06277,105.00003 405.07035,116.17062
397.66542,93.441318 401.82462,89.308003 399.32304,78.489001
414.13244,77.763316 412.72266,89.0 395.08473,92.722887
411.64503,94.200971 405.39103,98.949024 416.04753,102.65704
418.69215,99.553075 415.38939,112.84043 416.75891,119.9848
414.05854,123.73379 408.06989,126.98469 408.06989,126.98469
408.06989,126.98469 408.06989,126.98469 408.06989,126.98469
;
403.3293,125.0 403.3293,125.0 394.79581,123.35791
397.02856,101.67034 399.72802,118.15133 398.20549,120.84403
406.09517,124.66167 403.3293,125.0 403.3293,125.0
403.3293,125.0 403.3293,125.0 403.3293,125.0
;
401.60066,111.98469 401.60066,111.98469 396.69663,107.59925
396.83714,106.8058 398.86522,98.0 400.57545,102.44403
400.96882,107.52908 401.60066,111.98469 401.60066,111.98469
401.60066,111.98469 401.60066,111.98469 401.60066,111.98469
;
384.25,316.81955 384.25,316.81955 396.67604,309.09576
373.17463,311.12637 384.25,316.81955 384.25,316.81955
384.25,316.81955 384.25,316.81955 384.25,316.81955
;
361.33479,261.0 361.33479,261.0 371.64352,251.45713
357.34961,253.0847 361.33479,261.0 361.33479,261.0
361.33479,261.0 361.33479,261.0 361.33479,261.0
;
430.95124,204.77602 430.95124,204.77602 440.46848,193.63568
419.28627,200.40281 430.95124,204.77602 430.95124,204.77602
430.95124,204.77602 430.95124,204.77602 430.95124,204.77602
;
450.90979,176.0 450.90979,176.0 465.84872,177.78429
449.77018,157.97188 452.084,172.75379 449.21883,173.01101
447.69042,175.10811 450.90979,176.0 450.90979,176.0
450.90979,176.0 450.90979,176.0 450.90979,176.0
;
75.21096,441.18904 75.21096,441.18904 78.672493,427.8537
68.190251,437.94737 75.21096,441.18904 75.21096,441.18904
75.21096,441.18904 75.21096,441.18904 75.21096,441.18904
;
68.639757,435.0 68.639757,435.0 78.578325,429.85842
61.95307,419.3679 70.187553,413.21244 66.552766,412.6876
69.435673,410.51385 66.354715,404.17969 70.295409,394.52757
60.178879,387.46095 64.000594,377.99889 64.552791,374.59648
62.294948,370.42562 59.942541,361.92351 57.93448,356.39692
60.560194,381.3097 61.016593,387.5 64.290251,402.43791
65.077068,418.22178 67.999995,432.89356 69.748273,432.06068
66.766867,435.95749 68.639757,435.0 68.639757,435.0
68.639757,435.0 68.639757,435.0 68.639757,435.0
;
31.198451,419.61539 31.198451,419.61539 31.922428,421.78878
30.200944,409.4214 22.104854,409.0 13.998116,396.03808
22.702199,415.39428 26.686636,414.55821 24.713208,419.69823
26.710746,419.56602 31.198451,419.61539 31.198451,419.61539
31.198451,419.61539 31.198451,419.61539 31.198451,419.61539
;
54.809017,418.92971 54.809017,418.92971 54.438043,411.79186
32.544799,416.61065 46.636076,415.25406 53.385973,415.46954
44.647273,417.65372 54.809017,418.92971 54.809017,418.92971
54.809017,418.92971 54.809017,418.92971 54.809017,418.92971
;
745.90499,412.96431 745.90499,412.96431 739.84853,404.08346
729.00279,400.55059 743.54343,411.34175 744.67438,411.0331
744.81381,413.17468 745.90499,412.96431 745.90499,412.96431
745.90499,412.96431 745.90499,412.96431 745.90499,412.96431
;
852.13486,410.0 852.13486,410.0 854.21699,406.45479
828.40881,392.61598 842.32208,403.81346 845.3551,406.05091
848.81805,408.24091 852.13486,410.0 852.13486,410.0
852.13486,410.0 852.13486,410.0 852.13486,410.0
;
516.25007,407.51764 516.25007,407.51764 515.22231,391.63952
508.01431,406.20997 516.25007,407.51764 516.25007,407.51764
516.25007,407.51764 516.25007,407.51764 516.25007,407.51764
;
337.5,403.64504 337.5,403.64504 361.03265,403.59794
322.03315,402.63882 332.4186,403.64304 334.11206,403.64353
335.80802,403.64604 337.5,403.64504 337.5,403.64504
337.5,403.64504 337.5,403.64504 337.5,403.64504
;
554.5,402.58682 554.5,402.58682 572.7063,402.70052
574.4941,402.52332 555.36716,401.97571 539.88464,402.24185
531.61854,402.83348 552.17442,402.58689 552.17442,402.58689
554.13372,402.58667 554.13372,402.58667 554.13372,402.58667
554.5,402.58663 554.5,402.58663 554.5,402.58663
554.5,402.58682 554.5,402.58682 554.5,402.58682
;
553.5,400.58317 553.5,400.58317 571.15165,400.68562
575.46138,400.54867 555.46975,399.97547 545.94995,400.10148
524.30564,400.82627 546.25581,400.58291 548.67039,400.58285
551.08624,400.58391 553.5,400.58317 553.5,400.58317
553.5,400.58317 553.5,400.58317 553.5,400.58317
;
24.168213,381.87483 24.168213,381.87483 45.038186,379.17108
14.017293,380.54788 23.417196,381.85473 23.417196,381.85473
24.168213,381.87483 24.168213,381.87483 24.168213,381.87483
;
12.45,334.81685 12.45,334.81685 34.70253,335.33664
13.91969,332.60692 3.673833,334.46506 -5.1201033,334.76041
10.785286,334.69906 12.45,334.81685 12.45,334.81685
12.45,334.81685 12.45,334.81685 12.45,334.81685
;
60.014307,275.0 60.014307,275.0 68.964674,268.36601
33.558177,271.93477 51.11486,272.84839 51.12512,274.60382
58.991741,273.01693 60.014307,275.0 60.014307,275.0
60.014307,275.0 60.014307,275.0 60.014307,275.0
;
3.75,256.96735 3.75,256.96735 11.456983,253.87903
29.793545,255.76343 23.232976,242.9263 22.455587,233.52533
16.148531,214.47434 19.482422,234.38332 24.102099,247.17472
20.113107,252.73908 6.627773,253.43027 3.4316495,246.5081
-0.92096469,256.37483 3.75,256.96735 3.75,256.96735
3.75,256.96735 3.75,256.96735 3.75,256.96735
;
67.25,251.86382 67.25,251.86382 74.426843,244.99468
51.013959,247.30682 65.5,251.72764 65.5,251.72764
67.25,251.86382 67.25,251.86382 67.25,251.86382
;
26.519052,247.0 26.519052,247.0 27.597041,236.20768
26.661387,222.97231 24.742933,241.83963 25.633819,243.03442
24.981281,246.68554 26.519052,247.0 26.519052,247.0
26.519052,247.0 26.519052,247.0 26.519052,247.0
;
10.776335,229.37427 10.776335,229.37427 16.723874,225.97314
19.770924,205.7394 16.0,215.49591 14.298078,218.51329
7.3602945,232.93606 10.776335,229.37427 10.776335,229.37427
10.776335,229.37427 10.776335,229.37427 10.776335,229.37427
;
342.47279,227.0 342.47279,227.0 344.74877,211.37476
338.29619,213.47433 342.33341,227.0 342.33341,227.0
342.47287,227.0 342.47287,227.0 342.47287,227.0
342.47279,227.0 342.47279,227.0 342.47279,227.0
;
8.05,216.86863 8.05,216.86863 29.892514,216.46866
-12.874035,214.53353 8.05,216.86863 8.05,216.86863
8.05,216.86863 8.05,216.86863 8.05,216.86863
;
4.0,177.44291 4.0,177.44291 20.576282,179.34151
18.671752,167.2057 15.096233,155.19895 7.8049201,146.50818
22.225512,174.39293 12.222078,173.98471 10.480454,174.12477
-5.6275852,179.33221 4.0,177.44291 4.0,177.44291
4.0,177.44291 4.0,177.44291 4.0,177.44291
;
7.0453131,152.0 7.0453131,152.0 10.159164,145.63206
1.7748534,140.55302 6.0906261,152.0 6.0906261,152.0
7.0453131,152.0 7.0453131,152.0 7.0453131,152.0
;
851.75,150.98526 851.75,150.98526 848.34113,148.68314
852.04402,142.58533 852.4762,134.5 850.77526,140.63548
839.14172,149.70578 851.75,150.98526 851.75,150.98526
851.75,150.98526 851.75,150.98526 851.75,150.98526
;
4.3150115,142.32115 4.3150115,142.32115 19.870645,138.88536
2.5432867,135.94351 1.1310439,142.91045 1.0368429,144.00663
3.9916506,141.69207 4.3150115,142.32115 4.3150115,142.32115
4.3150115,142.32115 4.3150115,142.32115 4.3150115,142.32115
;
4.8569888,138.884 4.8569888,138.884 12.093461,139.30994
-3.2857209,121.42674 4.5,133.93639 -1.2758904,132.27323
0.0320751,139.61775 4.8569888,138.884 4.8569888,138.884
4.8569888,138.884 4.8569888,138.884 4.8569888,138.884
;
3.3930112,81.0 3.3930112,81.0 7.4368835,77.145922
0.73727699,66.099014 2.3684817,56.470467 0.21066339,37.772642
1.4865003,69.670554 1.0,75.6 10.011881,78.676812
-7.7138991,78.838195 3.3930112,81.0 3.3930112,81.0
3.3930112,81.0 3.3930112,81.0 3.3930112,81.0
;
