427.0,480.0 427.0,480.0 284.66667,480.0
142.33333,480.0 0.0,480.0 0.0,320.0
0.0,160.0 0.0,0.0 284.66667,0.0
569.33333,0.0 854.0,0.0 854.0,160.0
854.0,320.0 854.0,480.0 711.66667,480.0
569.33333,480.0 427.0,480.0 427.0,480.0
427.0,480.0 427.0,480.0 427.0,480.0
;
368.0,453.30557 368.0,453.30557 380.78677,448.65653
384.91523,434.92097 395.00006,426.57874 396.2411,413.15845
400.45778,400.28893 402.98174,386.97022 408.23964,378.74261
402.36559,364.98243 411.70349,359.8998 410.4925,350.84068
416.77557,342.13484 416.50894,332.57175 418.2982,320.59323
422.06715,306.64982 421.29726,326.5 420.34788,340.82603
420.57658,356.05604 425.52396,368.13997 425.73361,384.94083
425.97681,403.57246 429.06322,418.8813 427.35312,432.08458
437.00453,444.24941 446.4997,453.14044 456.71061,455.19595
468.03641,445.29082 463.12997,435.21243 457.55017,427.89876
444.18803,420.75919 451.95135,410.5 458.27222,387.30931
455.02236,363.20561 457.87793,339.75312 458.17102,329.54037
466.71379,312.42461 468.0,317.0 485.23712,303.53156
480.59159,279.48012 478.51294,260.54539 482.01028,251.21499
474.16414,238.59458 483.11417,232.48997 490.87583,225.72048
503.74492,223.29241 507.35419,211.55869 511.94751,185.38037
508.42916,156.54469 497.68654,132.55191 490.45444,125.69494
482.44022,119.2408 472.5,115.93977 465.74061,106.06378
464.89145,95.051338 466.84481,83.5 464.72659,65.493502
458.76415,43.814063 441.78212,34.550681 433.94403,30.443073
426.39659,36.26837 420.0,36.019575 405.13594,44.821683
397.70151,61.06709 398.20421,78.055001 398.733,89.462663
393.93555,100.04549 395.00001,111.41554 382.53032,121.44865
371.80929,134.27221 371.50467,151.0 368.33764,166.6587
359.46142,182.56976 362.89416,198.8427 364.53314,210.38573
383.18635,211.36509 381.7544,222.3013 376.22095,236.40688
378.97825,254.88421 370.93992,266.61239 369.53499,279.37045
366.38556,298.04987 376.06323,310.40335 377.38351,325.65408
379.81219,338.37203 376.82323,353.5 374.97959,369.14953
375.86683,386.21514 373.87097,401.07166 375.86607,412.07213
374.78121,424.62129 361.72786,429.89121 350.90802,432.41259
353.43896,448.52229 358.95062,450.97214 361.97728,451.81181
364.75082,455.04353 368.0,453.30557 368.0,453.30557
368.0,453.30557 368.0,453.30557 368.0,453.30557
;
365.29071,451.0 365.29071,451.0 370.29352,444.8502
357.4297,450.84148 357.0,437.84615 365.81417,433.07545
373.41289,417.62083 382.76127,420.72954 398.76983,416.87748
391.6047,429.15087 383.47112,435.6385 378.80463,442.4487
373.87132,449.45242 365.29071,451.0 365.29071,451.0
365.29071,451.0 365.29071,451.0 365.29071,451.0
;
448.55186,448.26454 448.55186,448.26454 442.27382,448.61237
434.16043,433.27747 433.17664,425.13673 433.20574,412.21511
452.72007,423.11895 456.40315,431.95156 459.52078,439.08452
464.50329,441.1131 456.0,440.05902 464.80943,443.85835
446.66171,448.25473 451.59501,443.17189 445.37047,435.68119
452.30009,447.37228 448.55186,448.26454 448.55186,448.26454
448.55186,448.26454 448.55186,448.26454 448.55186,448.26454
;
386.5,417.79338 386.5,417.79338 371.68552,420.21042
379.18294,400.58017 377.22421,391.91313 376.20372,363.31628
386.01593,333.78376 377.14841,305.83395 368.90572,295.83003
371.8198,280.61775 374.20877,269.28174 380.00623,262.21601
376.6198,256.37521 379.75609,246.29938 378.2971,235.93926
387.82614,224.5852 383.53409,215.45213 376.32623,208.01872
362.98457,204.23685 364.99998,191.41765 366.25281,172.60089
375.14041,155.47015 377.31947,136.5 381.58336,126.17729
391.43663,119.69635 398.82509,113.56886 393.35715,116.74206
402.72089,106.69133 400.71874,97.60451 404.09156,86.914103
400.90302,74.465147 402.81484,64.614425 404.13663,80.341223
402.30546,76.55546 407.37328,60.016401 409.28248,47.987689
419.88184,35.728455 432.88197,38.0 440.62404,31.456087
449.76455,44.910767 453.979,51.322509 466.06117,70.342713
454.9805,94.268924 465.9512,113.38054 471.88046,121.25491
482.57341,122.1763 489.54021,130.12961 491.66561,127.01585
498.7456,140.51523 500.59021,148.75252 506.83747,169.24753
508.25159,191.0116 504.22953,211.51056 498.63624,224.19314
479.74709,225.31548 475.4047,237.61224 479.31256,250.4605
472.98719,263.54908 477.42272,276.45517 481.4016,285.35969
462.77499,274.4861 476.2096,285.65544 480.67187,290.01837
475.04839,307.68946 467.64179,313.03202 454.62339,318.72304
457.92297,336.04105 453.40951,347.61673 452.92518,365.50404
455.03015,383.64196 450.45923,401.37125 451.23867,411.19307
443.73601,422.73872 432.99058,416.78241 425.59141,400.48636
431.53148,380.58804 427.24256,363.75671 420.48608,343.84922
426.0724,320.7532 422.13242,300.73242 417.39568,305.01111
417.25921,320.55286 414.27529,329.21639 411.91361,341.87056
410.29989,354.61854 404.11726,365.51574 402.57034,380.38539
397.32265,394.87002 395.36594,409.70315 392.89907,413.83579
392.8105,419.28896 386.5,417.79338 386.5,417.79338
386.5,417.79338 386.5,417.79338 386.5,417.79338
;
434.97723,324.0 434.97723,324.0 444.03594,320.65379
441.42688,316.95197 436.91262,312.80503 436.32322,300.53129
437.23768,288.2801 437.19487,276.0 442.31871,273.5274
433.46837,261.30789 437.59805,250.9686 435.35045,241.40367
442.03136,228.84161 439.0,226.0 445.47345,225.51193
459.44853,216.98454 456.61326,206.0 461.24544,194.66162
439.11355,195.40014 450.378,186.96876 449.21488,169.58068
446.27197,190.33795 447.33115,187.49782 441.35847,192.49819
445.52798,191.5291 435.3465,196.00007 431.85185,197.66816
430.20742,182.14582 436.00008,178.57215 444.44746,168.94099
445.0109,150.47983 442.46563,136.92266 442.14634,122.28527
439.69595,119.37545 439.00265,110.85447 448.75133,104.06298
449.95876,89.038963 449.67993,77.5 447.67155,88.580182
445.85647,91.980783 446.61038,75.791202 447.54604,62.757569
443.87027,79.755814 443.05219,59.529663 442.64011,51.154807
434.02952,43.538135 427.71532,52.579562 418.57866,63.900925
417.24718,81.195477 418.74525,95.345673 418.40355,105.28752
427.8297,104.68083 428.99992,116.13148 433.18734,127.98869
432.05541,99.4915 437.32866,115.0 427.49673,107.02377
441.83872,124.65825 439.56982,131.1152 441.23882,138.05548
423.09533,124.03996 430.99992,124.15873 426.6417,110.57715
431.16497,130.81638 421.98089,123.94457 421.83225,135.7755
426.01465,146.83498 427.09331,158.5 416.29251,147.01293
421.59364,154.43963 422.07382,157.70921 426.49919,161.683
429.69141,170.96784 429.60188,180.5 413.93843,174.74151
402.94913,195.06619 410.9709,207.5 412.50043,217.66316
433.31574,210.83029 432.38914,210.95216 428.79642,218.52304
444.20726,234.9708 431.72067,222.87897 423.77622,240.77277
420.39338,261.37685 413.6194,280.14638 421.37064,287.27377
438.8576,275.2184 433.68635,291.60353 434.32951,301.9972
432.59223,311.97058 432.7181,320.08874 432.7549,321.07427
433.28006,324.52725 434.97723,324.0 434.97723,324.0
434.97723,324.0 434.97723,324.0 434.97723,324.0
;
426.60447,279.73946 426.60447,279.73946 418.23238,280.9974
422.38013,269.24542 429.31851,267.50003 432.76527,254.34872
432.66363,276.89798 431.47373,276.17671 436.09309,276.92893
428.27113,280.88604 426.60447,279.73946 426.60447,279.73946
426.60447,279.73946 426.60447,279.73946 426.60447,279.73946
;
427.59022,256.60375 427.59022,256.60375 424.34942,251.23317
427.74525,245.58127 429.23663,241.5 429.58084,245.71243
434.62846,256.88111 427.59022,256.60375 427.59022,256.60375
427.59022,256.60375 427.59022,256.60375 427.59022,256.60375
;
433.38999,244.90354 433.38999,244.90354 426.61494,241.6058
433.39199,220.63387 432.24653,237.68785 433.74631,237.14378
436.52486,221.71313 433.38999,244.90354 433.38999,244.90354
433.38999,244.90354 433.38999,244.90354 433.38999,244.90354
;
443.06194,221.884 443.06194,221.884 434.80686,219.10247
440.2536,216.34168 438.5,217.42942 430.05081,218.43101
449.50704,210.68113 439.50881,212.36504 437.52186,206.40348
442.57275,207.36603 441.82376,210.00078 455.71358,207.03175
429.30238,204.24911 443.05625,200.97021 457.50484,202.08304
444.77031,211.14548 449.86052,216.12916 454.40454,209.33804
453.21053,199.20039 446.5408,198.01076 430.32217,197.00152
455.91077,193.45871 455.05011,205.50008 454.08197,217.55561
448.33226,215.782 443.06194,221.884 443.06194,221.884
443.06194,221.884 443.06194,221.884 443.06194,221.884
;
418.92308,210.0 418.92308,210.0 405.6905,205.46116
412.09534,179.77778 426.375,183.0658 430.05353,183.34185
409.90331,186.68787 415.52303,197.30424 413.06859,202.23164
422.83331,207.56061 418.92308,210.0 418.92308,210.0
418.92308,210.0 418.92308,210.0 418.92308,210.0
;
423.19805,210.0 423.19805,210.0 416.65055,201.82008
420.8325,202.50629 418.72656,192.51708 434.31198,184.45171
423.1767,198.74409 423.39497,196.17047 435.86748,190.87944
423.51224,203.18794 429.45295,201.88949 426.54082,203.92497
425.1143,208.28375 423.19805,210.0 423.19805,210.0
423.19805,210.0 423.19805,210.0 423.19805,210.0
;
434.46542,173.0287 434.46542,173.0287 428.40333,170.8821
430.28291,154.93805 429.23224,147.30246 425.09844,139.4333
428.05906,126.05386 435.61916,134.33731 442.59332,140.62162
433.00777,142.09759 434.6121,140.91393 442.19541,147.98276
438.60417,161.03941 437.52812,166.89969 436.47157,168.89257
436.83539,171.94808 434.46542,173.0287 434.46542,173.0287
434.46542,173.0287 434.46542,173.0287 434.46542,173.0287
;
435.27475,106.96086 435.27475,106.96086 424.12471,112.6739
419.37708,81.380298 425.5949,94.457042 422.36694,110.3047
439.27738,93.001731 440.38395,99.5 439.11216,102.03159
439.8524,108.66339 435.27475,106.96086 435.27475,106.96086
435.27475,106.96086 435.27475,106.96086 435.27475,106.96086
;
429.36667,96.0 429.36667,96.0 423.00243,88.136975
426.30099,81.644283 423.42067,85.597038 422.78262,76.444885
422.04844,69.510174 425.97905,81.459289 425.19957,86.815553
428.88474,93.516343 429.36667,96.0 429.36667,96.0
429.36667,96.0 429.36667,96.0 429.36667,96.0
;
441.08103,95.449923 441.08103,95.449923 438.31383,93.557242
422.33026,91.100213 433.6975,87.83609 440.95926,76.743237
426.76079,93.230986 428.9985,81.218503 424.82391,73.073989
424.076,57.774327 434.5,55.020005 449.8555,63.123263
422.27969,68.472311 431.62956,71.593545 452.80774,66.71151
420.02818,73.301462 436.20186,79.362282 449.55904,70.42852
438.55183,91.205207 441.08103,95.449923 441.08103,95.449923
441.08103,95.449923 441.08103,95.449923 441.08103,95.449923
;
401.25,315.81955 401.25,315.81955 410.10643,309.23414
391.91873,309.32328 400.93984,315.86365 400.93984,315.86365
401.25,315.81955 401.25,315.81955 401.25,315.81955
;
381.8824,253.41722 381.8824,253.41722 393.30403,234.17219
375.75901,246.66967 381.8824,253.41722 381.8824,253.41722
381.8824,253.41722 381.8824,253.41722 381.8824,253.41722
;
454.5,194.0 454.5,194.0 465.91754,188.32545
443.32892,185.93353 454.17328,194.0 454.17328,194.0
454.5,194.0 454.5,194.0 454.5,194.0
;
480.0,164.56267 480.0,164.56267 491.42262,167.11207
487.87685,151.38568 481.36275,156.49708 479.82948,161.96628
479.71351,164.02173 480.0,164.56267 480.0,164.56267
480.0,164.56267 480.0,164.56267 480.0,164.56267
;
