427.0,480.0 427.0,480.0 284.66667,480.0
142.33333,480.0 0.0,480.0 0.0,320.0
0.0,160.0 0.0,0.0 284.66667,0.0
569.33333,0.0 854.0,0.0 854.0,160.0
854.0,320.0 854.0,480.0 711.66667,480.0
569.33333,480.0 427.0,480.0 427.0,480.0
427.0,480.0 427.0,480.0 427.0,480.0
;
401.55887,449.94712 401.55887,449.94712 415.6752,452.19372
408.01567,434.64514 409.62313,426.58143 409.18624,404.04545
411.46628,381.49505 414.64349,359.47312 423.21597,348.44317
418.81291,332.49779 422.97854,321.00002 427.94249,332.47927
425.00105,347.57584 431.41786,359.3757 435.17657,373.79912
435.57798,389.37468 438.63815,403.50002 443.49534,415.78021
437.05869,417.06865 444.87323,426.17661 449.16261,435.71146
457.77123,443.37195 468.081,436.8319 479.10982,427.40078
466.88608,419.18662 461.12915,411.21675 457.56273,401.25775
464.60548,389.52847 463.30098,378.4013 464.56795,359.76992
458.58521,341.05232 462.8693,322.2991 462.41858,309.50495
472.80064,300.19417 472.68517,287.23864 474.23714,270.6735
464.1171,255.54602 466.16899,238.66321 469.6618,232.15313
474.13898,223.81192 482.22923,219.26408 493.31542,209.04132
488.96483,192.92128 488.21413,179.68286 483.32823,164.1396
482.02323,144.02542 468.46769,133.75373 461.46631,130.32763
444.07663,126.09985 451.0,115.358 453.92279,106.93476
450.52331,98.060547 451.165,88.5 453.26175,70.787783
439.7221,50.437263 420.38077,53.329089 396.04279,57.45465
394.62855,86.090626 389.56536,105.43595 386.94075,115.69658
388.5459,131.73206 375.00755,133.2692 356.47398,150.82988
356.7049,178.90503 352.65585,202.45929 350.59653,215.21793
363.32154,222.31464 373.09344,227.09326 373.20341,245.16303
372.69802,263.15246 368.05014,280.64685 366.62479,291.94953
366.7301,305.16352 378.48677,310.86963 388.21655,316.60098
384.71966,330.93377 386.88542,340.53406 381.26842,364.70587
382.97422,389.60592 389.14486,413.5 391.47755,423.76216
378.45101,435.3805 385.50098,443.89944 390.84203,446.14808
395.33799,451.19239 401.55887,449.94712 401.55887,449.94712
401.55887,449.94712 401.55887,449.94712 401.55887,449.94712
;
394.01953,445.0 394.01953,445.0 397.30767,434.2649
380.71221,447.26395 387.59133,432.8955 389.51498,421.25344
397.04817,412.07643 406.01936,417.06325 404.21411,424.01251
411.75496,446.80809 403.78288,442.52156 402.92462,440.38513
395.24656,445.1943 394.01953,445.0 394.01953,445.0
394.01953,445.0 394.01953,445.0 394.01953,445.0
;
458.09143,433.36062 458.09143,433.36062 451.644,437.04853
443.94654,418.39016 443.95253,410.44124 454.63327,405.39905
461.04663,414.60647 467.09756,422.916 476.53517,436.52463
455.2805,426.4593 458.75282,432.35326 458.75282,432.35326
458.09142,433.36151 458.09142,433.36151 458.09142,433.36151
458.09143,433.36062 458.09143,433.36062 458.09143,433.36062
;
399.26285,414.69157 399.26285,414.69157 386.94741,416.40558
391.2739,398.32047 388.24237,390.64009 382.35488,364.36692
395.89524,337.48762 385.61219,311.76231 374.26591,307.20824
368.19366,295.94465 371.41689,284.06303 377.2992,271.86333
373.23353,272.53839 375.0901,261.48406 376.29948,249.52035
377.4091,236.0007 375.1223,224.38894 364.75871,220.28013
352.10756,211.85458 356.80307,199.09721 360.42512,177.07288
360.49149,151.80225 377.24088,135.0 393.43418,133.63632
390.96477,112.23557 395.09147,100.49948 398.93056,84.305457
401.52774,58.581418 422.23317,57.0 435.01483,55.277703
445.22233,67.315009 445.00302,79.5 444.87296,67.615902
433.51754,65.02998 427.06075,74.683146 416.81212,79.97139
420.90735,89.89467 413.5,89.5 404.86662,101.13359
408.72716,116.45528 419.0,125.68474 409.6634,117.94732
423.38954,140.67218 422.78679,128.61961 427.58785,115.47969
422.9835,146.05804 429.4968,129.75 434.00422,120.70618
443.88362,115.57435 444.66492,104.50208 447.84733,86.469375
446.50928,107.29876 445.5907,114.97997 439.76879,129.03181
455.35515,129.83681 463.80876,135.31414 476.24273,139.68328
477.15679,156.65746 481.9777,167.5 485.15593,179.8003
485.98184,191.94718 486.43111,204.17325 485.46893,214.74402
474.84482,219.71634 469.76284,225.61857 461.28051,233.80494
462.37513,241.9254 463.39196,254.41772 463.83786,264.46678
461.07255,261.65103 467.89596,271.00001 462.74549,274.46258
475.23603,287.53976 467.34403,296.96003 463.04839,307.618
458.15327,317.73395 458.7694,329.84915 456.98061,354.51209
463.46894,381.04528 455.80854,404.63591 448.34118,413.58274
437.91191,403.53972 440.12735,394.01018 438.37286,382.3704
437.54952,370.93008 434.97669,359.56658 427.97688,344.2793
430.25108,327.16574 424.45085,311.5 415.29989,312.73581
420.17769,330.48632 417.47776,338.26881 418.86282,351.47751
406.59326,361.03814 409.988,374.5 405.95435,386.66076
409.9744,401.1917 405.16128,412.28275 403.90488,414.71018
401.51485,414.28581 399.26285,414.69157 399.26285,414.69157
399.26285,414.69157 399.26285,414.69157 399.26285,414.69157
;
407.21862,317.98469 407.21862,317.98469 419.79025,312.23442
397.8106,308.37421 407.21862,317.98469 407.21862,317.98469
407.21862,317.98469 407.21862,317.98469 407.21862,317.98469
;
441.87096,317.99999 441.87096,317.99999 454.62388,307.961
435.89896,311.55994 442.18775,301.61351 439.43903,299.61772
440.21909,298.52811 441.95913,288.12903 442.01133,275.91395
442.82093,271.7503 439.28726,260.05494 440.25191,248.9887
440.20377,237.34191 440.39551,226.0 451.64888,227.53953
458.21568,209.04923 450.73579,201.34334 450.27164,186.07907
440.03847,199.54361 443.02026,192.08942 440.8961,197.50921
431.58579,200.77198 429.31598,205.0 421.71307,191.66045
426.70456,200.62735 431.73034,187.57038 434.7243,178.50309
433.3033,164.30808 433.94517,152.83684 429.00668,148.08117
435.8614,123.67358 430.75326,132.25 431.72293,144.30708
417.55768,149.57747 417.15421,136.78419 408.52402,119.75327
416.49796,137.58865 409.82682,138.90785 402.80297,140.89557
411.8917,155.94434 413.74285,162.36424 412.24353,168.27041
404.21272,157.76349 415.999,171.20409 406.6396,162.52349
413.73562,170.09791 417.23584,178.5 424.24219,184.50775
416.99752,192.51403 409.04917,193.80665 397.24707,203.56064
407.07426,224.17525 421.97354,221.39566 434.07945,210.46751
424.74186,237.37764 425.27645,244.71289 423.80011,256.5054
418.37067,269.34791 419.05254,280.45259 428.3629,283.3112
443.87517,275.36091 438.63146,292.2545 441.15644,301.78654
434.90954,312.75593 441.87094,318.00003 441.87094,318.00003
441.87096,317.99999 441.87096,317.99999 441.87096,317.99999
;
425.25,278.98635 425.25,278.98635 420.44898,280.46286
431.26274,271.9231 424.45168,269.20642 436.34336,266.09889
436.12275,280.9956 425.25,278.98639 425.25,278.98639
425.25,278.98635 425.25,278.98635 425.25,278.98635
;
433.30902,266.86382 433.30902,266.86382 417.47995,264.34054
433.31602,259.85332 430.00001,262.88197 428.32755,266.59309
435.79859,264.12682 433.30902,266.86382 433.30902,266.86382
433.30902,266.86382 433.30902,266.86382 433.30902,266.86382
;
430.68294,257.56817 430.68294,257.56817 423.61826,257.94023
431.41667,230.82777 432.75,245.33898 434.35097,249.47043
438.46583,258.54263 430.68294,257.56817 430.68294,257.56817
430.68294,257.56817 430.68294,257.56817 430.68294,257.56817
;
435.11553,241.39568 435.11553,241.39568 428.10569,241.11209
431.61961,219.99487 434.83006,234.60503 437.15544,231.21637
435.69529,241.41654 435.11553,241.39568 435.11553,241.39568
435.11553,241.39568 435.11553,241.39568 435.11553,241.39568
;
438.48726,232.0 438.48726,232.0 430.23021,229.24753
434.41318,203.17543 433.77595,220.04488 435.62381,226.62615
439.13287,224.72424 438.48726,232.0 438.48726,232.0
438.48726,232.0 438.48726,232.0 438.48726,232.0
;
442.22695,222.98469 442.22695,222.98469 438.56717,220.90598
436.39535,220.71454 443.24377,216.66447 439.12935,213.98377
440.58056,212.27764 445.5,207.83838 431.81158,211.44041
446.02405,199.18233 449.73716,208.17423 448.84094,212.82416
448.96056,223.55488 442.22695,222.98469 442.22695,222.98469
442.22695,222.98469 442.22695,222.98469 442.22695,222.98469
;
415.34208,218.0 415.34208,218.0 406.91707,213.72023
404.42663,203.39727 411.0431,197.93947 428.66313,188.67236
410.72691,195.96331 411.22987,204.82026 411.66998,209.29363
413.99401,216.61143 415.34208,218.0 415.34208,218.0
415.34208,218.0 415.34208,218.0 415.34208,218.0
;
419.46555,218.0 419.46555,218.0 415.48018,213.99038
408.81804,203.92161 419.57477,199.99462 430.06701,198.89395
410.0861,208.99391 421.56476,207.10469 425.91092,201.20062
425.92271,216.93902 421.83643,210.99994 421.73461,213.44058
429.30729,214.8539 419.46555,218.0 419.46555,218.0
419.46555,218.0 419.46555,218.0 419.46555,218.0
;
432.472,213.5 432.472,213.5 426.56188,218.08415
436.39704,203.97887 433.79029,209.5 433.35086,210.83333
432.91143,212.16667 432.472,213.5 432.472,213.5
432.472,213.5 432.472,213.5 432.472,213.5
;
424.65187,183.0 424.65187,183.0 419.35151,178.68555
417.32715,166.58832 422.0,169.11803 420.02371,162.92115
408.01846,144.11226 419.73382,157.9463 411.29691,146.63549
424.41502,159.23551 419.97612,152.3762 408.67136,139.75172
432.89032,146.73813 427.06255,157.43577 427.56547,166.37421
426.10164,168.36122 426.11464,180.5 425.67242,181.38108
426.99958,184.11391 424.65187,183.0 424.65187,183.0
424.65187,183.0 424.65187,183.0 424.65187,183.0
;
442.16104,189.83121 442.16104,189.83121 452.56585,186.05302
431.9549,184.53192 442.16104,189.83121 442.16104,189.83121
442.16104,189.83121 442.16104,189.83121 442.16104,189.83121
;
464.5,168.52108 464.5,168.52108 476.61373,169.35338
465.12752,152.20908 463.90495,163.68984 468.18782,167.49419
460.80528,162.20342 464.5,168.52108 464.5,168.52108
464.5,168.52108 464.5,168.52108 464.5,168.52108
;
430.18584,119.19487 430.18584,119.19487 420.87611,123.38773
408.78226,109.17001 413.87089,100.57983 411.96585,92.032724
436.62818,92.369286 421.5,85.996984 431.70932,93.491692
429.01981,64.692491 440.4588,78.103657 444.84697,85.49959
419.58094,85.202736 438.5,87.18038 419.10237,92.228777
448.49616,92.38356 441.72677,100.39066 439.83089,107.27784
438.18336,117.12434 430.18584,119.19487 430.18584,119.19487
430.18584,119.19487 430.18584,119.19487 430.18584,119.19487
;
426.74617,117.0 426.74617,117.0 441.23346,115.45036
433.1712,98.439273 421.84021,106.12405 414.88194,107.88809
422.92383,117.82122 426.74617,117.0 426.74617,117.0
426.74617,117.0 426.74617,117.0 426.74617,117.0
;
428.03333,115.0 428.03333,115.0 408.77768,109.48825
442.91293,110.73156 428.03333,115.0 428.03333,115.0
428.03333,115.0 428.03333,115.0 428.03333,115.0
;
424.87244,102.884 424.87244,102.884 421.3162,94.755181
438.25343,105.5439 426.0,96.0 421.78942,95.579137
417.49515,103.35043 424.87244,102.884 424.87244,102.884
424.87244,102.884 424.87244,102.884 424.87244,102.884
;
