427.0,480.0 427.0,480.0 284.66667,480.0
142.33333,480.0 0.0,480.0 0.0,320.0
0.0,160.0 0.0,0.0 284.66667,0.0
569.33333,0.0 854.0,0.0 854.0,160.0
854.0,320.0 854.0,480.0 711.66667,480.0
569.33333,480.0 427.0,480.0 427.0,480.0
427.0,480.0 427.0,480.0 427.0,480.0
;
407.59417,441.0 407.59417,441.0 421.32687,441.5921
413.04987,421.90459 413.79162,413.30224 413.53124,402.62789
414.27257,392.63095 414.10059,382.0 416.56894,369.04602
411.32385,354.60055 420.37719,343.5 420.88869,338.50086
420.64343,300.23099 421.7233,312.3518 427.37569,327.1229
425.96636,343.29507 434.45333,356.99706 436.1644,369.83165
439.25855,382.4583 441.81773,395.0 443.9081,405.65795
445.68305,416.7213 454.65687,424.38536 460.7119,435.94881
481.93084,424.66462 474.64919,413.40764 466.34822,406.21058
458.78472,397.96174 464.03226,386.58454 465.85548,369.66374
464.60307,353.00549 460.82954,336.54136 461.4331,314.84526
460.79264,293.11234 466.04837,271.93728 462.18637,255.47712
460.94536,238.67829 459.96958,221.84519 470.85793,212.78126
488.08268,206.87744 484.58875,189.67272 484.76049,168.97518
477.79339,146.44944 468.4421,129.91354 461.6063,123.7295
449.49756,123.63924 444.77622,114.97453 450.63195,102.19923
448.17665,86.527169 448.94618,72.5 442.7902,61.787581
444.6655,55.623785 434.85094,50.872089 419.53635,39.642436
398.56265,50.68943 394.08641,67.92973 388.44279,78.49639
389.67273,89.33161 385.61559,100.40702 386.7185,108.78043
379.61471,123.7759 378.99987,122.28205 370.74963,128.00602
360.28565,136.14811 358.99927,148.29151 352.98608,168.00967
352.8465,188.84733 352.99985,209.31772 359.97905,218.05043
371.59004,219.44884 369.29003,232.65625 371.65915,244.62819
367.29305,255.03887 366.55757,266.337 366.22716,279.18745
364.75749,295.37069 378.84182,301.5862 385.07082,309.94204
385.48484,323.07028 387.60898,331.93993 384.61077,357.99711
386.7304,384.06899 394.27338,409.20056 394.44154,418.31993
381.90356,432.53829 394.74069,437.09291 398.94661,439.17983
402.63103,442.00247 407.59417,441.0 407.59417,441.0
407.59417,441.0 407.59417,441.0 407.59417,441.0
;
401.0,434.5 401.0,434.5 399.17385,435.45061
395.81203,425.13517 392.31852,433.07691 392.73428,426.15825
393.51422,407.16836 404.20067,408.57108 416.96448,403.90341
409.62675,426.58757 413.15154,435.10381 406.59223,432.10991
404.78112,432.12338 402.1405,436.50003 401.77046,435.53263
402.43385,429.31375 401.0,434.5 401.0,434.5
401.0,434.5 401.0,434.5 401.0,434.5
;
461.49949,424.33159 461.49949,424.33159 455.65855,424.68864
446.91247,410.29455 447.63655,402.80837 457.22809,394.96897
467.10609,407.36048 472.67204,415.89493 474.07768,427.20542
459.42884,421.80954 462.13473,419.92446 462.2634,421.462
463.52995,423.28419 461.49949,424.33159 461.49949,424.33159
461.49949,424.33159 461.49949,424.33159 461.49949,424.33159
;
402.0,406.91731 402.0,406.91731 390.04384,405.5483
394.58461,387.98457 390.82238,379.5 385.59322,356.18343
394.78977,332.46468 385.82228,309.75 384.99943,297.03028
366.67394,295.09234 369.43116,280.92905 364.86527,265.28494
375.70201,250.6396 371.84847,234.72518 374.95137,220.22413
365.0309,216.19571 355.7705,207.9363 356.56036,182.17763
354.86899,153.15686 370.83129,131.38486 384.30851,128.42767
388.42707,116.5721 389.32739,104.07665 392.9389,89.351208
393.87788,71.706922 403.15327,60.0 404.9478,54.312593
414.63584,49.10804 423.0361,49.742072 440.54756,52.610038
445.38767,71.215708 443.86278,86.5 442.83192,78.560026
443.59055,60.175197 431.95345,65.306755 426.74343,72.896174
416.40046,76.814378 418.24846,84.5 410.32157,81.778052
407.25845,97.506881 407.13235,103.89192 410.83189,114.65161
418.28282,122.18761 413.30421,121.5 418.90673,130.86593
424.61171,116.18513 420.04501,118.52173 414.62476,114.3233
431.73517,118.85559 421.47432,128.04966 421.43842,135.46355
430.93701,112.70302 437.73241,110.39942 442.26813,102.28383
445.97153,79.52992 444.07697,100.91323 441.16261,112.24351
438.86084,122.34569 452.88752,125.02581 462.45307,129.96141
465.64873,128.64521 469.20039,138.15366 478.92427,156.47395
483.051,178.82223 480.96399,199.22759 477.14853,210.69143
461.02122,212.50128 457.04245,222.45368 458.39434,236.71937
458.26981,251.29891 462.18924,265.17165 450.26469,260.73644
470.21484,276.47388 460.87323,283.43105 457.80813,305.26436
457.49435,328.13431 460.31888,350.0 462.90031,364.75753
463.00842,381.83672 458.81184,395.62521 448.12614,406.68112
440.68751,390.56173 441.83511,380.50005 437.38412,367.44128
439.17613,353.52352 430.96851,341.78321 428.57897,329.05233
427.90995,312.64279 420.37862,303.00005 416.63126,311.92861
418.87794,326.66818 417.82927,337.83565 413.99273,348.54532
410.92757,359.45736 412.07437,371.45798 410.42578,381.89403
413.56805,395.22665 409.32711,404.04942 406.84414,405.15471
405.02716,407.85588 402.0,406.91731 402.0,406.91731
402.0,406.91731 402.0,406.91731 402.0,406.91731
;
415.59928,310.0 415.59928,310.0 425.14254,301.55822
404.94172,303.19104 415.59928,310.0 415.59928,310.0
415.59928,310.0 415.59928,310.0 415.59928,310.0
;
431.0,308.0 431.0,308.0 437.79216,303.14548
434.8151,302.5688 431.90515,293.17236 432.43097,282.34392
429.55197,269.25084 434.0,261.0 427.02315,256.9802
432.27911,240.81683 430.4521,231.87244 432.08905,221.09771
430.432,219.58581 430.4147,208.79373 430.3945,194.20626
427.87175,222.90528 428.62539,228.50246 426.14998,243.32711
425.93859,229.80023 426.37344,218.80828 430.09135,205.55354
422.164,201.63385 424.07307,218.46545 425.50318,236.86447
422.22138,255.45427 422.39648,273.59074 433.72199,272.32298
426.73445,291.16832 428.77484,300.47184 429.73135,302.21796
426.90031,309.62562 431.00003,308.0 431.00003,308.0
431.0,308.0 431.0,308.0 431.0,308.0
;
371.90403,274.0 371.90403,274.0 385.45982,263.29473
365.81009,264.41107 371.90403,274.0 371.90403,274.0
371.90403,274.0 371.90403,274.0 371.90403,274.0
;
377.09928,266.0 377.09928,266.0 379.8696,256.32556
381.14182,259.46071 386.20634,247.80634 383.60931,243.03382
373.64415,264.55193 377.09928,266.0 377.09928,266.0
377.09928,266.0 377.09928,266.0 377.09928,266.0
;
435.06131,203.0 435.06131,203.0 446.89432,201.06755
454.6509,183.01355 442.95316,174.99394 432.56615,159.33851
431.56734,190.91049 428.46686,175.90291 429.08302,158.4769
426.50481,140.95045 429.29211,123.70143 425.80841,129.02659
424.60184,147.80083 415.52181,136.67337 409.45049,118.70758
410.89525,125.15229 407.55319,134.42399 399.02736,136.67438
412.49727,153.06182 410.2836,156.15178 400.48146,156.4965
423.13198,160.49374 408.89545,168.06023 401.07458,176.27348
401.38736,188.8182 409.64789,196.63975 412.22997,205.05829
425.63945,184.22738 429.19628,199.70239 431.23965,201.44337
431.85154,203.97687 435.06131,203.0 435.06131,203.0
435.06131,203.0 435.06131,203.0 435.06131,203.0
;
438.67694,195.8285 438.67694,195.8285 424.09736,202.61974
436.25441,187.93649 431.71374,187.95292 428.70501,177.84088
447.82049,192.35755 437.69896,182.37616 425.88846,178.215
454.66741,180.4607 441.58879,191.5 442.7972,193.54957
439.47214,194.31659 438.67694,195.8285 438.67694,195.8285
438.67694,195.8285 438.67694,195.8285 438.67694,195.8285
;
414.94617,192.98469 414.94617,192.98469 404.38705,195.70277
403.98822,169.02691 410.80584,181.42138 410.45155,187.43772
429.28984,190.36485 414.94617,192.98469 414.94617,192.98469
414.94617,192.98469 414.94617,192.98469 414.94617,192.98469
;
424.02282,188.98779 424.02282,188.98779 419.62263,188.89699
406.67605,178.48194 415.28392,172.09489 420.1466,163.94501
429.25661,171.95282 418.0,174.00834 412.26002,183.70759
424.36614,167.73108 423.51181,178.31359 426.40057,179.68944
427.91918,187.89971 424.02282,188.98779 424.02282,188.98779
424.02282,188.98779 424.02282,188.98779 424.02282,188.98779
;
443.84827,181.41162 443.84827,181.41162 433.1372,177.65096
437.04008,170.10922 444.19655,181.13679 444.19655,181.13679
443.84827,181.41162 443.84827,181.41162 443.84827,181.41162
;
411.47311,173.29668 411.47311,173.29668 403.27929,173.92357
427.00935,159.6199 413.53256,170.32311 415.1193,172.02311
412.2361,172.32935 411.47311,173.29668 411.47311,173.29668
411.47311,173.29668 411.47311,173.29668 411.47311,173.29668
;
421.6764,164.81713 421.6764,164.81713 419.56343,164.9232
405.28793,139.75012 419.03224,157.5 419.70402,159.91461
423.06581,162.17618 421.6764,164.81713 421.6764,164.81713
421.6764,164.81713 421.6764,164.81713 421.6764,164.81713
;
427.50963,161.0 427.50963,161.0 423.68629,146.08142
429.90031,143.35537 427.92856,161.0 427.92856,161.0
427.50956,161.0 427.50956,161.0 427.50956,161.0
427.50963,161.0 427.50963,161.0 427.50963,161.0
;
421.52305,157.0 421.52305,157.0 414.7717,150.32078
407.38314,141.58968 420.25,151.96671 423.04381,151.31476
424.80598,158.0137 421.52305,157.0 421.52305,157.0
421.52305,157.0 421.52305,157.0 421.52305,157.0
;
421.76578,150.99434 421.76578,150.99434 407.86295,144.85118
418.81684,134.71407 422.65304,146.91618 421.72314,147.63168
423.91125,151.55855 421.76578,150.99434 421.76578,150.99434
421.76578,150.99434 421.76578,150.99434 421.76578,150.99434
;
423.22976,114.95996 423.22976,114.95996 412.69623,112.54823
407.95076,102.07051 413.11259,92.543809 422.82472,87.835215
426.72716,85.209443 427.00001,81.254716 427.16397,73.666943
438.92131,62.64911 440.0,77.040473 428.8166,79.597538
431.98664,82.877542 436.37403,84.0 424.97457,89.810556
442.50415,90.288933 441.14615,90.70836 438.20642,100.9387
436.04127,113.73397 423.22976,114.95996 423.22976,114.95996
423.22976,114.95996 423.22976,114.95996 423.22976,114.95996
;
425.06809,111.0 425.06809,111.0 433.99423,111.94395
410.48481,101.97523 429.97453,108.22375 442.32453,101.37238
412.20311,95.701879 418.13647,106.78729 420.16222,109.81105
420.87578,111.985 425.06809,111.0 425.06809,111.0
425.06809,111.0 425.06809,111.0 425.06809,111.0
;
430.0,98.79347 430.0,98.79347 438.75475,92.166299
426.30793,99.849298 422.53518,92.0 411.28272,101.53965
434.40053,94.51901 430.0,98.79347 430.0,98.79347
430.0,98.79347 430.0,98.79347 430.0,98.79347
;
