427.0,480.0 427.0,480.0 284.66667,480.0
142.33333,480.0 0.0,480.0 0.0,320.0
0.0,160.0 0.0,0.0 284.66667,0.0
569.33333,0.0 854.0,0.0 854.0,160.0
854.0,320.0 854.0,480.0 711.66667,480.0
569.33333,480.0 427.0,480.0 427.0,480.0
427.0,480.0 427.0,480.0 427.0,480.0
;
404.52749,429.83996 404.52749,429.83996 415.8175,425.4485
411.17777,408.66573 413.4294,398.63752 415.59381,379.18942
412.36779,358.31954 415.88091,339.68408 421.65822,328.99842
415.99469,314.59241 417.13254,302.5 423.11373,317.921
421.17907,336.89069 431.0,349.93657 435.85669,361.93916
440.02211,376.75691 443.15288,390.5 448.8394,399.75689
444.95334,412.20544 452.83456,421.0689 460.50907,430.44099
482.24632,418.32876 471.70309,407.58917 461.28973,398.90303
464.33102,388.57899 464.40634,376.94561 465.12604,360.83967
460.94218,345.61348 456.29559,330.52601 454.73407,310.98507
458.91273,292.4468 456.29959,273.0 453.22868,253.25125
458.16648,233.01492 453.00004,213.773 462.89056,215.88972
474.67022,207.99372 478.19982,198.59858 480.66342,172.4356
478.77247,143.03712 459.65137,123.0 451.08228,119.93453
442.54618,115.13944 438.0,108.98934 439.22756,89.278607
437.31122,65.326454 419.73028,53.0 403.01497,49.871735
384.79209,59.689257 382.64708,77.500046 379.09378,87.494046
382.11531,99.740511 372.80515,107.03388 372.46934,118.48089
376.75079,123.39777 365.62439,131.80301 354.07137,151.90186
358.15116,175.97886 354.8242,198.00005 360.15459,200.94951
364.69848,214.35254 373.57783,212.83167 383.40453,213.11999
368.38476,229.43924 372.96125,237.13651 367.02023,257.58303
369.51476,279.4731 379.23802,298.47816 390.21168,324.01788
382.34026,352.51458 389.77049,378.58592 391.78231,388.60764
399.15312,400.9981 389.89186,409.30368 378.77558,420.80938
393.51908,429.56218 404.52749,429.83996 404.52749,429.83996
404.52749,429.83996 404.52749,429.83996 404.52749,429.83996
;
407.324,424.076 407.324,424.076 400.07806,420.35118
395.45739,423.59357 395.99999,423.0 393.25687,418.61494
384.27568,420.31132 394.00775,408.72878 394.04455,399.67751
411.84682,391.96965 409.96733,403.27475 409.85268,410.04361
409.7058,417.97503 407.324,424.076 407.324,424.076
407.324,424.076 407.324,424.076 407.324,424.076
;
458.07967,421.0 458.07967,421.0 452.59007,417.69343
444.83482,396.99202 452.6621,395.9864 462.91856,390.95104
467.70492,407.3895 470.06277,412.00001 474.81991,419.38708
462.6612,411.91261 461.50001,414.50001 456.17803,411.52065
462.80845,422.75226 458.07967,421.0 458.07967,421.0
458.07967,421.0 458.07967,421.0 458.07967,421.0
;
401.42221,397.0 401.42221,397.0 391.21275,394.3786
395.39674,378.24818 390.84892,370.19785 387.17756,353.43463
391.07625,334.84802 387.09141,318.61014 386.09513,304.88859
378.22598,289.67847 373.9794,275.55626 370.51553,261.83045
374.48755,247.92496 375.35376,234.56429 373.23196,227.32836
385.62473,211.14535 377.39556,209.4945 365.36069,212.29214
356.40899,196.89565 358.97216,185.83424 359.54477,165.82753
358.4962,141.00812 374.34136,126.70558 384.8784,121.72403
381.30325,105.62519 384.21915,95.596355 385.0147,83.703262
388.14702,73.7746 394.5,62.584176 403.55559,53.355234
423.35174,52.712904 427.95088,66.905002 435.08407,79.742155
437.11208,95.032247 432.5702,109.14357 436.85205,119.07379
450.06367,119.23644 456.91357,127.17146 464.46577,128.82216
469.68337,143.75285 472.59134,152.33197 477.27126,168.17487
477.37416,185.51907 473.74715,201.50001 468.463,211.10024
455.01147,209.78828 450.0,213.12598 455.85209,238.52877
450.82792,265.61794 454.33701,291.68849 453.31215,312.34042
450.99479,334.00838 459.88856,353.50001 460.55525,366.25731
464.00902,379.87707 459.75456,392.14283 448.72812,399.51813
444.09828,386.7081 443.12321,377.63665 439.18169,362.1152
433.1118,347.42034 426.54975,332.9802 424.78805,319.54153
422.33101,304.82431 416.28783,293.26262 411.33192,301.71285
415.74864,316.90327 415.03374,327.9766 416.79074,337.35635
408.95293,345.7187 411.64351,356.25512 410.72535,369.0593
412.98085,382.37285 409.91828,394.83285 407.09627,395.54029
404.43104,397.44922 401.42221,397.0 401.42221,397.0
401.42221,397.0 401.42221,397.0 401.42221,397.0
;
401.3,293.0 401.3,293.0 414.16591,286.6133
394.69178,284.85525 401.3,293.0 401.3,293.0
401.3,293.0 401.3,293.0 401.3,293.0
;
408.0,292.0 408.0,292.0 417.06487,287.95102
407.32114,279.87417 409.15474,268.60275 411.45557,277.2868
412.05455,256.55923 413.92386,249.94938 416.91708,243.9774
413.39158,232.71765 416.09729,222.74478 413.14647,213.65236
423.35118,202.9069 418.46115,201.0 418.9793,190.0578
418.81517,178.54712 422.03824,168.12913 428.34931,179.81555
442.95195,167.08603 441.52211,157.6529 444.74007,150.04322
428.23003,131.45543 425.00002,142.3593 422.32897,151.11197
417.88617,149.00705 417.92934,151.58271 419.47909,138.86527
411.97945,122.67765 424.21471,114.00902 433.27063,98.967994
425.418,80.695038 419.89281,65.55605 420.14518,73.378551
411.0362,60.586139 405.03263,75.294523 400.73943,84.309446
395.36417,89.652743 396.0,100.0821 392.46177,111.95539
402.80461,121.91817 411.67609,125.65725 408.01741,115.62631
420.82038,128.9854 414.32053,135.74772 408.68746,143.63445
402.45994,116.84393 405.82578,130.69376 402.7827,138.88021
408.05106,134.01892 395.50008,132.29966 409.57667,135.09603
383.32654,137.35636 385.28062,147.00083 388.06895,154.31944
392.59009,174.7036 401.9882,168.30938 405.66202,152.03026
405.64711,163.4713 407.04629,173.10455 402.71927,181.79585
408.96059,194.73138 401.55453,200.79896 407.80866,208.81424
398.77247,218.07714 403.05433,224.03353 405.88322,232.11954
403.60409,244.02026 401.00003,248.0 406.24183,247.17083
404.65367,248.47338 406.85236,262.30839 408.65447,267.69325
407.4722,293.0424 403.36099,276.5 401.28985,281.49541
405.19291,288.02111 408.0,292.0 408.0,292.0
408.0,292.0 408.0,292.0 408.0,292.0
;
410.2836,256.29045 410.2836,256.29045 405.21169,258.32811
411.46288,241.41902 410.45796,255.89969 410.45796,255.89969
410.2836,256.29045 410.2836,256.29045 410.2836,256.29045
;
411.46036,242.0 411.46036,242.0 409.01119,239.90761
408.90559,228.95367 408.65453,228.12756 406.66376,225.46125
408.90047,202.3881 412.70368,225.07268 410.75547,230.40967
412.63458,237.1738 411.46036,242.0 411.46036,242.0
411.46036,242.0 411.46036,242.0 411.46036,242.0
;
413.79595,211.95981 413.79595,211.95981 417.09145,229.38868
403.01747,198.65229 407.16705,202.54955 413.11943,216.13101
413.47785,213.3186 410.50314,202.16352 415.54395,204.17982
413.87474,207.44352 413.79595,211.95981 413.79595,211.95981
413.79595,211.95981 413.79595,211.95981 413.79595,211.95981
;
414.51183,197.99018 414.51183,197.99018 407.44873,196.35983
421.40745,184.40779 414.51183,197.99018 414.51183,197.99018
414.51183,197.99018 414.51183,197.99018 414.51183,197.99018
;
408.29782,193.25 408.29782,193.25 405.08571,194.40466
410.85071,176.4277 409.47912,169.95606 409.98714,160.73333
407.21627,150.04639 413.91739,154.23522 421.79268,169.29869
405.99861,159.88091 416.55365,173.86612 413.49994,180.28694
416.33976,186.09214 408.29782,193.25 408.29782,193.25
408.29782,193.25 408.29782,193.25 408.29782,193.25
;
429.16739,169.0 429.16739,169.0 423.87782,165.9115
418.00786,158.04637 425.39042,152.4642 425.17124,156.58009
426.6223,144.17898 432.31928,149.73208 425.50941,142.51852
444.35479,149.72608 434.65571,155.45482 422.55113,162.24569
423.43013,162.967 436.17126,158.34501 442.70324,153.73466
433.62063,171.34686 429.16739,169.0 429.16739,169.0
429.16739,169.0 429.16739,169.0 429.16739,169.0
;
397.84327,163.0 397.84327,163.0 386.7211,150.52089
400.782,159.98079 397.63491,155.56829 387.76937,150.35035
389.36621,145.64223 393.8959,140.56434 387.73529,148.14381
397.08797,143.7046 403.56613,149.20837 402.11646,152.94748
400.83385,159.53462 397.84327,163.0 397.84327,163.0
397.84327,163.0 397.84327,163.0 397.84327,163.0
;
409.62861,119.0 409.62861,119.0 394.9142,109.13024
407.43448,118.23804 415.31291,112.19528 426.81334,101.59029
404.03532,101.77114 400.89955,106.75 397.56524,100.27017
400.25771,99.831662 410.40437,101.34484 424.47261,98.837369
404.8975,100.49275 407.0,98.312761 398.22783,89.541265
409.81981,97.242954 406.23938,87.105062 404.54871,76.357762
419.36408,65.069661 421.07698,81.442825 402.57692,82.347065
421.03738,86.490624 410.05029,89.22545 413.73005,100.58831
428.36964,83.108239 423.8668,100.10796 424.90248,108.61077
417.98854,117.66022 409.62861,119.0 409.62861,119.0
409.62861,119.0 409.62861,119.0 409.62861,119.0
;
408.87756,113.0 408.87756,113.0 395.78835,111.51393
425.05295,108.41174 410.79581,113.0 410.79581,113.0
408.87756,113.0 408.87756,113.0 408.87756,113.0
;
445.35305,263.79578 445.35305,263.79578 452.98825,255.27239
432.31792,255.96032 445.30075,263.80378 445.30075,263.80378
445.35305,263.79578 445.35305,263.79578 445.35305,263.79578
;
379.46482,262.0 379.46482,262.0 391.31711,252.21003
373.96014,251.7229 379.46482,262.0 379.46482,262.0
379.46482,262.0 379.46482,262.0 379.46482,262.0
;
446.33179,152.59433 446.33179,152.59433 448.58307,153.03199
453.99476,147.18083 447.0,144.0 445.40087,150.98867
445.90674,152.4876 446.33179,152.59433 446.33179,152.59433
446.33179,152.59433 446.33179,152.59433 446.33179,152.59433
;
377.05853,117.8599 377.05853,117.8599 366.87615,117.20432
381.23324,106.67081 374.49997,107.38392 380.5972,96.769798
377.9934,115.46459 377.05853,117.8599 377.05853,117.8599
377.05853,117.8599 377.05853,117.8599 377.05853,117.8599
;
