427.0,480.0 427.0,480.0 284.66667,480.0
142.33333,480.0 0.0,480.0 0.0,320.0
0.0,160.0 0.0,0.0 284.66667,0.0
569.33333,0.0 854.0,0.0 854.0,160.0
854.0,320.0 854.0,480.0 711.66667,480.0
569.33333,480.0 427.0,480.0 427.0,480.0
427.0,480.0 427.0,480.0 427.0,480.0
;
174.18261,478.98968 174.18261,478.98968 181.0985,465.44804
183.9107,446.5191 188.47233,430.69843 190.8288,417.18616
197.20379,404.47021 199.0,391.00003 169.49566,391.9691
140.06891,395.20069 110.5,394.54146 101.47004,397.45653
85.183095,398.11606 78.150303,394.63936 74.567111,358.08044
70.556546,321.50312 67.0,285.0 79.943328,286.61215
88.94141,273.58958 94.351673,263.5 97.065204,252.78324
88.280313,244.64431 83.0,237.93802 74.883577,230.55979
80.04855,216.43833 78.863364,205.53261 77.32697,194.90782
82.842953,182.22912 76.0437,173.13706 67.726973,171.55446
66.294306,161.25104 74.0,157.55202 78.309482,155.03464
66.436807,149.26164 61.0,147.87328 70.957303,154.77687
56.391955,152.55195 58.441396,139.56479 57.459127,126.61346
54.143651,156.32374 62.169069,154.27748 49.575758,160.60238
61.438109,133.18783 52.457364,130.5408 42.819372,128.83944
25.047685,135.55472 21.0088,126.5 35.791415,125.69427
51.599411,128.03237 65.789542,125.41008 67.753948,109.19243
58.620358,122.8753 51.661141,125.32188 61.447053,117.80378
47.585037,105.30528 40.0,112.46712 43.561581,122.81342
33.68008,110.14508 31.977373,115.08248 24.176221,118.90972
36.743961,126.54038 23.277027,122.9221 25.197532,118.67071
12.61847,121.69224 9.7315859,115.69476 27.978416,118.36823
3.8490078,106.09191 1.0,115.19229 1.8651343,124.52743
3.1351796,124.61613 0.5,132.34929 13.549971,128.00189
12.161478,131.34323 15.886317,120.99047 23.764453,127.67961
10.540721,118.6733 15.968617,131.5 21.216748,141.04454
8.4050457,136.20613 9.5756773,139.49891 14.200754,126.80621
8.5140867,132.61613 3.5,133.9948 8.0532189,126.80303
-1.3709969,156.94935 3.2194004,145.48245 13.456686,147.28097
-4.879894,153.64843 1.0,164.85574 1.6195173,177.19789
10.983943,165.18584 14.476027,170.89516 23.351635,170.19229
44.379319,172.14186 24.025079,171.96778 18.726799,171.49738
-8.9801052,171.76688 6.877906,174.0 17.071066,172.76601
29.442145,175.90875 35.743029,174.0 38.11329,200.82201
39.740555,228.18523 43.771816,254.57363 43.600856,260.77377
21.213352,251.78701 23.121988,263.82016 16.300718,270.55985
16.329728,276.37001 10.131483,276.0 -7.2297505,273.69525
4.3072766,288.98503 16.127173,281.99297 26.059514,282.76144
34.578413,273.33328 41.047077,270.71374 33.792734,285.33912
15.097895,284.46529 1.0,284.0 8.1220679,286.69804
15.864624,290.78715 15.139825,303.95784 19.131317,318.71004
13.642865,293.92022 15.198545,289.0616 18.041426,287.06146
15.303253,307.21644 19.803083,313.18637 16.045445,320.96691
21.816533,320.694 10.581787,325.0 -14.152409,328.13108
23.293587,325.48522 10.539397,330.10015 -2.1278171,331.93743
-0.79171001,345.98604 10.499997,334.16376 22.542902,322.28708
22.420235,335.4067 23.16988,346.22719 29.748683,360.74252
16.520415,357.69325 7.3653688,360.63091 -4.223994,365.05148
36.933783,356.43792 19.716152,361.27159 1.2592088,365.83598
21.426899,359.99213 25.446838,366.36502 35.316002,380.82365
6.4525473,376.77525 25.579364,378.01006 35.047467,389.36882
16.114834,388.86766 7.9215056,389.07821 -11.17462,392.4766
16.458721,391.56392 19.576817,390.53287 7.2335075,393.12538
29.365754,391.96271 24.999997,389.04712 31.137758,388.35907
27.294513,402.66661 30.482668,407.89822 31.026929,418.96711
35.651816,430.29998 32.913083,441.19444 23.092068,437.89503
24.842774,449.60588 18.295411,442.93246 23.457111,443.69832
-4.8470548,441.11198 3.3724417,442.96956 1.3843568,445.73134
16.061804,442.83479 15.093641,444.67564 13.643497,445.48953
13.740876,454.15523 8.1578917,447.49997 6.643663,455.83993
23.922885,457.99329 10.800636,461.00001 7.0153637,462.75092
-1.0944288,440.5002 0.99444184,455.49997 2.4421342,469.70999
15.764631,460.37072 20.449815,459.91877 28.247006,459.08675
40.34525,461.55752 33.792489,453.01683 39.014787,438.6458
38.311645,444.86645 37.990259,455.49395 30.24994,463.14469
50.093494,468.82314 44.647797,455.57905 46.782155,461.86698
34.538247,458.44422 40.731706,460.84785 40.729406,446.00178
37.749662,425.46865 35.99326,408.49995 32.577535,380.81041
27.124557,352.89871 25.462533,325.2932 31.602607,324.79965
25.795653,334.09922 34.499997,325.97265 46.971781,322.09147
18.494646,326.85001 28.408639,314.29888 27.836182,324.44144
33.627418,302.1919 37.806206,296.5051 42.690903,288.10565
42.003345,272.90899 48.033159,268.49393 54.127786,264.06606
39.555089,268.98263 52.495468,259.71217 59.522524,269.14288
47.799817,274.43903 55.058595,278.94876 55.570125,293.56336
60.912223,309.67178 50.999997,322.20304 46.17064,334.22805
62.109232,344.26198 55.965937,354.01778 49.28711,363.97608
43.330952,374.15945 47.132233,386.44623 49.497765,400.83546
49.238741,416.1368 53.118031,429.99995 63.885151,435.1826
35.810644,444.71778 48.885719,440.49002 41.898463,440.69799
46.372088,433.46316 41.716011,426.05743 40.893256,431.51385
38.733965,447.7327 47.416254,450.6911 53.559987,451.90336
50.624187,463.11911 41.499997,466.96102 33.272624,465.54761
16.058645,473.60246 13.666163,465.8972 5.2959899,466.65624
23.99501,475.20882 31.958072,470.01395 44.235555,472.78674
51.007563,461.98021 56.186657,455.2701 64.991954,454.97079
68.660711,437.29388 64.749997,437.49995 65.72018,436.27419
76.587157,423.14256 69.999997,429.36252 78.302075,414.98557
72.983912,423.18083 78.847339,422.88176 93.847924,428.55935
109.788757,419.67521 122.886227,413.96741 133.616727,405.86968
128.002907,402.40125 131.999997,400.78597 119.481787,399.55182
131.351277,395.32347 142.604577,396.33075 160.760907,394.91944
179.013507,394.88638 197.136687,393.20135 186.963547,421.184
182.091807,450.7134 172.865217,478.99995 172.865217,478.99995
174.182607,478.98965 174.182607,478.98965 174.182607,478.98965
174.18261,478.98968 174.18261,478.98968 174.18261,478.98968
;
27.75,454.41265 27.75,454.41265 13.054407,450.56686
42.309734,442.79117 29.571954,454.08326 29.571954,454.08326
27.75,454.41265 27.75,454.41265 27.75,454.41265
;
59.314788,451.0 59.314788,451.0 56.254238,443.13943
71.227473,437.40072 59.314788,451.0 59.314788,451.0
59.314788,451.0 59.314788,451.0 59.314788,451.0
;
56.375659,447.0 56.375659,447.0 58.903742,439.74264
66.859131,424.5083 57.462617,440.66142 49.809051,450.81305
55.82295,440.2248 53.90667,440.44232 55.730754,438.21982
56.968212,433.67934 61.456387,422.95264 65.1082,418.50374
65.288011,414.31515 67.5,411.0 67.259785,411.35388
72.941673,394.84614 73.0,405.0 77.405858,398.68426
71.955943,383.32621 72.429248,373.56262 71.259745,367.35147
70.29562,343.03683 72.629872,362.3085 75.090621,374.96787
73.007892,389.46131 78.244889,401.0 79.837606,398.3599
101.55032,398.40636 84.369699,402.09305 77.166076,402.9284
65.849029,410.96261 79.171293,405.83796 77.269667,415.78648
67.454586,426.75394 62.548664,437.08929 60.43022,440.2493
58.802252,444.39184 56.375659,447.0 56.375659,447.0
56.375659,447.0 56.375659,447.0 56.375659,447.0
;
54.590671,426.0 54.590671,426.0 53.355025,420.90757
51.280412,399.5024 53.037376,403.74854 71.843626,398.4976
59.439065,415.20088 55.511008,424.61214 55.511008,424.61214
54.855274,426.0 54.855274,426.0 54.855274,426.0
54.590671,426.0 54.590671,426.0 54.590671,426.0
;
91.0,419.67142 91.0,419.67142 77.352637,423.37966
83.018039,408.99224 78.406432,415.68518 79.349404,403.5184
93.137606,404.47542 102.33219,401.24645 109.17792,397.74799
128.29835,398.44372 122.54727,409.00473 113.37381,414.34622
101.82088,419.33356 91.0,419.67142 91.0,419.67142
91.0,419.67142 91.0,419.67142 91.0,419.67142
;
65.801027,402.0 65.801027,402.0 64.499469,384.40567
66.705733,364.72858 62.123419,347.19428 52.473161,338.59975
48.804344,319.2959 61.916563,312.0 70.438083,319.98357
70.536095,335.6148 69.066101,346.49576 64.872764,357.25238
71.20165,370.41501 71.227682,382.16825 74.054928,403.88143
67.67188,378.26026 69.180248,389.28212 69.590421,393.87266
68.187201,398.40836 65.801027,402.0 65.801027,402.0
65.801027,402.0 65.801027,402.0 65.801027,402.0
;
57.167467,400.48836 57.167467,400.48836 45.968988,397.71295
54.343254,389.85257 49.394198,383.0 47.52011,370.37057
55.338008,360.12796 61.597354,350.00265 60.47453,366.60742
66.722926,384.61919 63.007836,400.3255 61.061046,400.3798
59.114257,400.43407 57.167467,400.48836 57.167467,400.48836
57.167467,400.48836 57.167467,400.48836 57.167467,400.48836
;
23.66739,318.0 23.66739,318.0 21.5809,311.82133
20.281097,285.40195 23.004667,304.40585 23.037177,308.69885
24.445814,314.48713 23.66739,318.0 23.66739,318.0
23.66739,318.0 23.66739,318.0 23.66739,318.0
;
27.5,312.0 27.5,312.0 25.096243,314.23634
25.209668,294.84464 22.34996,288.58904 23.478201,284.59154
37.94829,280.27529 40.0,276.85567 37.883296,289.49513
31.637728,300.46165 27.5,312.0 27.5,312.0
27.5,312.0 27.5,312.0 27.5,312.0
;
66.590823,311.74251 66.590823,311.74251 63.300023,303.96279
62.984314,289.18903 62.347325,279.31934 65.430818,287.24807
66.230703,302.07962 66.590823,311.74251 66.590823,311.74251
66.590823,311.74251 66.590823,311.74251 66.590823,311.74251
;
70.704647,282.0 70.704647,282.0 58.119215,277.37896
74.687316,264.34556 73.0,257.66667 66.524933,271.07997
63.930738,272.58409 62.995474,256.82419 53.71903,255.2003
73.9348,240.78208 79.179056,245.72871 71.195681,265.34678
78.470024,243.78587 85.970033,246.50871 94.940503,255.56408
91.032889,268.92717 81.133982,275.40464 78.546468,278.62129
74.878391,281.59001 70.704647,282.0 70.704647,282.0
70.704647,282.0 70.704647,282.0 70.704647,282.0
;
18.25,278.98813 18.25,278.98813 17.198466,274.06181
25.978289,262.02723 33.485923,264.0 49.005065,264.33541
28.095956,279.39201 20.904683,278.60228 20.904683,278.60228
19.5,278.97626 19.5,278.97626 19.5,278.97626
18.25,278.98816 18.25,278.98816 18.25,278.98816
18.25,278.98813 18.25,278.98813 18.25,278.98813
;
58.093838,272.0 58.093838,272.0 51.123411,257.53308
62.68804,257.91565 58.093838,272.0 58.093838,272.0
58.093838,272.0 58.093838,272.0 58.093838,272.0
;
56.972268,249.85199 56.972268,249.85199 45.340788,255.89495
52.602424,233.03043 49.096402,226.03071 47.536653,208.42094
46.004151,190.8088 44.489931,173.19507 54.547237,175.60801
68.466483,171.46099 75.969399,178.5 75.287376,194.18908
77.349428,214.79635 75.002587,227.50159 73.474023,235.29421
78.56451,243.82089 65.600416,246.03504 63.159735,248.228
59.946117,248.73655 56.972268,249.85199 56.972268,249.85199
56.972268,249.85199 56.972268,249.85199 56.972268,249.85199
;
39.138197,170.72194 39.138197,170.72194 30.870983,170.01803
52.767444,164.43657 57.0,161.05049 62.635085,157.33493
63.185392,156.29854 71.346997,155.46191 63.969892,160.5561
63.081462,166.58219 54.167816,167.0 48.745293,166.57268
43.228645,172.01486 39.138197,170.72194 39.138197,170.72194
39.138197,170.72194 39.138197,170.72194 39.138197,170.72194
;
58.25,171.86836 58.25,171.86836 37.451519,171.83776
64.77916,165.46679 59.042939,171.90636 59.042939,171.90636
58.25,171.86836 58.25,171.86836 58.25,171.86836
;
16.292675,159.84256 16.292675,159.84256 -8.648692,159.15782
32.327204,156.21321 21.582077,159.94116 19.81895,159.90836
18.055754,159.87536 16.292675,159.84256 16.292675,159.84256
16.292675,159.84256 16.292675,159.84256 16.292675,159.84256
;
38.087237,160.0 38.087237,160.0 39.89078,153.08081
22.620006,147.99957 38.5,152.98768 37.601215,154.93324
54.731903,154.01552 40.877506,156.15863 46.317511,159.14158
41.762211,160.08655 38.087237,160.0 38.087237,160.0
38.087237,160.0 38.087237,160.0 38.087237,160.0
;
32.75,158.92105 32.75,158.92105 27.191107,152.26844
21.734173,153.06233 20.708333,152.10833 10.870717,160.25272
26.001022,128.48073 23.489091,148.27955 22.379794,153.66957
37.686226,155.26506 32.75,158.92105 32.75,158.92105
32.75,158.92105 32.75,158.92105 32.75,158.92105
;
52.559017,153.0 52.559017,153.0 38.493297,150.5594
58.863188,146.83577 52.559017,153.0 52.559017,153.0
52.559017,153.0 52.559017,153.0 52.559017,153.0
;
35.647024,148.21665 35.647024,148.21665 29.279855,145.6676
18.10718,144.03075 30.486834,144.98907 33.840713,146.12141
43.408707,143.2974 35.647024,148.21665 35.647024,148.21665
35.647024,148.21665 35.647024,148.21665 35.647024,148.21665
;
33.75,143.98469 33.75,143.98469 19.502259,144.87562
22.251905,134.35651 35.0,140.11805 34.213008,141.03203
36.5473,145.10587 33.75,143.98469 33.75,143.98469
33.75,143.98469 33.75,143.98469 33.75,143.98469
;
40.662281,138.25 40.662281,138.25 36.677282,133.08724
52.783922,132.68044 40.662281,138.25 40.662281,138.25
40.662281,138.25 40.662281,138.25 40.662281,138.25
;
674.18067,479.0 674.18067,479.0 676.88722,475.26417
663.78629,464.81093 658.77954,459.28726 647.63709,451.61449
655.45462,445.10709 643.12923,436.686 630.38674,422.31035
619.20663,406.99798 605.02655,393.76606 606.60579,390.78772
580.81685,375.2052 595.0578,376.03238 654.90469,373.16198
714.88322,372.39401 774.7389,369.0827 800.56161,386.25524
827.28849,401.83736 853.0,419.13615 849.72667,409.13245
834.38485,405.99511 826.13524,398.82266 810.49463,389.49476
794.54936,378.56873 779.23022,369.99996 773.12188,363.68251
795.77945,374.96643 800.26086,379.45118 817.90595,390.08099
835.18017,402.18348 852.99994,411.99996 848.62212,402.6591
834.03662,398.92432 825.67614,391.77075 811.31324,381.45755
794.8516,374.08745 781.23702,362.87406 768.99549,369.78146
777.39765,358.71288 769.18906,365.93645 722.68863,369.6171
675.68323,369.55368 629.0,372.0 625.91545,358.39462
619.31297,365.3524 615.78522,372.0102 606.12419,374.20152
591.7949,370.04754 584.89836,375.80492 598.3588,390.0384
611.77905,404.30937 625.00236,418.76396 612.16824,419.35799
599.33412,419.95201 586.5,420.54604 600.18799,422.12723
615.71341,419.81175 628.31781,423.69091 632.93624,431.07577
651.01175,444.46728 647.0,447.99999 651.8298,459.91681
666.82283,466.56424 672.0513,478.99999 672.0513,478.99999
674.0106,478.99999 674.0106,478.99999 674.0106,478.99999
674.18061,478.99999 674.18061,478.99999 674.18061,478.99999
674.18067,479.0 674.18067,479.0 674.18067,479.0
;
616.0,420.6395 616.0,420.6395 591.55666,420.6279
631.64196,419.62654 621.5814,420.6395 619.72093,420.6395
617.86047,420.6395 616.0,420.6395 616.0,420.6395
616.0,420.6395 616.0,420.6395 616.0,420.6395
;
60.214952,473.93835 60.214952,473.93835 75.057188,464.95015
60.310202,471.80052 65.667551,464.04317 62.106555,451.62517
52.574419,466.62741 56.303316,472.5 56.682041,475.73382
57.820786,474.69377 60.214952,473.93835 60.214952,473.93835
60.214952,473.93835 60.214952,473.93835 60.214952,473.93835
;
59.893011,471.0 59.893011,471.0 58.135611,464.91207
64.615671,455.94011 61.393011,469.41821 61.393011,469.41821
60.786022,471.0 60.786022,471.0 60.786022,471.0
59.893011,471.0 59.893011,471.0 59.893011,471.0
;
353.5,446.79167 353.5,446.79167 367.94053,447.68681
361.15359,429.42555 361.05407,420.92848 361.83873,398.68544
360.44151,375.55241 364.91275,353.94188 372.64197,340.3241
365.77194,323.90742 367.34837,308.86518 366.20337,294.99666
376.63823,322.35381 376.92757,327.84725 377.99559,341.75744
386.76641,353.17612 386.87886,367.24153 390.59215,377.21461
391.18207,388.36613 394.24074,397.81257 396.99767,409.88741
391.24192,402.6975 401.27847,417.1604 404.77051,431.25402
427.22191,426.5996 426.99993,413.11391 419.94644,404.57298
408.49167,395.45601 414.82844,383.54072 417.52223,353.2601
408.56448,323.78423 410.12009,293.49998 405.84478,280.00375
416.38193,265.42534 411.74919,251.0869 412.04431,241.50284
405.88285,225.28214 410.19899,219.77028 423.44814,221.99847
435.17978,208.44469 434.68835,195.20579 431.80076,185.30481
433.10857,175.20894 432.22712,164.74229 432.85004,149.14856
421.43711,135.0727 409.46129,126.71557 401.63876,123.84322
393.08091,114.79763 393.30573,106.69298 398.77673,105.61833
394.96197,100.32146 394.59819,88.606135 391.43043,74.594794
392.94176,78.071168 385.87688,68.86969 379.34922,59.320902
370.60425,50.698853 358.02458,54.329872 336.956,53.976848
330.97343,79.04656 327.09616,95.666461 325.3349,107.90817
317.60654,117.79106 310.67734,127.49998 315.81678,125.98206
325.06187,112.25894 321.11025,124.18443 313.01903,127.61485
307.40056,135.73558 303.25611,144.72005 300.65392,154.50375
292.80581,164.95713 300.06736,175.09677 297.04592,186.31183
300.67012,199.06538 302.75421,210.18242 304.22975,219.72788
321.83023,218.05579 318.04499,228.49998 316.08826,245.4348
307.82308,261.2287 311.59234,278.7711 311.86171,293.29944
321.83372,304.99792 330.08082,315.42036 338.76099,340.77454
329.07548,368.02126 336.43845,393.77421 339.66917,405.58817
342.55376,418.02031 336.41445,429.41989 329.88412,441.32837
344.7151,445.65018 353.49997,446.79167 353.49997,446.79167
353.5,446.79167 353.5,446.79167 353.5,446.79167
;
353.61129,443.0 353.61129,443.0 352.52773,439.8468
348.83033,437.68936 347.19936,442.5 345.86532,436.97013
341.94531,431.24665 340.13149,438.20835 345.81363,435.55443
332.56956,439.48557 340.49164,426.16433 339.382,415.44349
352.38846,409.95669 357.88948,413.79075 356.91091,420.55326
364.3214,445.3249 356.00006,438.5 351.32629,429.65816
354.50294,442.52048 353.61129,443.0 353.61129,443.0
353.61129,443.0 353.61129,443.0 353.61129,443.0
;
411.17431,422.0 411.17431,422.0 403.17846,418.6792
401.29863,406.60469 397.0,399.7903 403.6595,392.32538
415.08282,399.8492 420.27392,409.11834 430.49924,416.36745
410.71497,424.91677 415.0,417.0 411.85966,411.64783
413.18378,419.08728 411.17431,422.0 411.17431,422.0
411.17431,422.0 411.17431,422.0 411.17431,422.0
;
348.25462,412.0 348.25462,412.0 337.3807,409.79973
341.68885,394.16248 337.92679,386.0 332.45757,362.42751
342.28252,337.51092 332.70134,314.41004 327.46651,305.16315
317.91742,298.14209 315.86914,286.71382 312.06879,274.46719
313.52455,268.232 322.0,262.89554 329.01796,256.41087
324.31031,257.65543 315.75858,263.88782 310.71414,261.52914
318.0383,246.42461 319.17565,239.57271 322.51575,228.09457
324.31491,218.54821 310.79974,214.70411 300.3084,207.54878
304.47889,191.52376 301.41993,181.15424 305.72509,172.13474
294.46143,161.96265 304.00003,153.95166 306.22597,141.58443
313.69158,128.87053 326.67297,126.099 334.70589,111.05515
327.94284,91.66337 336.64471,76.240814 340.74212,64.417036
351.01593,54.174726 364.41859,57.467999 382.64058,58.368541
385.55129,81.518583 390.06173,95.436757 383.65496,107.22718
387.11083,113.75586 394.29911,120.0 395.6815,119.81912
405.20577,129.44487 412.22499,132.27295 425.11791,143.05086
431.82956,159.01297 429.53395,175.71631 429.57845,188.25623
435.43383,203.94766 423.24666,212.85479 411.24225,217.7194
401.12555,215.89435 406.64872,232.61782 408.95287,250.17476
411.40045,267.61605 406.22454,284.95592 408.10298,306.84374
406.9563,330.2826 412.07062,352.5 410.36534,366.42817
416.00467,382.26219 407.5,394.42598 394.51635,400.69634
393.41841,382.21993 392.21881,373.64115 387.40989,363.67439
389.42303,350.49069 382.96843,342.0 380.15531,328.68144
376.85063,312.82879 369.3403,299.97172 361.43451,288.45926
366.21949,316.65484 365.18059,322.70913 365.10069,334.31306
367.53451,346.46565 360.26366,356.5 358.91489,373.51978
359.60501,391.21939 357.60259,407.85203 355.8465,410.37536
351.28529,411.79084 348.25462,412.0 348.25462,412.0
348.25462,412.0 348.25462,412.0 348.25462,412.0
;
337.84324,317.79682 337.84324,317.79682 347.66959,306.82002
327.30728,313.50084 337.84324,317.79682 337.84324,317.79682
337.84324,317.79682 337.84324,317.79682 337.84324,317.79682
;
389.03814,313.0 389.03814,313.0 395.74315,306.38957
383.22345,295.17117 386.96905,284.58152 385.73923,273.46904
386.39184,270.75694 382.2904,261.10551 385.48619,252.20584
375.0362,238.15767 382.00009,234.06445 375.71179,229.31013
374.09273,216.20539 371.3697,206.27686 366.21757,190.75403
372.53907,190.23023 386.12626,194.64948 389.12538,201.42232
398.17064,205.72289 403.37276,192.40083 409.78449,180.55331
393.68297,174.82645 387.83414,167.0 369.93891,164.26986
395.50301,164.49939 398.00009,159.22285 390.20212,150.32836
394.07064,158.83886 385.79651,160.0 377.2257,167.59169
378.29084,161.65277 366.22176,166.77381 364.34422,171.02549
355.71859,155.50717 349.78972,151.15554 338.96517,138.58417
335.71475,158.06925 342.7835,153.28013 338.37858,145.69207
359.52187,158.44674 345.12071,159.19264 340.70944,159.13234
333.95502,173.84044 332.39744,182.57364 324.21976,189.94088
340.45183,207.5781 344.0,196.00314 347.57621,192.92413
363.08728,176.57488 364.74496,182.74074 350.97286,183.73142
374.44249,190.9384 367.56288,200.93076 368.42188,212.32285
372.99599,223.20346 372.95984,221.52477 371.91085,232.76822
368.02269,210.80485 362.74005,217.36504 357.24532,226.99083
358.68453,240.60477 355.00341,251.67236 350.96003,262.72414
349.93191,274.56755 365.07993,273.29027 376.28138,270.37622
385.67021,271.94477 383.09214,286.0 385.8159,293.97369
381.32137,308.72642 389.03814,313.0 389.03814,313.0
389.03814,313.0 389.03814,313.0 389.03814,313.0
;
369.5,270.8202 369.5,270.8202 359.68663,274.02633
347.14209,260.51252 363.02649,263.73684 349.612,255.97116
362.09193,252.00797 372.58195,256.08979 383.89405,271.01035
360.06538,266.47491 362.03554,268.36886 363.60268,269.07411
380.78126,271.55218 369.5,270.8202 369.5,270.8202
369.5,270.8202 369.5,270.8202 369.5,270.8202
;
379.69268,266.75474 379.69268,266.75474 375.65789,262.52135
376.51646,250.68359 380.00869,253.0 376.37161,256.89433
384.59411,266.3802 379.69268,266.75474 379.69268,266.75474
379.69268,266.75474 379.69268,266.75474 379.69268,266.75474
;
367.69765,250.86382 367.69765,250.86382 348.02647,249.86209
370.05179,248.3342 362.89612,247.97709 355.90278,239.25903
367.74836,243.16668 361.47913,236.04298 360.42471,221.10665
368.20924,229.40157 369.53181,238.44113 365.86724,242.67092
371.60914,242.6764 370.93668,250.94868 370.93668,250.94868
368.97805,250.89738 368.97805,250.89738 368.97805,250.89738
367.69766,250.86388 367.69766,250.86388 367.69766,250.86388
367.69765,250.86382 367.69765,250.86382 367.69765,250.86382
;
377.42819,250.0 377.42819,250.0 370.36404,242.64193
373.74101,241.021 380.03451,246.7465 379.03722,247.64404
379.78657,251.08263 377.42819,250.0 377.42819,250.0
377.42819,250.0 377.42819,250.0 377.42819,250.0
;
377.99527,243.0 377.99527,243.0 369.44843,238.02499
372.00143,227.87626 363.0,223.38373 363.78573,219.84831
378.80184,227.45029 374.92698,235.44982 374.69822,241.7069
380.00417,238.34575 377.99527,243.0 377.99527,243.0
377.99527,243.0 377.99527,243.0 377.99527,243.0
;
399.2231,190.5855 399.2231,190.5855 392.58957,195.8688
380.94255,189.2284 372.84431,188.13822 372.33519,186.14846
370.74856,181.19539 373.18515,177.75365 363.05715,171.30365
384.33763,177.37117 371.70978,167.5002 380.91345,169.67293
390.98204,171.30447 397.07946,179.59226 401.11993,182.81634
404.88425,186.37633 399.2231,190.5855 399.2231,190.5855
399.2231,190.5855 399.2231,190.5855 399.2231,190.5855
;
338.4096,192.0 338.4096,192.0 331.70654,188.34098
337.48689,169.89883 343.90157,165.08241 355.04064,153.1811
343.52702,175.16026 351.0703,162.71482 351.0847,161.36201
359.01329,159.98382 356.67537,169.34201 370.7455,170.34556
355.93765,181.15682 351.10485,186.12707 347.49329,189.03957
341.97063,190.31935 338.4096,192.0 338.4096,192.0
338.4096,192.0 338.4096,192.0 338.4096,192.0
;
350.99187,184.0 350.99187,184.0 353.61337,178.08694
336.53985,168.00398 348.84171,182.31806 349.97199,182.05214
349.53156,184.92555 350.99187,184.0 350.99187,184.0
350.99187,184.0 350.99187,184.0 350.99187,184.0
;
405.94446,263.77218 405.94446,263.77218 414.60123,254.14051
387.5757,253.67013 405.94446,263.77218 405.94446,263.77218
405.94446,263.77218 405.94446,263.77218 405.94446,263.77218
;
361.72448,204.60886 361.72448,204.60886 367.2124,197.54571
355.24423,181.78554 358.6,192.0 364.14482,183.30489
358.75267,206.93092 361.72448,204.60886 361.72448,204.60886
361.72448,204.60886 361.72448,204.60886 361.72448,204.60886
;
363.1849,133.93661 363.1849,133.93661 378.38276,130.37256
384.90656,113.55408 383.16862,99.129871 386.25293,98.18581
383.19712,94.578642 378.81565,81.1079 377.82338,68.077317
365.75567,81.940581 363.99067,89.85379 361.31222,98.545609
353.24229,107.0629 360.86028,114.1024 352.39225,111.95935
352.3031,133.47088 362.31362,133.79722 362.31362,133.79722
362.50032,133.87362 362.50032,133.87362 362.50032,133.87362
363.18522,133.93702 363.18522,133.93702 363.18522,133.93702
363.1849,133.93661 363.1849,133.93661 363.1849,133.93661
;
365.46293,128.98469 365.46293,128.98469 354.85826,127.52039
375.07075,125.68233 373.60475,117.54173 377.07513,98.996927
360.67614,119.51435 364.5,104.62129 360.97352,98.646348
380.73535,106.39351 378.11174,107.45979 380.00066,116.06274
375.48667,122.08792 367.42587,129.0 367.42587,129.0
365.46663,128.9847 365.46663,128.9847 365.46663,128.9847
365.46263,128.98467 365.46263,128.98467 365.46263,128.98467
365.46293,128.98469 365.46293,128.98469 365.46293,128.98469
;
365.01459,99.0 365.01459,99.0 363.58595,91.154462
375.84814,74.636193 378.91756,92.5 377.65539,95.820587
364.26732,91.83172 365.01459,99.0 365.01459,99.0
365.01459,99.0 365.01459,99.0 365.01459,99.0
;
355.10905,111.16639 355.10905,111.16639 359.9884,99.185187
356.05186,94.086504 353.7113,102.5 352.68472,105.33614
350.53073,111.99872 355.10905,111.16639 355.10905,111.16639
355.10905,111.16639 355.10905,111.16639 355.10905,111.16639
;
372.06343,72.0 372.06343,72.0 383.20503,53.479734
365.56313,67.437743 372.06343,72.0 372.06343,72.0
372.06343,72.0 372.06343,72.0 372.06343,72.0
;
45.818231,424.03024 45.818231,424.03024 41.415367,405.64673
43.721554,433.26924 45.818231,424.03024 45.818231,424.03024
45.818231,424.03024 45.818231,424.03024 45.818231,424.03024
;
596.5,422.63477 596.5,422.63477 619.8301,422.90635
590.02165,423.91406 588.4593,422.63177 591.13933,422.63272
593.82087,422.63477 596.5,422.63477 596.5,422.63477
596.5,422.63477 596.5,422.63477 596.5,422.63477
;
41.493148,418.31325 41.493148,418.31325 44.113968,410.34718
35.882527,403.18551 41.0,394.49371 35.003959,387.41937
38.565145,376.6514 35.0,367.82995 40.957019,356.3262
32.38619,363.07897 32.617709,347.64289 31.420631,328.23017
28.972382,340.10003 30.897225,352.82515 33.21369,375.4311
36.046025,398.25453 40.0,420.44501 40.0,420.44501
41.124049,418.84021 41.124049,418.84021 41.124049,418.84021
41.493148,418.31325 41.493148,418.31325 41.493148,418.31325
;
330.16111,385.83996 330.16111,385.83996 334.30848,383.50093
328.99109,387.60292 328.0,376.66667 326.84234,379.24336
322.69696,389.28088 330.16111,385.83996 330.16111,385.83996
330.16111,385.83996 330.16111,385.83996 330.16111,385.83996
;
309.0,384.6395 309.0,384.6395 333.44334,384.6279
293.35804,383.62654 303.4186,384.6395 305.27907,384.6395
307.13953,384.6395 309.0,384.6395 309.0,384.6395
309.0,384.6395 309.0,384.6395 309.0,384.6395
;
698.5,384.91244 698.5,384.91244 692.50547,376.87921
679.94098,370.14889 695.80218,383.32724 696.90996,383.32801
697.08708,385.68378 698.5,384.91244 698.5,384.91244
698.5,384.91244 698.5,384.91244 698.5,384.91244
;
485.41015,383.66667 485.41015,383.66667 489.72432,376.78896
472.72204,373.38939 485.41015,383.66667 485.41015,383.66667
485.41015,383.66667 485.41015,383.66667 485.41015,383.66667
;
3.5,379.81271 3.5,379.81271 25.554045,378.90922
4.896994,376.76148 2.4592861,379.80871 2.4592861,379.80871
3.5,379.81274 3.5,379.81274 3.5,379.81274
3.5,379.81271 3.5,379.81271 3.5,379.81271
;
441.29521,379.00922 441.29521,379.00922 464.77715,377.62902
417.67783,378.60632 440.91364,379.03202 440.91364,379.03202
441.29521,379.00922 441.29521,379.00922 441.29521,379.00922
;
520.5,376.25305 520.5,376.25305 533.46305,376.47126
547.02106,374.58796 525.99831,375.14995 516.51418,375.17265
491.59155,377.59616 514.25105,376.43098 516.33403,376.37168
518.41702,376.31236 520.5,376.25305 520.5,376.25305
520.5,376.25305 520.5,376.25305 520.5,376.25305
;
2.0957079,371.0 2.0957079,371.0 17.748216,366.95089
1.574589,359.37414 1.0,371.0 1.0,371.0
2.0957079,371.0 2.0957079,371.0 2.0957079,371.0
;
789.16104,322.83121 789.16104,322.83121 799.56585,319.05302
778.9549,317.53192 789.16104,322.83121 789.16104,322.83121
789.16104,322.83121 789.16104,322.83121 789.16104,322.83121
;
44.738594,313.66156 44.738594,313.66156 45.319581,308.87867
58.044352,289.72487 51.580788,296.05293 49.578315,301.34456
41.537482,310.38171 44.738594,313.66156 44.738594,313.66156
44.738594,313.66156 44.738594,313.66156 44.738594,313.66156
;
30.412627,255.51188 30.412627,255.51188 32.873453,245.63542
9.8707445,256.07536 29.5,255.63218 29.5,255.63218
30.412627,255.51189 30.412627,255.51189 30.412627,255.51189
30.412627,255.51188 30.412627,255.51188 30.412627,255.51188
;
17.334144,254.80719 17.334144,254.80719 27.933066,248.42278
6.5209183,252.52365 17.334144,254.80719 17.334144,254.80719
17.334144,254.80719 17.334144,254.80719 17.334144,254.80719
;
30.468615,232.0 30.468615,232.0 43.627661,228.65361
17.691069,224.38635 28.896532,232.0 28.896532,232.0
30.468615,232.0 30.468615,232.0 30.468615,232.0
;
15.575604,203.0 15.575604,203.0 19.078434,189.23792
15.127627,186.50848 14.93723,203.0 14.93723,203.0
15.575604,203.0 15.575604,203.0 15.575604,203.0
;
66.956575,145.45163 66.956575,145.45163 69.027951,138.31051
70.884561,123.87329 59.357477,130.13755 55.60267,137.59199
64.340859,148.97048 66.956582,145.45172 66.956582,145.45172
66.956575,145.45163 66.956575,145.45163 66.956575,145.45163
;
849.75,142.8808 849.75,142.8808 857.82189,139.32863
830.8684,141.1697 828.44191,132.4491 820.01948,129.3482
835.30505,115.6908 837.63598,108.95006 844.70656,100.19836
849.26566,90.714862 849.75588,79.516372 857.5248,61.811007
848.39646,69.702999 846.6153,82.52649 845.44639,100.77037
829.09191,113.12046 822.33358,129.5831 822.89897,135.03804
834.77758,140.76356 842.19806,141.9069 844.69861,142.47208
847.17135,142.98224 849.75,142.8808 849.75,142.8808
849.75,142.8808 849.75,142.8808 849.75,142.8808
;
