427.0,480.0 427.0,480.0 284.66667,480.0
142.33333,480.0 0.0,480.0 0.0,320.0
0.0,160.0 0.0,0.0 284.66667,0.0
569.33333,0.0 854.0,0.0 854.0,160.0
854.0,320.0 854.0,480.0 711.66667,480.0
569.33333,480.0 427.0,480.0 427.0,480.0
427.0,480.0 427.0,480.0 427.0,480.0
;
388.81574,449.85017 388.81574,449.85017 400.43098,446.92473
397.42196,430.00126 400.91676,420.6561 404.25409,410.43405
404.14594,400.92541 405.98383,390.58582 407.45008,379.96538
408.79433,369.45042 412.92725,360.28311 413.33714,343.35516
412.40599,326.42942 412.09387,309.5 419.92337,324.38809
419.80925,341.12 423.09798,356.83646 429.76771,365.05575
432.15016,376.76431 434.95752,387.45917 437.74821,397.46888
441.24718,407.97416 443.89694,418.25978 445.9654,428.9551
457.46466,435.67211 466.61536,428.2808 476.15359,421.50472
470.06637,410.93741 462.49926,403.86936 455.5037,394.06874
464.34839,380.94828 462.92563,369.24678 455.94655,336.99623
457.05139,303.2787 460.98537,270.70028 459.32626,254.88332
456.21422,238.73103 455.5547,223.11119 472.73025,222.3145
480.78861,202.59643 477.25703,187.62728 484.45837,167.94299
479.32344,143.86612 465.64605,128.01548 459.42079,120.16723
452.15205,121.88464 445.82763,112.08269 432.30853,109.94478
440.24323,94.185243 438.2262,84.744345 434.05782,73.158419
432.40391,72.586071 426.55815,60.49997 419.88163,50.42582
409.46852,41.218522 396.78561,46.411677 382.90347,47.585056
372.33821,61.082566 370.67139,72.703753 366.38431,79.573684
367.2623,79.662248 366.605,88.315923 367.7769,105.94808
354.19472,119.08085 347.91622,134.5 356.0937,128.49925
349.77621,130.1722 357.30866,122.30109 368.27947,121.75832
361.95513,119.27127 359.97494,127.99164 351.76597,130.80317
349.68451,144.46341 346.0,152.35351 343.70004,163.98893
344.60294,174.72033 346.92007,186.30586 349.29439,200.92311
347.50174,221.62799 363.29578,228.59859 360.47886,243.50042
357.10431,258.55905 355.08111,273.41155 355.20894,286.5414
355.7765,300.79554 366.8854,309.7229 377.54248,334.32458
374.83833,361.46594 375.50287,387.38306 377.43099,397.3568
382.90464,409.4629 378.98317,418.76602 373.75156,426.63525
362.60821,438.18555 375.49867,444.60635 379.19646,448.25277
383.72267,449.63759 388.81574,449.85017 388.81574,449.85017
388.81574,449.85017 388.81574,449.85017 388.81574,449.85017
;
380.82143,444.98469 380.82143,444.98469 373.94731,434.37311
381.61534,441.08399 371.73855,437.10776 375.67773,429.21318
380.1307,414.67328 390.37791,415.5 405.5979,411.38922
394.46171,429.02061 395.29284,437.5 390.37048,454.51213
388.03601,430.25683 382.5231,444.23469 382.5231,444.23469
381.5,444.96937 381.5,444.96937 381.5,444.96937
380.82143,444.98467 380.82143,444.98467 380.82143,444.98467
380.82143,444.98469 380.82143,444.98469 380.82143,444.98469
;
453.81092,427.74329 453.81092,427.74329 449.41206,426.28283
444.58431,410.61844 442.96251,402.28367 455.61764,397.0277
462.6936,405.31644 468.19828,416.07638 468.27418,421.80105
462.97993,423.54828 464.37572,423.5 464.98926,425.63041
459.05143,421.67064 455.99992,421.9593 457.64614,427.04487
454.33006,424.51978 453.81092,427.74329 453.81092,427.74329
453.81092,427.74329 453.81092,427.74329 453.81092,427.74329
;
392.39875,413.7443 392.39875,413.7443 378.73933,416.01126
383.24836,398.46616 379.45101,390.57131 374.94783,373.59723
381.62705,354.98612 376.90883,338.3373 374.84372,324.45782
371.89315,309.29315 361.9187,298.80979 354.52699,282.86906
357.69209,264.7892 363.00665,248.72761 359.84649,240.89727
371.94695,227.34769 361.49992,224.76344 352.87728,220.43655
354.46247,206.60745 351.99099,203.15875 348.90979,193.42467
351.30308,183.28017 347.79728,173.79928 346.14684,158.26735
350.51655,139.54954 362.81051,128.99629 374.83379,122.234
366.91928,104.84161 370.25715,93.461782 372.78761,77.272169
376.26422,53.479149 395.49994,50.011154 405.17142,47.196702
413.57341,48.146022 420.13152,57.404507 431.57619,72.756122
433.12761,92.038301 432.64934,110.62365 441.1651,111.1367
448.99911,121.34353 457.11308,125.17839 474.42773,136.69119
479.85505,160.58904 477.13659,180.07842 472.08319,191.3267
478.37819,206.47517 467.03597,215.4392 454.83188,218.68013
449.32452,225.4273 454.25807,238.83488 457.46963,258.69084
459.29062,278.63415 455.19655,298.459 456.35645,321.71362
453.26517,345.40629 460.12735,367.92831 457.46276,379.10548
462.71381,398.13539 446.89373,400.19007 434.86138,397.26273
439.05948,380.29579 432.90591,371.68732 432.51923,363.50782
424.61793,356.12942 424.13219,346.69039 422.64942,330.60876
419.04901,317.19294 412.49989,302.49991 406.92996,305.95441
410.47924,321.89658 409.69341,330.36991 410.69997,340.1105
410.49714,350.73153 409.78691,359.43177 407.20163,367.44533
404.17329,377.96763 403.4043,387.8847 400.37695,396.06903
405.81464,414.52163 392.39877,413.7443 392.39877,413.7443
392.39875,413.7443 392.39875,413.7443 392.39875,413.7443
;
392.75,326.80963 392.75,326.80963 400.86235,317.64974
384.52926,318.54325 392.75,326.80963 392.75,326.80963
392.75,326.80963 392.75,326.80963 392.75,326.80963
;
433.82487,320.79521 433.82487,320.79521 441.97782,312.77903
431.30453,313.10278 431.54286,301.96512 430.51707,292.48291
428.2957,280.10777 431.0,273.0 424.86139,265.25498
428.50624,252.40283 428.00948,242.52858 423.21403,228.00681
432.00608,230.88987 425.17472,222.55121 424.28887,209.05638
420.18398,194.45318 425.77144,181.65718 428.31839,193.70729
448.95389,199.0548 446.47165,182.20232 449.73341,170.42296
442.99624,161.55583 443.16266,151.98328 455.36226,142.15248
453.14,133.92881 441.88828,148.103 439.91685,158.42757
425.68678,153.9138 424.44634,167.38131 421.28627,176.83339
420.60048,186.9305 420.13756,197.29638 419.07381,215.24986
422.82457,208.09058 422.9731,215.5 423.76658,228.05919
419.38851,216.79118 422.09514,234.45449 427.17177,244.87913
414.9269,258.52255 424.00011,257.98169 417.69225,266.17175
414.34817,247.00087 406.96478,243.38312 417.21424,247.65464
398.81719,235.14085 410.00011,231.05 396.75371,234.67705
411.51884,216.80575 400.50502,226.84091 402.1265,212.76344
402.88221,197.24214 403.0148,182.68516 396.84884,176.86338
407.57164,170.51407 402.0,162.30602 399.73622,153.797
389.49382,153.03461 388.0,144.26321 379.84817,130.97592
388.87863,149.88543 380.97768,152.75538 369.03805,160.25781
384.83785,171.25325 378.61584,179.70978 373.96195,188.80293
389.82713,200.09067 394.8622,192.19553 386.31241,189.65043
402.07881,185.19481 401.46691,179.99246 402.15546,183.95466
401.63451,200.57974 400.92721,209.45608 399.70763,231.16164
401.02481,203.41429 399.40295,199.26372 396.93319,212.4627
401.97092,220.51011 396.56323,227.02211 396.66454,236.67139
394.7291,246.52186 397.6942,256.51773 400.42724,265.498
391.76877,277.71834 407.5,276.48233 419.00822,275.09538
431.13692,275.29221 427.02429,290.33462 428.24781,300.19188
428.61747,310.52617 431.3047,319.33745 432.24355,319.62503
431.63448,322.97984 433.82487,320.79521 433.82487,320.79521
433.82487,320.79521 433.82487,320.79521 433.82487,320.79521
;
415.5,274.83916 415.5,274.83916 398.31921,274.3283
412.58158,267.48858 405.65435,266.75 398.35023,265.18508
427.50411,261.57719 424.0,270.14288 413.05827,271.79787
432.22121,273.1169 416.5,274.97799 416.5,274.97799
415.5,274.83916 415.5,274.83916 415.5,274.83916
;
412.7227,261.85017 412.7227,261.85017 397.72688,264.89265
403.49517,255.29139 399.2738,245.3502 399.72792,237.0986
407.37191,270.69647 406.00359,253.51577 398.13221,235.69737
407.28909,249.82868 413.99493,256.76914 418.22249,262.05542
422.52962,262.47071 412.7227,261.85017 412.7227,261.85017
412.7227,261.85017 412.7227,261.85017 412.7227,261.85017
;
440.40999,189.78832 440.40999,189.78832 433.63917,187.52597
423.306,179.9065 428.29341,172.49995 429.21267,180.44535
434.26286,174.35264 428.21051,171.78618 424.09498,162.64691
442.56196,175.60942 429.99997,165.94859 432.44527,161.15582
447.83508,168.4915 433.49997,158.79154 444.77218,158.56406
448.00055,170.97167 437.86392,175.99995 423.65757,188.45336
448.90097,166.66985 444.20831,183.87493 442.90308,185.61131
443.73435,190.56383 440.40996,189.78832 440.40996,189.78832
440.40999,189.78832 440.40999,189.78832 440.40999,189.78832
;
388.32673,187.14509 388.32673,187.14509 378.02397,192.28917
388.42243,172.64007 384.83141,172.7458 400.0014,181.18235
385.91909,169.52593 380.49011,164.61147 376.67293,153.14425
394.01271,149.11471 384.87194,159.0 386.78795,163.57593
388.35186,151.06374 389.78808,163.5 389.14767,174.19475
396.3301,158.18384 397.98071,165.41644 389.44926,173.71268
403.54346,162.83624 399.19369,172.29384 389.47817,179.3888
399.64148,177.52698 392.57411,182.66749 387.72521,181.81496
387.5855,184.88793 388.32673,187.14509 388.32673,187.14509
388.32673,187.14509 388.32673,187.14509 388.32673,187.14509
;
362.85222,279.0 362.85222,279.0 380.22142,266.46872
354.15005,271.06374 362.85222,279.0 362.85222,279.0
362.85222,279.0 362.85222,279.0 362.85222,279.0
;
453.94446,270.77218 453.94446,270.77218 462.60123,261.14051
435.5757,260.67013 453.94446,270.77218 453.94446,270.77218
453.94446,270.77218 453.94446,270.77218 453.94446,270.77218
;
369.19419,269.63094 369.19419,269.63094 378.60776,265.69993
373.9605,257.82364 367.88839,269.83941 367.88839,269.83941
369.19419,269.63094 369.19419,269.63094 369.19419,269.63094
;
412.96127,243.52394 412.96127,243.52394 413.33955,238.05131
422.39762,219.00629 413.0,228.0 416.48287,218.25376
423.25889,209.40718 411.84577,223.26284 410.22653,228.25374
412.27636,240.47825 412.96127,243.52394 412.96127,243.52394
412.96127,243.52394 412.96127,243.52394 412.96127,243.52394
;
412.55273,208.0 412.55273,208.0 424.2625,200.74237
408.26449,193.90534 410.0,206.66667 410.81215,207.20472
411.2277,208.70017 412.55273,208.0 412.55273,208.0
412.55273,208.0 412.55273,208.0 412.55273,208.0
;
433.08488,200.0 433.08488,200.0 447.28498,196.52583
421.68789,184.82102 433.08488,200.0 433.08488,200.0
433.08488,200.0 433.08488,200.0 433.08488,200.0
;
411.0421,156.96612 411.0421,156.96612 418.88156,159.05893
405.36358,144.81285 409.05744,155.65102 409.74195,155.86128
409.92193,161.08451 411.0421,156.96612 411.0421,156.96612
411.0421,156.96612 411.0421,156.96612 411.0421,156.96612
;
376.17593,146.82926 376.17593,146.82926 386.73588,138.41152
366.89285,140.51265 376.17593,146.82926 376.17593,146.82926
376.17593,146.82926 376.17593,146.82926 376.17593,146.82926
;
382.0665,141.0 382.0665,141.0 384.84253,132.0611
371.25427,134.05395 382.0665,141.0 382.0665,141.0
382.0665,141.0 382.0665,141.0 382.0665,141.0
;
408.83509,133.0 408.83509,133.0 422.86926,131.56748
424.38442,112.35791 425.21491,100.84941 422.50385,92.588084
422.92819,73.430201 413.82069,73.408091 404.88345,75.787868
403.44499,90.791692 399.5571,99.408043 398.2574,109.29977
391.10729,123.27811 401.70469,129.96785 403.84165,132.84194
405.24683,133.5723 408.83509,133.0 408.83509,133.0
408.83509,133.0 408.83509,133.0 408.83509,133.0
;
409.12756,128.884 409.12756,128.884 399.36402,128.01188
395.02619,116.94578 405.26654,127.213 409.18641,126.44422
419.16092,124.4557 409.12756,128.884 409.12756,128.884
409.12756,128.884 409.12756,128.884 409.12756,128.884
;
415.54551,125.96223 415.54551,125.96223 408.24591,124.288
419.98766,119.22556 407.005,122.24996 420.33901,120.19912
417.26236,112.95482 414.90858,109.74996 424.04485,114.79561
408.6241,98.259756 408.3842,110.71017 405.12324,104.83985
403.19529,92.066916 409.17587,84.830325 410.83054,69.038328
426.91398,91.164655 414.07284,91.024276 410.21402,96.718595
406.21805,95.949823 411.8106,102.14544 425.82379,95.75149
414.64457,117.06608 421.9422,112.62752 419.63601,120.36846
416.34731,121.88043 415.54551,125.96223 415.54551,125.96223
415.54551,125.96223 415.54551,125.96223 415.54551,125.96223
;
410.5,116.90574 410.5,116.90574 405.96937,110.23863
416.22711,111.57597 410.25,116.33769 410.25,116.33769
411.5,116.84208 411.5,116.84208 411.5,116.84208
410.5,116.90568 410.5,116.90568 410.5,116.90568
410.5,116.90574 410.5,116.90574 410.5,116.90574
;
410.39301,67.0 410.39301,67.0 416.74047,57.307106
401.74511,51.811488 408.99968,67.0 408.99968,67.0
410.39269,67.0 410.39269,67.0 410.39269,67.0
410.39301,67.0 410.39301,67.0 410.39301,67.0
;
