427.0,480.0 427.0,480.0 284.66667,480.0
142.33333,480.0 0.0,480.0 0.0,320.0
0.0,160.0 0.0,0.0 284.66667,0.0
569.33333,0.0 854.0,0.0 854.0,160.0
854.0,320.0 854.0,480.0 711.66667,480.0
569.33333,480.0 427.0,480.0 427.0,480.0
427.0,480.0 427.0,480.0 427.0,480.0
;
375.05887,399.8319 375.05887,399.8319 385.56964,396.83908
383.27361,381.28802 387.42692,372.98383 392.92977,362.6617
391.08565,351.78078 394.75728,341.43177 395.65758,332.24619
399.89606,325.02213 397.90504,314.66312 400.25087,305.95171
392.67463,288.87515 401.56735,285.91976 405.48824,300.81449
397.28509,318.6413 406.14659,332.39282 411.09369,338.83324
420.87525,341.13778 423.80531,350.5 428.88507,358.59287
426.04266,362.29383 434.52939,372.02941 440.9292,386.40145
464.53085,372.283 456.53254,359.74044 450.15267,350.4553
440.00536,344.74978 445.16673,332.6221 444.46567,321.82707
441.01784,311.82946 443.7273,300.66943 444.22828,283.83903
445.30331,310.09843 452.35302,302.22057 458.07099,293.24048
450.52091,278.71992 461.59611,273.4935 466.8953,266.11254
459.73408,247.61797 470.49525,245.99337 478.69354,243.65928
485.0072,233.71184 481.67911,223.41895 481.66651,212.51676
490.48366,205.27981 492.18332,195.3004 493.82693,179.29897
497.88969,157.11189 480.28773,148.5 477.75006,136.71933
461.38952,137.15793 455.70712,126.97551 447.15125,119.25468
453.83081,108.53519 445.5,100.066 438.69167,87.060161
429.73368,69.676802 412.32127,71.251287 403.26774,72.188
393.39154,77.333755 385.0,81.541922 390.97484,79.068565
372.35875,97.432302 377.17239,99.087952 370.65771,108.80159
372.47752,121.36555 369.00194,132.84068 359.65522,134.70614
351.88365,139.10134 345.02533,144.00052 332.82545,141.82228
331.41661,156.77809 319.8269,159.18534 313.36668,167.70815
313.34274,182.82903 317.03495,192.92458 324.38277,203.13573
314.12973,220.19395 328.39295,226.62152 342.98418,230.23289
329.94086,243.63612 335.98135,252.70562 345.56333,258.90692
342.85856,268.39012 342.05032,279.58836 343.47926,290.99886
347.3238,302.32028 345.99993,314.00052 354.66717,313.74829
351.67554,282.26085 356.53735,296.61834 361.0844,315.44626
354.24257,335.90688 364.65601,353.50052 371.72783,363.41664
364.42523,370.79042 357.92807,378.24198 349.36542,387.33342
361.50383,397.33832 369.89145,399.28048 371.6138,399.46451
373.33785,399.6453 375.05887,399.8319 375.05887,399.8319
375.05887,399.8319 375.05887,399.8319 375.05887,399.8319
;
375.09497,397.98469 375.09497,397.98469 373.35984,398.72369
378.14336,386.05361 370.96936,390.50002 366.44485,392.03663
367.05357,386.38075 360.26681,385.00002 358.70742,377.02589
363.0254,395.00201 362.70635,391.61905 349.89827,385.11552
366.01206,375.4013 369.59887,367.76967 373.53764,364.8808
391.84969,364.49382 384.05126,375.34183 382.54517,383.50731
379.79883,393.45305 375.09497,397.98469 375.09497,397.98469
375.09497,397.98469 375.09497,397.98469 375.09497,397.98469
;
443.19502,375.0 443.19502,375.0 435.75071,373.02119
428.19405,356.37581 429.23289,351.68686 440.44166,345.77116
446.53641,348.88654 453.5,359.3016 457.10079,368.77722
449.50336,371.0111 445.67179,367.53496 435.9477,356.87
445.54471,375.23635 442.749,373.6681 445.15971,371.38896
448.64281,377.05876 443.19502,375.0 443.19502,375.0
443.19502,375.0 443.19502,375.0 443.19502,375.0
;
380.66821,364.90981 380.66821,364.90981 366.39912,365.33316
367.24663,347.19068 361.90148,337.68545 361.39861,320.38119
362.28276,302.74773 357.07571,286.03371 348.36648,300.02818
346.44014,294.39265 344.79547,279.54284 345.73513,263.37183
348.94265,247.64142 353.14112,232.20524 343.16151,233.13693
337.81004,232.02022 330.26969,224.14662 315.47645,217.11668
329.04097,197.90813 317.76829,187.89134 316.78482,176.04034
316.13989,159.67872 330.71088,156.61932 335.59271,145.04177
346.44729,149.6461 353.5931,141.22407 360.69581,137.8443
374.56889,136.88781 375.87323,129.74999 377.19604,111.68376
380.11238,87.673339 398.11621,78.89393 408.80451,75.800556
418.9235,70.542609 427.78829,80.318668 435.36609,89.029697
443.88509,100.35299 442.9105,112.49999 445.41536,108.83572
442.02882,128.22583 453.49045,129.40563 463.02366,140.51156
459.66697,135.71511 470.22063,141.49999 477.25507,147.6842
483.91453,154.84996 489.53643,163.00422 489.60313,175.53469
493.72449,191.45326 484.72969,201.85726 487.38257,210.48147
473.71592,216.90121 478.60645,226.82962 484.27346,239.53578
468.4664,240.45063 463.48932,247.03453 458.89343,251.3869
444.15707,239.43836 447.86558,255.78512 439.49077,264.0916
442.04529,277.93326 452.76431,264.99999 453.1024,267.67925
444.5043,280.82151 441.97258,277.36115 440.74323,270.58274
437.84505,262.28634 441.00028,257.99999 435.61415,253.30609
433.74093,264.82153 437.06981,271.33938 438.62071,279.95654
445.08715,288.01924 440.98339,298.49999 438.70175,310.15297
439.86696,321.09617 441.99096,332.45909 436.64041,346.0459
444.37286,336.68197 435.30128,347.85291 420.11759,350.34376
424.39223,341.40143 427.0791,342.56574 418.62867,341.24684
410.55551,333.78798 406.25497,326.96634 403.29024,310.23223
407.14919,292.91597 402.16806,276.49999 398.6698,293.73115
403.2821,263.90049 398.93657,265.06918 395.09505,263.58098
395.62117,284.4681 395.51564,293.09166 396.60522,304.43755
393.23354,316.52735 395.61364,327.11277 390.86949,333.9388
391.03882,344.66909 389.53642,353.16347 390.56838,357.57517
386.48578,366.47786 380.66818,364.90981 380.66818,364.90981
380.66821,364.90981 380.66821,364.90981 380.66821,364.90981
;
408.30259,242.93661 408.30259,242.93661 417.12009,243.73016
435.61452,238.11213 427.52787,228.00001 412.75191,239.9403
422.01524,223.05015 422.88197,226.00001 432.15363,219.20549
407.95006,228.64074 419.04522,216.56828 420.77388,203.83672
425.24145,191.45648 425.99979,178.65011 420.43162,189.58303
418.56202,191.91807 419.5405,183.16604 406.26266,177.41078
423.34108,196.43642 410.60636,184.72362 400.87129,169.39183
427.52676,185.63952 422.12601,177.74824 413.23539,173.51248
401.00348,171.98758 407.7046,185.61169 410.09396,191.90888
412.25526,213.35122 411.63201,209.10957 405.49449,218.07375
410.26841,208.14841 406.0,202.6 402.53051,206.57664
401.42912,230.56107 405.03131,226.0 404.99991,240.18133
402.09284,228.6788 400.99996,241.06445 403.41756,241.93818
405.59883,243.42568 408.30259,242.93661 408.30259,242.93661
408.30259,242.93661 408.30259,242.93661 408.30259,242.93661
;
411.55383,234.90032 411.55383,234.90032 402.13189,234.0316
411.71748,227.22455 417.93099,228.47595 415.84107,230.50354
413.59546,233.17628 411.55383,234.90032 411.55383,234.90032
411.55383,234.90032 411.55383,234.90032 411.55383,234.90032
;
408.80233,228.62217 408.80233,228.62217 408.39451,223.8096
410.33406,206.98732 414.5,216.5 416.89605,206.42247
413.02778,206.1609 413.56608,191.6787 419.35137,188.30186
414.40405,205.80287 418.02737,200.5 419.18414,206.5438
417.10725,215.79838 411.77933,224.24345 410.76886,225.65754
410.60375,227.95256 408.80233,228.62217 408.80233,228.62217
408.80233,228.62217 408.80233,228.62217 408.80233,228.62217
;
443.74145,226.81642 443.74145,226.81642 457.51934,218.65103
430.94755,220.78427 443.74145,226.81642 443.74145,226.81642
443.74145,226.81642 443.74145,226.81642 443.74145,226.81642
;
353.53937,208.96732 353.53937,208.96732 362.68133,199.83006
343.84607,182.19726 349.36849,199.67948 349.45549,201.04464
349.97624,212.83281 353.53937,208.96732 353.53937,208.96732
353.53937,208.96732 353.53937,208.96732 353.53937,208.96732
;
445.6814,204.53691 445.6814,204.53691 451.83096,201.13836
467.19144,199.47243 466.15398,191.82064 458.56711,194.83737
447.57657,201.35076 445.9517,202.18277 444.37066,201.40739
442.38251,207.19176 445.6814,204.53691 445.6814,204.53691
445.6814,204.53691 445.6814,204.53691 445.6814,204.53691
;
460.25,192.81955 460.25,192.81955 469.80138,184.72881
451.2056,187.35241 460.25,192.81955 460.25,192.81955
460.25,192.81955 460.25,192.81955 460.25,192.81955
;
416.78212,170.94847 416.78212,170.94847 430.65975,168.51172
434.68013,150.88543 439.0398,139.79902 438.327,129.59685
436.13295,119.25048 430.63557,110.49997 429.19159,121.25358
424.18688,105.15171 423.0,121.20158 418.56187,129.82728
412.91499,140.26297 412.51572,149.67292 419.07403,159.25916
402.27094,159.20291 409.8098,168.53673 412.1517,169.20503
414.27509,171.06875 416.78212,170.94847 416.78212,170.94847
416.78212,170.94847 416.78212,170.94847 416.78212,170.94847
;
419.3452,166.44095 419.3452,166.44095 406.42853,165.5803
436.65604,158.0679 420.5842,166.17541 420.5842,166.17541
419.3452,166.44095 419.3452,166.44095 419.3452,166.44095
;
426.5,157.66667 426.5,157.66667 422.60145,152.79001
437.07009,145.78224 428.0,157.66667 428.0,157.66667
426.5,157.66667 426.5,157.66667 426.5,157.66667
;
418.8,153.0 418.8,153.0 414.20471,140.20458
420.89507,141.40513 432.02342,142.5 427.11686,147.7536
419.25103,147.63532 422.0,151.85902 422.55487,148.04847
420.10109,154.13783 418.8,153.0 418.8,153.0
418.8,153.0 418.8,153.0 418.8,153.0
;
425.75,132.75307 425.75,132.75307 412.47451,142.35261
429.15835,111.21901 431.02894,121.07606 431.55952,127.29753
434.75735,132.25019 425.75,132.75307 425.75,132.75307
425.75,132.75307 425.75,132.75307 425.75,132.75307
;
404.0,157.5 404.0,157.5 405.16572,156.24421
405.85827,162.90029 408.44686,146.57251 412.05365,128.4511
399.02486,148.74108 403.18421,156.88699 403.47399,160.85078
402.77995,164.9861 404.0,157.5 404.0,157.5
404.0,157.5 404.0,157.5 404.0,157.5
;
410.57142,135.55887 410.57142,135.55887 415.77052,125.98761
402.46083,137.15345 410.30419,135.92198 410.30419,135.92198
410.57142,135.55887 410.57142,135.55887 410.57142,135.55887
;
424.13592,103.0 424.13592,103.0 431.35373,101.3694
418.03227,78.326918 418.95583,94.100389 421.62861,97.033438
420.40719,103.04607 424.13592,103.0 424.13592,103.0
424.13592,103.0 424.13592,103.0 424.13592,103.0
;
417.53976,89.0 417.53976,89.0 420.17613,79.214538
410.68404,81.257152 412.0,81.88568 414.10973,83.504146
414.34579,89.422041 417.53976,89.0 417.53976,89.0
417.53976,89.0 417.53976,89.0 417.53976,89.0
;
450.36057,295.66667 450.36057,295.66667 447.28695,292.51212
442.47295,276.37485 452.72302,278.5 451.30032,283.25673
454.03378,293.41599 450.36057,295.66667 450.36057,295.66667
450.36057,295.66667 450.36057,295.66667 450.36057,295.66667
;
453.1873,275.27834 453.1873,275.27834 450.88338,278.31691
465.43918,254.30579 453.2136,259.52723 440.83579,273.60205
452.04314,259.03859 454.07706,250.0 464.7978,249.77245
461.69884,265.2129 459.02528,271.82121 454.88245,268.79149
460.22286,275.63839 453.18727,275.27834 453.18727,275.27834
453.1873,275.27834 453.1873,275.27834 453.1873,275.27834
;
342.88646,256.0 342.88646,256.0 336.53908,254.47103
332.1085,237.31653 342.91046,235.4421 354.64751,231.98853
342.15004,248.96802 343.87905,255.29189 343.87905,255.29189
343.77291,256.0 343.77291,256.0 343.77291,256.0
342.88646,256.0 342.88646,256.0 342.88646,256.0
;
341.02608,250.72701 341.02608,250.72701 349.82433,246.31175
331.58879,244.71141 341.00588,250.72501 341.00588,250.72501
341.02608,250.72701 341.02608,250.72701 341.02608,250.72701
;
