427.0,480.0 427.0,480.0 284.66667,480.0
142.33333,480.0 0.0,480.0 0.0,320.0
0.0,160.0 0.0,0.0 284.66667,0.0
569.33333,0.0 854.0,0.0 854.0,160.0
854.0,320.0 854.0,480.0 711.66667,480.0
569.33333,480.0 427.0,480.0 427.0,480.0
427.0,480.0 427.0,480.0 427.0,480.0
;
480.57894,404.66127 480.57894,404.66127 492.78076,407.14776
502.92205,394.86619 507.56829,385.52225 508.59622,374.75399
511.96844,362.80676 525.26497,369.78062 531.9427,369.14198
544.82008,374.01086 545.0,361.93548 544.27764,351.21192
532.08145,342.87608 532.56178,334.55673 548.64871,324.93354
531.73077,308.28552 530.86823,295.5 533.43476,262.27487
520.54509,230.50637 507.91585,200.64601 502.88093,191.88446
498.72882,183.32488 489.64086,178.46423 484.17773,166.18634
468.98512,169.16235 459.03178,164.5 452.5049,153.68368
458.2269,147.76174 453.59877,140.48989 446.22685,127.62684
432.30745,117.40248 418.54077,112.64768 405.52975,112.62398
390.99219,119.7198 384.08116,131.01733 375.77369,147.27756
373.8701,165.51639 375.03063,183.5 377.88134,178.46704
370.58653,194.04445 369.87329,201.78084 367.40172,210.86743
363.30036,219.42908 365.96423,229.09595 363.38241,229.81758
361.89824,248.91961 364.93901,256.41439 362.35763,267.22594
352.82369,277.4074 357.79492,289.6353 361.74576,301.98678
348.94096,305.41825 343.84624,314.26244 340.53402,322.05803
352.59216,329.24285 345.88367,337.88234 335.66975,337.80014
318.46619,345.09118 326.67451,357.25788 325.18947,367.59073
343.89406,363.46906 344.09526,360.19537 335.60879,370.10791
350.50595,370.94392 355.95178,364.84493 369.25856,370.18353
359.21193,374.65459 366.73999,383.70548 371.9522,400.57724
391.93351,406.31704 406.46073,397.68346 414.67711,390.82864
420.95074,381.24748 426.1459,373.00001 428.68236,365.61853
433.71626,358.6213 437.81758,349.48653 445.03698,332.35398
449.87776,341.69736 449.9441,355.4742 451.41151,370.94648
452.25353,387.80826 465.68886,398.00001 465.29779,402.24655
475.38073,405.98048 480.57894,404.66127 480.57894,404.66127
480.57894,404.66127 480.57894,404.66127 480.57894,404.66127
;
481.0,400.89959 481.0,400.89959 468.41771,401.03012
459.00508,388.5504 456.0945,377.21691 452.9205,363.93241
452.2964,349.80689 448.28893,336.5 437.19465,337.74027
435.26779,354.14415 427.82933,361.61889 420.601,374.76949
414.05951,390.57862 399.24638,396.26338 384.56742,401.07007
369.40157,390.49518 366.96231,375.99479 370.75257,363.50585
359.51728,367.28349 356.99992,358.88197 363.26226,345.98588
346.68898,342.89332 350.75449,333.1783 350.01953,323.26143
340.76207,313.97822 354.27575,307.65214 364.64658,300.82484
359.07187,286.2958 359.57386,276.62381 364.39595,267.4609
370.86827,257.61977 365.71764,247.16079 369.33905,234.74614
366.03103,220.65978 371.01514,209.01302 376.20628,200.28127
383.53861,192.83331 380.77818,181.74438 381.00894,161.45919
377.66142,135.05272 397.10054,122.45366 407.09001,120.65887
416.47813,109.85086 425.90465,119.16036 442.08749,128.81737
451.02346,147.4372 454.54804,165.49595 465.07709,172.81109
481.29777,167.57858 487.79388,181.12926 496.88179,185.31863
500.49022,193.62638 505.2422,202.16421 517.22049,230.17656
529.91582,260.44942 528.04348,291.42247 525.06493,303.85445
539.22376,315.06456 535.90332,327.23301 523.71725,334.16772
534.70435,345.63321 517.11829,345.79344 510.34728,358.3564
511.22536,352.11216 511.90189,338.71106 509.08574,330.07561
497.99007,319.66278 492.47599,319.03867 489.15293,314.46958
480.35939,316.03387 478.49895,306.49995 469.30558,304.42002
464.59367,290.81804 459.20998,282.74463 454.68538,278.42362
452.23661,254.98418 446.67409,269.55407 446.56839,286.30912
436.87482,276.67399 439.55894,280.99995 434.28776,284.51702
421.98404,300.12132 438.49992,301.91114 448.33584,305.87155
461.54656,293.60236 467.96811,303.13652 477.76436,318.99237
499.76782,319.78532 507.99992,337.30003 507.52075,348.07785
511.89132,341.99767 509.08574,352.69981 507.19899,350.3412
510.82462,366.79091 507.44538,373.3246 506.73191,386.51335
496.25669,400.06079 482.58347,400.84804 482.58347,400.84804
481.0,400.89959 481.0,400.89959 481.0,400.89959
;
362.87244,361.92105 362.87244,361.92105 366.93651,358.94073
352.07241,354.92341 362.87244,361.92105 362.87244,361.92105
362.87244,361.92105 362.87244,361.92105 362.87244,361.92105
;
428.74489,278.0 428.74489,278.0 424.17977,271.7893
435.6071,280.27948 433.14353,266.5 435.2671,262.16834
426.30421,259.72537 428.11936,266.37683 430.49743,271.83159
422.84917,275.29072 428.74489,278.0 428.74489,278.0
428.74489,278.0 428.74489,278.0 428.74489,278.0
;
467.08726,271.0 467.08726,271.0 479.16449,265.05888
456.40108,261.21476 465.24489,271.0 465.24489,271.0
467.08726,271.0 467.08726,271.0 467.08726,271.0
;
433.43785,259.0 433.43785,259.0 434.35295,249.0807
436.97441,236.04639 429.99996,226.93841 434.4359,217.28633
414.53787,204.77495 420.559,220.70039 420.4249,233.67312
424.28605,245.76782 428.06235,258.02244 430.97164,257.7095
433.55765,255.13428 433.43785,259.0 433.43785,259.0
433.43785,259.0 433.43785,259.0 433.43785,259.0
;
431.70696,254.38608 431.70696,254.38608 425.64845,255.69415
428.49055,230.45491 424.38421,239.56849 420.96851,229.10085
423.92034,220.02101 426.2971,223.90139 428.16211,223.65794
433.4466,235.5841 431.40487,244.39983 428.03651,252.81582
436.87038,244.44643 431.70696,254.38608 431.70696,254.38608
431.70696,254.38608 431.70696,254.38608 431.70696,254.38608
;
459.95253,252.548 459.95253,252.548 464.55317,242.40702
476.33166,242.08542 486.90094,239.82428 491.9382,231.68396
472.19497,240.80925 466.82874,241.07144 462.90661,241.33137
457.23154,252.45038 459.95253,252.548 459.95253,252.548
459.95253,252.548 459.95253,252.548 459.95253,252.548
;
483.16667,236.0 483.16667,236.0 493.05925,227.54957
470.95908,230.38251 483.16667,236.0 483.16667,236.0
483.16667,236.0 483.16667,236.0 483.16667,236.0
;
425.21482,208.93884 425.21482,208.93884 432.09899,204.89832
431.61045,197.34691 432.09721,206.41143 435.68385,203.62901
438.50215,188.41035 434.64127,181.61053 430.71521,196.98637
431.29503,168.92265 427.45365,163.45375 428.89318,152.61084
411.8014,160.23769 413.98025,163.00004 408.48393,164.38541
413.74574,171.96371 409.20708,176.92485 411.55329,186.31331
412.77294,203.60047 424.73135,203.39065 434.28013,207.59352
407.24221,203.93485 409.08272,193.77273 407.87891,189.4226
415.00021,198.60535 408.55279,187.10557 400.97965,198.88877
415.77399,205.08657 424.45883,208.92184 424.45883,208.92184
425.21485,208.93884 425.21485,208.93884 425.21485,208.93884
425.21482,208.93884 425.21482,208.93884 425.21482,208.93884
;
422.25,199.46326 422.25,199.46326 417.08218,200.14983
432.39108,187.50032 427.34273,196.99903 425.71817,198.04032
424.2348,199.2107 422.25,199.46326 422.25,199.46326
422.25,199.46326 422.25,199.46326 422.25,199.46326
;
419.25,195.75516 419.25,195.75516 412.32716,188.86895
419.8589,176.61759 420.67706,192.63043 419.83257,193.38639
421.67009,196.21944 419.25,195.75516 419.25,195.75516
419.25,195.75516 419.25,195.75516 419.25,195.75516
;
428.75,190.96086 428.75,190.96086 412.2609,188.16049
431.34017,181.94321 428.75,190.96086 428.75,190.96086
428.75,190.96086 428.75,190.96086 428.75,190.96086
;
413.75,182.58333 413.75,182.58333 412.14599,181.38009
416.16875,157.10115 421.59838,164.5 429.73943,179.88131
416.10755,172.93008 413.75,182.58333 413.75,182.58333
413.75,182.58333 413.75,182.58333 413.75,182.58333
;
415.72847,148.22328 415.72847,148.22328 418.60956,139.91815
410.88081,131.76476 409.49276,125.63559 409.52566,143.16805
404.53321,112.23538 406.10612,131.5 412.28184,131.79953
407.21751,149.94715 415.72795,148.22328 415.72795,148.22328
415.72847,148.22328 415.72847,148.22328 415.72847,148.22328
;
539.57089,366.3616 539.57089,366.3616 535.4198,367.93068
526.466,345.12917 522.08541,357.55279 513.22911,357.74101
519.80021,341.93238 532.14586,343.7884 536.95486,347.8676
545.62085,361.73927 539.57089,366.3616 539.57089,366.3616
539.57089,366.3616 539.57089,366.3616 539.57089,366.3616
;
517.12607,365.99712 517.12607,365.99712 504.68006,356.01303
516.59324,352.50313 517.12607,365.99712 517.12607,365.99712
517.12607,365.99712 517.12607,365.99712 517.12607,365.99712
;
348.64424,364.9682 348.64424,364.9682 341.63828,359.4882
358.051,350.3915 341.70781,352.7014 332.67797,358.96946
331.36991,364.76563 327.57081,350.56569 330.05151,340.19698
347.07866,338.25669 354.2254,345.30243 356.23494,353.63452
341.42223,370.33383 354.25,357.00251 357.69169,358.91212
349.88871,363.22897 348.64424,364.9682 348.64424,364.9682
348.64424,364.9682 348.64424,364.9682 348.64424,364.9682
;
460.80902,296.8812 460.80902,296.8812 442.49775,298.65708
456.25892,282.02078 461.11803,297.0 461.11803,297.0
460.80902,296.8812 460.80902,296.8812 460.80902,296.8812
;
444.22432,294.884 444.22432,294.884 433.55567,295.0509
454.49248,281.35472 444.94864,295.0 444.94864,295.0
444.22432,294.884 444.22432,294.884 444.22432,294.884
;
451.92642,286.57049 451.92642,286.57049 443.21778,295.76316
448.10238,264.62822 452.58698,279.51481 454.26074,283.07548
455.95015,283.95733 451.92642,286.57049 451.92642,286.57049
451.92642,286.57049 451.92642,286.57049 451.92642,286.57049
;
