45.440983,480.0 45.440983,480.0 30.293989,480.0
15.146994,480.0 0.0,480.0 -0.71788987,469.1129
-0.32040676,459.087 4.0,452.09008 -8.2081321,448.00823
9.9480259,444.83283 7.3666231,436.08312 -0.68632103,430.63536
10.921084,427.44279 5.2060519,421.10405 -0.55234343,418.8078
-0.38392646,406.60625 0.0,397.27734 12.098065,395.51564
-6.4533283,396.32193 0.0,382.59207 0.0,338.39472
0.0,294.19736 0.0,250.0 5.2488759,248.96631
0.87078438,229.01915 4.5882579,224.67224 12.455639,217.6103
-1.7255198,209.96483 11.526739,207.94829 13.255521,196.38608
13.823866,190.73546 17.05249,179.57687 12.52062,170.04834
19.66105,171.42578 21.93346,160.5 13.347462,171.94473
22.826978,146.5486 18.923507,144.70127 11.577086,139.61612
16.579167,136.86441 18.999997,127.83571 23.55403,121.35219
16.368071,118.87508 13.080223,125.80936 16.551778,139.62819
7.07586,126.5285 12.0,123.55902 14.087607,115.38718
16.374635,111.24283 18.907918,101.21343 22.402641,98.323536
28.920496,82.919723 21.244889,81.0 15.469927,88.874139
14.576476,102.48961 12.204623,108.34326 1.1703878,118.83638
7.9352238,111.44077 7.8687214,99.589654 11.400069,90.573448
10.957981,81.743924 14.133428,72.772199 18.616771,60.751295
22.614091,48.276692 27.384936,36.540454 26.764545,26.625945
37.022323,23.798082 38.24385,13.0 35.792137,25.242417
54.372358,9.9850344 42.666448,10.595257 49.384685,7.0083633
47.949374,6.5482431 46.233263,0.0 271.48884,0.0
496.74442,0.0 722.0,0.0 726.16358,3.8620098
737.86472,-2.4408144 747.31033,0.0 744.93037,6.910393
752.77892,13.253927 751.96738,19.861803 754.84265,23.924572
756.92985,34.956067 756.0,39.877555 760.96391,50.455212
767.44017,62.333164 770.95392,74.489983 771.15219,84.54451
773.25439,90.690765 780.5319,98.508153 781.93767,105.48115
765.35691,94.686928 779.00052,108.86851 777.83559,114.97625
774.85083,126.51916 776.46906,124.59825 779.48475,118.55648
790.6903,143.99862 779.01587,136.78703 783.35104,126.97951
765.55793,125.84089 775.96834,117.92714 776.01244,111.13541
769.39164,100.08441 767.0,110.43313 771.27126,120.23026
767.94683,123.57102 768.02381,133.28222 773.10811,134.88852
771.91499,148.00785 775.22361,153.25623 777.55713,152.23311
779.80375,170.62462 781.68962,177.59623 787.58043,190.52248
787.35505,190.57468 787.98744,199.5 792.3626,205.04611
790.60277,221.34276 797.49477,219.94968 801.53673,212.58833
797.60109,200.26641 795.92185,191.43266 792.69024,178.86174
790.1183,163.45039 784.37139,153.47456 784.75625,152.89055
783.77597,133.31074 785.99991,145.75511 791.45309,153.62347
792.54794,165.92763 793.45956,174.58632 793.1587,182.29343
798.34533,198.85974 806.56673,190.21011 812.094,195.17493
811.94619,211.12825 811.10388,216.26254 810.90906,227.98119
804.25695,212.21169 803.70747,225.40747 801.28685,234.79336
813.33118,246.26187 811.07527,231.1407 808.10538,226.03235
821.41926,238.04656 818.49997,243.5 811.35034,241.54695
809.02793,252.07131 809.99997,260.74098 812.62612,267.34548
817.40212,279.43315 813.49997,282.54622 818.70298,289.09904
811.94609,301.16393 815.59949,309.95473 817.20638,323.21417
816.40112,336.89391 820.28615,349.85667 810.66912,353.99718
824.81499,370.17217 815.94959,365.71329 804.8793,371.85728
823.46203,356.63444 810.0,359.0 809.49901,346.95289
815.27111,334.99005 810.73567,322.97087 811.13098,310.37011
807.63915,298.42444 806.0,286.96242 799.85333,278.94008
807.94901,268.90059 804.30185,267.83845 799.78424,266.84588
798.86958,252.19288 796.02335,245.68424 795.40199,236.67093
789.61789,219.8994 788.1934,221.95289 795.78844,211.87785
779.03425,217.27106 785.31713,208.66435 773.2385,213.6619
785.39993,187.04912 785.66209,203.72704 791.85855,196.69508
776.36681,189.05218 776.0,197.9194 772.83699,203.51256
770.73247,211.3797 773.44833,219.44169 779.37283,231.13556
772.39938,229.20274 773.0,239.88197 775.18797,246.44018
780.08079,263.16485 772.18072,265.39384 769.81665,279.99268
775.2304,275.06254 776.49166,270.15833 779.50451,281.37016
773.99592,286.61484 771.06107,293.36904 759.75701,295.23893
771.14897,310.53655 774.60295,312.41805 778.21205,322.42029
770.12812,331.71849 773.18552,334.71623 763.29494,326.56943
764.17279,347.30784 773.5,341.29574 779.75261,333.24968
770.81014,343.94606 775.76581,347.83024 787.05446,358.45215
771.15607,347.00149 767.90066,343.7649 760.4148,347.56822
767.09366,359.79078 764.27469,368.44699 759.32932,372.24341
771.57019,377.25741 768.0,380.11803 770.41492,393.64204
759.92224,382.24645 757.05695,387.93901 760.06665,403.85441
762.64154,391.58674 764.61658,390.0 772.99558,391.19485
759.40171,412.24019 769.5839,416.0 775.58261,409.83248
774.22118,399.97238 776.22738,391.02249 782.97095,398.9585
770.73291,409.20837 774.11131,417.16912 775.89424,417.01242
767.16794,425.82457 768.98725,436.41275 760.19638,454.26451
787.13869,437.16204 776.34909,448.29969 774.13967,456.68549
768.72366,464.9012 767.99948,473.0 776.59642,475.87778
759.24288,483.97153 753.99948,479.12212 764.25905,464.03939
746.88822,460.14328 748.99948,461.39058 746.80223,443.71492
737.44245,465.02504 740.00209,473.60609 752.57065,474.34376
737.07719,483.2543 725.79596,480.01163 720.59559,476.22954
730.58424,462.44687 731.78879,454.71112 740.1685,426.06736
748.63032,398.21261 750.87407,368.04699 753.02631,330.42072
747.89927,293.34636 742.25842,256.60368 740.7125,247.83308
739.60523,243.7588 738.01263,235.5 733.59553,212.39182
729.92416,188.45253 725.70723,165.00156 713.98425,160.04072
713.09112,162.10845 709.71754,156.04583 704.80705,156.67269
681.35961,157.54108 697.41091,160.0 712.48684,157.44645
707.40495,171.13523 718.78906,167.82201 723.67452,163.34822
722.42573,184.73018 724.9347,191.5 730.14652,229.03852
739.7549,266.31667 743.31231,304.33466 746.16356,329.66015
746.63089,355.93904 744.50227,381.18643 740.60431,396.89888
738.9547,413.62606 733.42212,429.23493 728.02623,446.0626
722.96177,462.50429 718.30344,479.5 581.53563,479.66826
444.76781,479.83652 308.0,480.00478 305.67834,474.72368
315.49499,451.3939 307.0,459.98454 301.485,467.81732
308.27972,486.00727 291.00854,480.0 226.36473,480.0
161.72091,480.0 97.077098,480.0 89.903253,448.8388
80.41569,417.64516 78.0,385.80858 83.37527,375.02832
86.187392,361.63505 89.447787,350.91552 92.082519,343.33536
96.158395,332.38566 93.233263,329.0 85.361893,334.89009
92.928496,338.63351 88.182563,347.62475 82.779971,351.67825
84.707791,362.44104 79.745816,370.50007 74.68758,396.11326
75.225037,359.90681 77.679659,364.25 72.306841,356.58848
78.481884,342.57003 78.047959,332.35107 73.584563,326.16836
71.794093,344.26506 72.028881,350.52 70.740337,361.72477
70.587425,371.24143 72.41277,381.94643 73.616269,413.27362
82.804456,443.68556 89.131946,474.09691 97.345165,484.72394
73.899834,478.2288 67.365553,480.0 60.057363,480.0
52.749173,480.0 45.440983,480.0 45.440983,480.0
45.440983,480.0 45.440983,480.0 45.440983,480.0
;
730.0,477.5 730.0,477.5 734.99396,464.55975
717.78599,476.4576 730.0,477.5 730.0,477.5
730.0,477.5 730.0,477.5 730.0,477.5
;
764.12244,463.0 764.12244,463.0 770.01733,455.20867
765.76272,449.0166 760.57549,459.78357 761.9572,460.42129
762.20107,463.51417 764.12244,463.0 764.12244,463.0
764.12244,463.0 764.12244,463.0 764.12244,463.0
;
752.59665,449.5651 752.59665,449.5651 763.16081,446.43882
754.22593,435.65988 750.57122,443.77714 751.07221,446.23574
746.99149,452.75572 752.59665,449.5651 752.59665,449.5651
752.59665,449.5651 752.59665,449.5651 752.59665,449.5651
;
753.90699,439.0 753.90699,439.0 768.477,437.73131
749.32658,410.34181 751.25309,431.66253 751.34219,434.3209
747.89622,440.15466 753.90699,439.0 753.90699,439.0
753.90699,439.0 753.90699,439.0 753.90699,439.0
;
81.0,398.0 81.0,398.0 83.333855,393.92325
86.835717,375.59677 82.977979,387.77339 79.040464,388.96345
79.033685,396.57156 81.0,398.0 81.0,398.0
81.0,398.0 81.0,398.0 81.0,398.0
;
80.616631,361.0 80.616631,361.0 89.098816,349.76994
72.241196,354.42823 80.616631,361.0 80.616631,361.0
80.616631,361.0 80.616631,361.0 80.616631,361.0
;
5.5318034,341.55887 5.5318034,341.55887 13.335384,326.41822
0.58298142,339.47239 5.2457811,341.93703 5.2457811,341.93703
5.5318034,341.55887 5.5318034,341.55887 5.5318034,341.55887
;
80.286882,330.73785 80.286882,330.73785 80.951918,326.19143
89.597459,308.45694 83.327193,308.91582 82.389675,315.32163
73.876887,327.0112 80.286882,330.73785 80.286882,330.73785
80.286882,330.73785 80.286882,330.73785 80.286882,330.73785
;
88.547952,330.0 88.547952,330.0 97.392238,318.56985
85.858546,317.01666 87.333431,330.0 87.333431,330.0
88.54805,330.0 88.54805,330.0 88.54805,330.0
88.547952,330.0 88.547952,330.0 88.547952,330.0
;
52.810168,321.0 52.810168,321.0 65.43243,311.54955
43.963508,311.90696 52.5,319.0 53.840791,318.76117
50.233211,322.14342 52.810168,321.0 52.810168,321.0
52.810168,321.0 52.810168,321.0 52.810168,321.0
;
12.75,318.99821 12.75,318.99821 23.833535,308.96881
14.505415,304.11723 12.0,319.0 12.0,319.0
12.75,318.998 12.75,318.998 12.75,318.998
12.75,318.99821 12.75,318.99821 12.75,318.99821
;
769.78518,318.98471 769.78518,318.98471 780.69227,314.16317
759.93728,308.88873 769.78518,318.98471 769.78518,318.98471
769.78518,318.98471 769.78518,318.98471 769.78518,318.98471
;
5.7602673,315.0 5.7602673,315.0 10.159547,314.21054
8.0649564,301.49003 4.6864026,313.37345 4.6864026,313.37345
4.1872012,315.0 4.1872012,315.0 4.1872012,315.0
5.7602673,315.0 5.7602673,315.0 5.7602673,315.0
;
56.94244,307.0 56.94244,307.0 64.654442,296.12801
53.438876,296.78311 56.94244,307.0 56.94244,307.0
56.94244,307.0 56.94244,307.0 56.94244,307.0
;
85.811942,307.0 85.811942,307.0 94.360455,302.72196
93.284815,282.49227 87.346498,299.8992 87.705558,301.4336
83.265251,307.00891 85.811942,307.0 85.811942,307.0
85.811942,307.0 85.811942,307.0 85.811942,307.0
;
141.7047,295.0 141.7047,295.0 151.8735,283.41801
141.83747,279.1732 140.77742,295.0 140.77742,295.0
141.7047,295.0 141.7047,295.0 141.7047,295.0
;
202.42469,287.0 202.42469,287.0 223.14719,285.23131
191.92661,280.12255 199.14068,283.5 200.40448,284.37728
200.076,287.97345 202.42469,287.0 202.42469,287.0
202.42469,287.0 202.42469,287.0 202.42469,287.0
;
37.830887,285.0 37.830887,285.0 47.318243,279.55272
29.795473,276.79599 35.636697,283.72362 36.757336,282.95731
36.816136,285.44211 37.830887,285.0 37.830887,285.0
37.830887,285.0 37.830887,285.0 37.830887,285.0
;
184.75,283.86382 184.75,283.86382 193.96231,279.32094
166.74637,281.58758 184.75,283.86382 184.75,283.86382
184.75,283.86382 184.75,283.86382 184.75,283.86382
;
636.25,283.88402 636.25,283.88402 645.27706,279.65179
618.79762,280.43714 636.25,283.88402 636.25,283.88402
636.25,283.88402 636.25,283.88402 636.25,283.88402
;
153.98405,282.42544 153.98405,282.42544 163.1281,282.9402
185.02524,280.55111 164.6724,278.1166 160.00709,276.11315
140.47931,282.46371 153.98405,282.42544 153.98405,282.42544
153.98405,282.42544 153.98405,282.42544 153.98405,282.42544
;
309.91157,283.0 309.91157,283.0 320.82412,275.1844
308.01275,260.34968 301.78316,252.86421 296.57585,244.81526
290.36806,240.45339 283.31665,233.87451 258.34856,212.64835
224.25497,205.13913 192.33228,205.42599 180.24071,208.1815
166.57388,205.16657 155.0,209.11803 161.4606,213.73571
175.94067,209.47632 185.45657,209.70241 213.05147,209.55554
241.81447,213.09218 266.76767,225.81297 284.17246,237.94863
302.28278,253.02094 309.33741,273.46034 309.66955,276.41279
308.8767,280.79766 309.91157,283.0 309.91157,283.0
309.91157,283.0 309.91157,283.0 309.91157,283.0
;
23.25,281.98469 23.25,281.98469 22.949135,281.54638
28.600345,273.10509 21.448286,277.1 19.110024,280.06945
19.780151,281.26515 23.25,281.98469 23.25,281.98469
23.25,281.98469 23.25,281.98469 23.25,281.98469
;
666.25,281.95019 666.25,281.95019 665.67105,272.60039
644.34083,275.31794 663.27998,280.87783 664.36304,280.86883
665.10686,282.1957 666.25,281.95019 666.25,281.95019
666.25,281.95019 666.25,281.95019 666.25,281.95019
;
213.19098,280.93664 213.19098,280.93664 217.641,274.81223
200.39336,278.10101 213.19098,280.93664 213.19098,280.93664
213.19098,280.93664 213.19098,280.93664 213.19098,280.93664
;
650.75,280.94164 650.75,280.94164 652.17112,277.87061
633.90617,268.71467 638.88262,277.00045 643.41081,276.00489
646.55286,280.60215 650.75,280.94164 650.75,280.94164
650.75,280.94164 650.75,280.94164 650.75,280.94164
;
229.10765,280.0 229.10765,280.0 239.14894,276.20652
217.0071,277.17031 214.66398,269.19724 204.74782,261.8686
213.40074,250.94062 206.42069,243.5 204.79879,235.13638
214.72945,217.67361 202.12998,231.99897 199.2295,240.04368
198.31416,247.11882 186.0,248.14648 187.60883,255.67392
176.42212,250.87017 190.0831,260.0 201.23588,252.71925
201.90273,264.20633 209.70585,271.12812 214.34781,277.20448
222.69839,278.26164 229.10765,280.0 229.10765,280.0
229.10765,280.0 229.10765,280.0 229.10765,280.0
;
196.75,278.89362 196.75,278.89362 193.18377,271.00114
185.89966,271.11396 203.00796,275.99999 211.41893,271.62132
191.21985,270.46781 186.43346,263.87434 179.17931,263.48013
167.96298,256.47396 173.11503,246.79345 174.70958,236.8023
160.19929,261.53566 165.6641,241.16256 175.81032,233.22029
171.45,244.11342 181.51946,233.40575 181.46366,230.13363
203.01262,224.08313 190.14226,223.47586 180.11517,226.07282
173.20541,235.66295 163.96684,239.01363 154.94103,246.08152
168.89621,259.75711 176.52412,264.08162 190.87871,272.88308
185.44397,272.87116 171.78848,267.87809 172.87665,274.54892
187.98045,274.22739 194.35539,278.39797 194.35539,278.39797
195.5,278.78714 195.5,278.78714 195.5,278.78714
196.75,278.89352 196.75,278.89352 196.75,278.89352
196.75,278.89362 196.75,278.89362 196.75,278.89362
;
583.13486,278.0 583.13486,278.0 589.62587,273.52327
602.31723,278.69945 612.03701,276.05828 626.00008,269.36158
634.33177,252.93651 630.37084,237.52904 630.45764,228.69805
614.19169,216.72331 624.10251,232.07752 632.58442,245.69018
622.75415,264.04753 610.95633,272.27717 599.18413,276.45398
585.27425,272.57586 574.35931,272.22767 573.16194,274.3848
580.90951,278.76812 583.13486,277.99995 583.13486,277.99995
583.13486,278.0 583.13486,278.0 583.13486,278.0
;
522.84501,277.0 522.84501,277.0 529.37265,272.76568
529.43251,261.84492 536.44357,254.41022 553.64947,229.71162
583.47735,217.10241 613.30364,215.3396 633.34939,213.13098
653.07472,212.5868 671.5,219.68618 690.24525,221.43635
663.66263,213.15055 656.63351,212.36797 645.58523,209.41844
633.28347,212.20914 622.57803,209.62987 591.92333,211.79079
559.33874,219.71365 539.21597,244.90677 533.26011,254.52432
520.83719,266.14331 522.84501,277.0 522.84501,277.0
522.84501,277.0 522.84501,277.0 522.84501,277.0
;
260.56672,276.0 260.56672,276.0 270.74877,271.84975
279.33085,259.30781 277.5,247.92078 272.55918,251.46342
270.86532,264.82257 264.65621,270.85782 263.55125,273.09064
254.4733,272.96826 260.56672,276.0 260.56672,276.0
260.56672,276.0 260.56672,276.0 260.56672,276.0
;
173.80902,274.85017 173.80902,274.85017 184.12281,270.89518
150.55948,271.70271 173.80902,274.85017 173.80902,274.85017
173.80902,274.85017 173.80902,274.85017 173.80902,274.85017
;
71.606989,274.0 71.606989,274.0 71.777691,270.61962
77.321687,264.95861 79.389805,256.8217 76.759076,258.52543
66.986401,266.67223 69.213978,274.0 69.213978,274.0
71.173679,274.0 71.173679,274.0 71.173679,274.0
71.606989,274.0 71.606989,274.0 71.606989,274.0
;
276.9349,273.0 276.9349,273.0 292.81054,269.34631
275.55653,264.60566 276.9349,273.0 276.9349,273.0
276.9349,273.0 276.9349,273.0 276.9349,273.0
;
752.34617,273.0 752.34617,273.0 765.93343,265.34113
741.53547,263.23014 752.34617,273.0 752.34617,273.0
752.34617,273.0 752.34617,273.0 752.34617,273.0
;
569.19617,272.0 569.19617,272.0 569.78201,269.64721
559.85158,254.76181 556.0,250.0 557.11273,257.96556
560.97253,269.41421 569.19617,272.0 569.19617,272.0
569.19617,272.0 569.19617,272.0 569.19617,272.0
;
668.86989,272.0 668.86989,272.0 675.40389,263.91917
685.89921,265.3786 695.29205,269.36322 705.39017,268.17784
683.44062,261.23616 678.20058,263.11499 669.97926,266.94101
670.15669,268.68009 665.0,268.13148 666.33188,269.33895
666.07989,273.23323 668.86989,272.0 668.86989,272.0
668.86989,272.0 668.86989,272.0 668.86989,272.0
;
682.55902,272.0 682.55902,272.0 695.60564,266.86991
668.64727,266.63984 682.55902,272.0 682.55902,272.0
682.55902,272.0 682.55902,272.0 682.55902,272.0
;
680.63045,262.0 680.63045,262.0 696.11964,254.02704
671.45314,257.48882 680.63045,262.0 680.63045,262.0
680.63045,262.0 680.63045,262.0 680.63045,262.0
;
654.69528,259.0 654.69528,259.0 662.47938,250.6683
660.44671,261.62727 667.22339,247.86669 664.14821,241.28957
648.29822,237.15264 658.0,243.0 671.50552,246.70408
651.9041,252.95817 654.69528,259.0 654.69528,259.0
654.69528,259.0 654.69528,259.0 654.69528,259.0
;
690.16664,257.77779 690.16664,257.77779 690.0001,250.83439
675.19702,253.60555 689.18328,258.10557 689.18328,258.10557
690.16664,257.77779 690.16664,257.77779 690.16664,257.77779
;
601.94357,253.78254 601.94357,253.78254 613.29137,250.93917
587.77043,246.22264 601.94357,253.78254 601.94357,253.78254
601.94357,253.78254 601.94357,253.78254 601.94357,253.78254
;
76.896439,253.0 76.896439,253.0 85.797178,246.05314
72.852117,242.21463 76.896439,253.0 76.896439,253.0
76.896439,253.0 76.896439,253.0 76.896439,253.0
;
6.5510266,252.0 6.5510266,252.0 18.496613,237.8972
4.2662996,242.91995 6.5510266,252.0 6.5510266,252.0
6.5510266,252.0 6.5510266,252.0 6.5510266,252.0
;
564.15499,252.0 564.15499,252.0 574.2385,240.09926
548.17497,244.23531 564.15499,252.0 564.15499,252.0
564.15499,252.0 564.15499,252.0 564.15499,252.0
;
761.05902,246.0 761.05902,246.0 769.74494,240.14689
751.59185,242.11567 761.05902,246.0 761.05902,246.0
761.05902,246.0 761.05902,246.0 761.05902,246.0
;
43.238972,243.35231 43.238972,243.35231 41.612582,241.92791
49.525366,223.85626 42.955405,232.75451 42.822182,237.60954
34.064391,242.23653 43.238972,243.35231 43.238972,243.35231
43.238972,243.35231 43.238972,243.35231 43.238972,243.35231
;
229.09758,240.0 229.09758,240.0 242.70474,233.1196
215.80053,230.55912 228.19305,240.0 228.19305,240.0
229.09767,240.0 229.09767,240.0 229.09767,240.0
229.09758,240.0 229.09758,240.0 229.09758,240.0
;
190.25,236.99862 190.25,236.99862 194.33284,233.66963
214.53154,221.77094 198.96966,223.97649 184.40005,231.74523
204.86157,224.56931 189.3581,234.86298 188.70196,235.12776
188.51071,238.30428 190.25,236.99862 190.25,236.99862
190.25,236.99862 190.25,236.99862 190.25,236.99862
;
799.98596,236.99962 799.98596,236.99962 811.91944,233.93331
792.89364,212.10662 796.73806,229.68924 797.80761,231.57935
796.39812,238.04703 799.98596,236.99962 799.98596,236.99962
799.98596,236.99962 799.98596,236.99962 799.98596,236.99962
;
642.72288,232.99962 642.72288,232.99962 647.72984,228.08752
617.82596,218.54075 629.75511,224.99962 633.00135,228.36445
638.17938,231.35863 642.72288,232.99962 642.72288,232.99962
642.72288,232.99962 642.72288,232.99962 642.72288,232.99962
;
113.55902,226.99962 113.55902,226.99962 117.14516,227.37732
121.19061,219.9506 116.0,213.88159 118.14357,218.08271
108.13126,225.30842 113.55902,226.99962 113.55902,226.99962
113.55902,226.99962 113.55902,226.99962 113.55902,226.99962
;
159.99948,226.99962 159.99948,226.99962 174.92018,222.51793
169.55531,216.53057 158.99998,225.06999 159.3159,225.73044
158.19313,227.82959 159.99948,226.99962 159.99948,226.99962
159.99948,226.99962 159.99948,226.99962 159.99948,226.99962
;
687.25,225.87722 687.25,225.87722 692.79637,218.39933
671.65413,221.17892 687.25,225.87722 687.25,225.87722
687.25,225.87722 687.25,225.87722 687.25,225.87722
;
156.25,224.58398 156.25,224.58398 168.63469,220.72932
167.28469,211.22102 155.0,222.01254 155.50837,222.72577
153.82479,226.87917 156.25,224.58398 156.25,224.58398
156.25,224.58398 156.25,224.58398 156.25,224.58398
;
125.41809,222.0 125.41809,222.0 129.27281,216.74461
123.20538,205.75895 126.0,206.0 117.80398,207.60732
123.16438,219.70618 125.41809,222.0 125.41809,222.0
125.41809,222.0 125.41809,222.0 125.41809,222.0
;
173.37756,221.0 173.37756,221.0 190.83894,213.53467
168.91551,214.79155 173.37756,221.0 173.37756,221.0
173.37756,221.0 173.37756,221.0 173.37756,221.0
;
156.25,218.46006 156.25,218.46006 172.19436,210.75831
145.45487,215.41888 156.25,218.46006 156.25,218.46006
156.25,218.46006 156.25,218.46006 156.25,218.46006
;
150.42167,216.68955 150.42167,216.68955 161.79901,212.19778
135.74016,214.7191 150.42167,216.68955 150.42167,216.68955
150.42167,216.68955 150.42167,216.68955 150.42167,216.68955
;
808.64113,216.30747 808.64113,216.30747 811.33097,210.44935
809.19362,194.25141 799.0,194.01255 802.02212,201.52154
802.39496,210.73954 806.85965,216.7168 806.85965,216.7168
807.05787,216.91502 807.05787,216.91502 807.05787,216.91502
808.64112,216.30747 808.64112,216.30747 808.64112,216.30747
808.64113,216.30747 808.64113,216.30747 808.64113,216.30747
;
200.80902,214.98469 200.80902,214.98469 216.73039,210.10847
189.64768,210.81871 200.80902,214.98469 200.80902,214.98469
200.80902,214.98469 200.80902,214.98469 200.80902,214.98469
;
131.46146,212.0 131.46146,212.0 135.51819,204.5016
140.5046,193.22548 144.87764,184.1484 150.40159,163.92876
149.27982,191.09737 155.3226,174.27893 156.22175,165.43208
163.61768,157.86668 165.0,148.0 177.2411,153.66722
179.73409,148.17319 165.83139,146.0 156.22815,150.77915
159.77627,169.61219 149.95109,173.15607 159.87083,157.52224
152.03479,158.15291 146.34781,173.261 143.58874,183.42267
135.53322,189.51898 132.61001,197.77587 134.00614,202.24544
126.74505,210.00279 131.46146,212.0 131.46146,212.0
131.46146,212.0 131.46146,212.0 131.46146,212.0
;
113.94239,211.0 113.94239,211.0 121.66842,201.48934
106.98868,204.8907 113.94239,211.0 113.94239,211.0
113.94239,211.0 113.94239,211.0 113.94239,211.0
;
118.68261,210.9847 118.68261,210.9847 125.10161,209.67046
126.67507,186.46097 120.63126,201.42497 121.15762,205.19033
117.5931,208.56315 118.68261,210.9847 118.68261,210.9847
118.68261,210.9847 118.68261,210.9847 118.68261,210.9847
;
142.87756,201.0 142.87756,201.0 149.01549,198.32556
152.87951,173.57204 145.5,188.59091 143.12883,192.40546
143.83718,194.38597 142.87756,201.0 142.87756,201.0
142.87756,201.0 142.87756,201.0 142.87756,201.0
;
54.229382,192.0 54.229382,192.0 61.225832,185.60937
63.024222,165.28317 55.444311,184.42585 55.208598,186.56497
49.564981,191.76557 54.229382,192.0 54.229382,192.0
54.229382,192.0 54.229382,192.0 54.229382,192.0
;
190.56643,186.94487 190.56643,186.94487 200.59523,177.48399
181.48725,186.233 190.56643,186.94487 190.56643,186.94487
190.56643,186.94487 190.56643,186.94487 190.56643,186.94487
;
129.33102,185.0 129.33102,185.0 136.42901,176.84645
139.0693,162.72489 142.99991,152.0 134.8045,156.50827
134.63848,171.41954 130.15716,180.21203 130.28447,181.66244
125.40336,185.21058 129.33102,185.0 129.33102,185.0
129.33102,185.0 129.33102,185.0 129.33102,185.0
;
705.0,184.0 705.0,184.0 717.50072,184.0252
707.13773,177.11433 701.0,182.0 700.02915,185.50658
703.06098,183.47296 705.0,184.0 705.0,184.0
705.0,184.0 705.0,184.0 705.0,184.0
;
694.75,182.37838 694.75,182.37838 702.3591,177.09448
690.15435,176.31316 692.0,181.46004 690.85144,184.38542
693.54682,182.43565 694.75,182.37838 694.75,182.37838
694.75,182.37838 694.75,182.37838 694.75,182.37838
;
671.42767,172.3986 671.42767,172.3986 680.37154,167.36764
666.11404,164.74628 668.67767,172.3443 669.24797,173.73837
670.44363,172.64812 671.42767,172.3986 671.42767,172.3986
671.42767,172.3986 671.42767,172.3986 671.42767,172.3986
;
686.75,171.61377 686.75,171.61377 692.03422,170.70105
718.53613,169.72366 701.25,167.79155 692.80327,170.67758
685.15839,163.51522 682.75,169.58333 679.75993,173.65091
684.35507,171.80139 686.75,171.61377 686.75,171.61377
686.75,171.61377 686.75,171.61377 686.75,171.61377
;
682.0,161.0 682.0,161.0 692.76757,157.66193
675.37533,150.26698 678.00001,158.0 677.29522,162.42484
678.67363,160.7533 682.0,161.0 682.0,161.0
682.0,161.0 682.0,161.0 682.0,161.0
;
618.5929,157.60272 618.5929,157.60272 638.15322,152.38004
611.36793,151.63595 618.5929,157.60272 618.5929,157.60272
618.5929,157.60272 618.5929,157.60272 618.5929,157.60272
;
642.25,155.26726 642.25,155.26726 656.77112,153.98175
629.10635,146.06612 640.0,151.0 639.17541,154.20875
635.66452,156.92747 642.25,155.26726 642.25,155.26726
642.25,155.26726 642.25,155.26726 642.25,155.26726
;
666.5,154.0 666.5,154.0 677.21415,153.34128
672.25183,148.6752 664.0,153.0 663.27248,154.89418
665.48546,153.84787 666.5,154.0 666.5,154.0
666.5,154.0 666.5,154.0 666.5,154.0
;
696.75,149.89791 696.75,149.89791 701.00453,144.43183
684.17387,138.4402 687.98466,138.87248 682.2345,145.00195
684.43956,144.19803 696.75,149.89791 696.75,149.89791
696.75,149.89791 696.75,149.89791 696.75,149.89791
;
330.25,147.93661 330.25,147.93661 332.41764,139.92249
317.34099,145.39446 330.25,147.93661 330.25,147.93661
330.25,147.93661 330.25,147.93661 330.25,147.93661
;
654.6239,147.67361 654.6239,147.67361 664.90796,145.49837
648.74916,136.12674 649.0,144.0 660.88399,144.99508
643.2272,147.58686 654.6239,147.67361 654.6239,147.67361
654.6239,147.67361 654.6239,147.67361 654.6239,147.67361
;
704.25627,147.98469 704.25627,147.98469 714.80707,144.67658
693.85166,133.35586 703.70733,143.50002 704.27871,144.54832
701.36685,149.01241 704.25627,147.98469 704.25627,147.98469
704.25627,147.98469 704.25627,147.98469 704.25627,147.98469
;
665.41667,145.97776 665.41667,145.97776 683.62338,142.43451
658.77938,134.91609 662.9568,142.10664 672.50594,140.63401
652.69727,145.61002 665.41667,145.97776 665.41667,145.97776
665.41667,145.97776 665.41667,145.97776 665.41667,145.97776
;
145.53138,145.0 145.53138,145.0 160.52624,144.40566
147.06557,133.17298 144.0,145.0 144.0,145.0
145.53138,145.0 145.53138,145.0 145.53138,145.0
;
680.5,145.0 680.5,145.0 692.13148,140.62008
665.03055,134.56383 677.38572,144.38572 677.9939,145.62837
679.42372,144.88744 680.5,145.0 680.5,145.0
680.5,145.0 680.5,145.0 680.5,145.0
;
721.01342,143.0 721.01342,143.0 721.8722,135.81104
719.09891,122.20239 715.99996,114.88197 719.2991,99.200492
708.31441,111.49473 714.95526,116.6878 707.76015,118.31102
717.67348,122.41367 715.6287,130.5 717.06271,134.28907
717.76749,141.11556 721.01342,143.0 721.01342,143.0
721.01342,143.0 721.01342,143.0 721.01342,143.0
;
627.38052,140.79218 627.38052,140.79218 636.42147,136.59434
616.48418,138.38014 627.35602,140.79618 627.35602,140.79618
627.38052,140.79218 627.38052,140.79218 627.38052,140.79218
;
684.29384,136.85017 684.29384,136.85017 681.40125,128.09606
704.57545,141.5084 697.51672,129.91672 701.52601,119.63208
690.04795,131.29727 693.34308,120.13284 677.60534,112.95042
689.78663,113.98598 679.60043,106.90853 674.61873,106.75596
680.14803,112.81697 666.25,105.01263 668.13624,107.81204
676.94418,116.8798 671.61514,116.24855 668.59679,116.99929
652.46247,112.2129 657.80662,117.40712 667.39559,125.66027
670.23103,115.19354 673.7465,124.03451 688.68581,127.31991
680.4912,136.55745 678.93759,136.16068 680.72096,136.40643
682.48982,136.78116 684.29384,136.85017 684.29384,136.85017
684.29384,136.85017 684.29384,136.85017 684.29384,136.85017
;
693.39235,133.0 693.39235,133.0 685.32092,128.88512
684.64124,122.32187 694.46941,130.25377 697.55144,130.93404
694.81764,133.69751 693.39235,133.0 693.39235,133.0
693.39235,133.0 693.39235,133.0 693.39235,133.0
;
37.893631,136.0 37.893631,136.0 49.490113,128.27706
29.483369,125.11512 37.704085,136.0 37.704085,136.0
37.893631,136.0 37.893631,136.0 37.893631,136.0
;
294.0,134.0 294.0,134.0 310.46394,132.48088
278.94488,130.90251 292.9194,134.0 292.9194,134.0
294.0,134.0 294.0,134.0 294.0,134.0
;
663.83333,134.0 663.83333,134.0 674.54631,128.26984
653.41549,125.52104 660.5,132.00006 664.33723,129.79774
661.74012,134.52163 663.83333,134.0 663.83333,134.0
663.83333,134.0 663.83333,134.0 663.83333,134.0
;
558.75,129.65951 558.75,129.65951 567.23785,121.22408
561.81555,125.83015 552.25,126.98639 540.11836,126.3263
555.891,132.65072 558.75,129.65951 558.75,129.65951
558.75,129.65951 558.75,129.65951 558.75,129.65951
;
567.30423,129.0 567.30423,129.0 573.32599,128.45558
587.0028,117.86574 576.0403,123.0 573.48447,122.60415
559.5404,126.71954 567.30423,129.0 567.30423,129.0
567.30423,129.0 567.30423,129.0 567.30423,129.0
;
259.25,124.85017 259.25,124.85017 265.65057,120.35307
234.30447,117.87922 251.5,123.84611 254.08438,124.16936
256.64802,124.68241 259.25,124.85017 259.25,124.85017
259.25,124.85017 259.25,124.85017 259.25,124.85017
;
275.25,123.92105 275.25,123.92105 282.68597,118.77993
261.53265,120.00055 275.25,123.92105 275.25,123.92105
275.25,123.92105 275.25,123.92105 275.25,123.92105
;
591.25,122.86382 591.25,122.86382 608.18609,121.48256
570.31114,118.0732 586.5,122.72764 588.08333,122.77304
589.66667,122.81844 591.25,122.86382 591.25,122.86382
591.25,122.86382 591.25,122.86382 591.25,122.86382
;
267.32332,121.85017 267.32332,121.85017 269.73264,114.14535
253.20181,120.84416 266.5,121.70034 266.5,121.70034
267.32332,121.85017 267.32332,121.85017 267.32332,121.85017
;
22.193296,120.92105 22.193296,120.92105 27.864999,112.60178
26.497415,109.86768 23.574107,103.53775 15.777572,100.21718
22.513568,117.48811 20.25,120.33772 20.25,120.33772
21.5,120.84211 21.5,120.84211 21.5,120.84211
22.193296,120.92101 22.193296,120.92101 22.193296,120.92101
22.193296,120.92105 22.193296,120.92105 22.193296,120.92105
;
626.22251,119.0 626.22251,119.0 634.72772,113.57905
607.47719,111.65467 626.22251,119.0 626.22251,119.0
626.22251,119.0 626.22251,119.0 626.22251,119.0
;
227.34436,115.80719 227.34436,115.80719 236.90536,110.88038
216.27355,112.60586 227.34436,115.80719 227.34436,115.80719
227.34436,115.80719 227.34436,115.80719 227.34436,115.80719
;
253.5,114.0 253.5,114.0 268.45001,111.24072
239.2465,109.58878 252.9194,114.0 252.9194,114.0
253.5,114.0 253.5,114.0 253.5,114.0
;
662.06343,113.0 662.06343,113.0 665.82244,106.01659
648.2479,106.32425 661.24489,113.0 661.24489,113.0
662.06343,113.0 662.06343,113.0 662.06343,113.0
;
648.75,111.92392 648.75,111.92392 648.23214,105.59053
631.6549,107.92327 648.75,111.92394 648.75,111.92394
648.75,111.92392 648.75,111.92392 648.75,111.92392
;
229.08259,109.71575 229.08259,109.71575 246.02368,106.72177
213.34718,107.77629 229.08259,109.71575 229.08259,109.71575
229.08259,109.71575 229.08259,109.71575 229.08259,109.71575
;
215.80902,106.91998 215.80902,106.91998 226.70708,107.16519
237.02001,98.758435 219.55378,102.64722 215.94703,101.57686
207.13723,106.86309 215.80902,106.91998 215.80902,106.91998
215.80902,106.91998 215.80902,106.91998 215.80902,106.91998
;
28.940983,103.0 28.940983,103.0 35.925778,104.55865
35.342314,93.796957 37.721811,88.32508 40.807216,81.006843
39.480123,72.510874 43.45208,62.806858 44.771374,48.695637
30.636145,67.979241 31.0,74.36283 26.463662,80.18463
30.805329,97.05291 29.25,97.053296 27.968374,97.164564
26.84048,103.68797 28.940983,103.0 28.940983,103.0
28.940983,103.0 28.940983,103.0 28.940983,103.0
;
190.90122,90.0 190.90122,90.0 203.49506,78.333763
188.64969,75.968929 190.90122,90.0 190.90122,90.0
190.90122,90.0 190.90122,90.0 190.90122,90.0
;
758.0,73.0 758.0,73.0 763.30684,72.111977
750.15135,56.210794 754.91999,69.806662 757.90973,69.459382
753.74623,75.055373 758.0,73.0 758.0,73.0
758.0,73.0 758.0,73.0 758.0,73.0
;
756.10699,61.0 756.10699,61.0 765.93809,53.817304
744.57739,54.310157 756.10699,61.0 756.10699,61.0
756.10699,61.0 756.10699,61.0 756.10699,61.0
;
45.980948,51.0 45.980948,51.0 56.100221,39.089064
45.403363,38.956544 45.980948,51.0 45.980948,51.0
45.980948,51.0 45.980948,51.0 45.980948,51.0
;
747.84617,42.0 747.84617,42.0 758.76828,35.17589
739.70884,33.186855 747.84617,42.0 747.84617,42.0
747.84617,42.0 747.84617,42.0 747.84617,42.0
;
781.98692,480.0 781.98692,480.0 777.72732,471.75221
790.79652,457.44119 783.0,475.35628 782.23318,476.40064
784.44709,480.68568 781.98692,480.0 781.98692,480.0
781.98692,480.0 781.98692,480.0 781.98692,480.0
;
795.97956,480.0 795.97956,480.0 789.12337,472.94927
809.07167,465.83316 797.84109,480.0 797.84109,480.0
795.97956,480.0 795.97956,480.0 795.97956,480.0
;
828.04324,480.0 828.04324,480.0 831.5593,465.22083
819.15129,476.7607 819.58341,476.5 822.93329,464.42089
816.97877,456.47881 826.88612,463.50987 831.05573,464.93388
830.43088,475.16656 828.04324,480.0 828.04324,480.0
828.04324,480.0 828.04324,480.0 828.04324,480.0
;
837.0,480.0 837.0,480.0 832.4133,470.24543
841.08384,468.39143 837.0,480.0 837.0,480.0
837.0,480.0 837.0,480.0 837.0,480.0
;
847.52341,480.0 847.52341,480.0 834.91665,482.02351
843.74413,461.40045 843.35321,453.5 845.93819,435.48265
843.41491,416.77755 844.06721,398.5 851.61592,414.67844
849.93958,397.47645 846.61772,389.78417 842.53525,377.81798
846.76077,369.97533 843.87973,359.49997 842.23299,341.73798
839.83204,319.83614 839.17197,304.60625 838.05344,300.8022
836.83306,286.23703 835.76534,277.9296 840.25278,274.7557
840.15913,260.64846 835.28688,273.744 833.42328,269.31302
829.02765,257.962 831.24489,254.0 827.81315,248.485
825.93911,240.25075 823.70149,232.27791 830.81331,227.46685
834.71583,246.26038 834.0,253.51856 836.30037,265.17536
842.22012,258.40355 835.87252,249.51977 837.43173,234.50186
833.47512,243.70416 840.0,248.0 842.89256,236.67322
841.36111,261.37238 840.15038,265.73434 848.07464,275.75559
845.96308,252.94272 846.0,247.0 846.99724,254.17817
852.25869,248.71148 853.94755,260.37909 852.14051,269.26333
857.55627,285.35752 851.5,290.0 847.86611,290.15797
859.86428,302.75505 852.37367,310.84943 849.63357,311.6525
857.16248,321.28067 854.0,332.71504 854.0,360.14336
854.0,387.57168 854.0,415.0 849.6184,417.3022
856.85379,433.54278 853.9594,442.0567 853.9729,454.70447
853.9865,467.35223 854.0,480.0 851.84114,480.0
849.68227,480.0 847.52341,480.0 847.52341,480.0
847.52341,480.0 847.52341,480.0 847.52341,480.0
;
810.40475,465.73263 810.40475,465.73263 804.88296,461.9864
822.01507,458.32787 810.56126,465.52638 810.56126,465.52638
810.40475,465.73263 810.40475,465.73263 810.40475,465.73263
;
802.80387,461.66667 802.80387,461.66667 801.87885,459.18824
807.013,453.65356 808.16274,442.98255 809.53932,447.18287
809.21282,460.67034 802.80387,461.66667 802.80387,461.66667
802.80387,461.66667 802.80387,461.66667 802.80387,461.66667
;
788.07143,455.0 788.07143,455.0 776.76041,455.22153
791.20541,440.99397 787.92975,447.68478 783.65924,450.94956
795.61378,453.75862 788.07143,455.0 788.07143,455.0
788.07143,455.0 788.07143,455.0 788.07143,455.0
;
794.44156,445.0 794.44156,445.0 790.71039,435.70242
798.8847,433.68447 794.81276,445.0 794.81276,445.0
794.44156,445.0 794.44156,445.0 794.44156,445.0
;
791.60932,434.8973 791.60932,434.8973 782.69483,439.40503
792.69055,425.12507 792.68871,433.88326 792.68871,433.88326
791.60932,434.8973 791.60932,434.8973 791.60932,434.8973
;
825.34436,422.80395 825.34436,422.80395 817.00425,421.71701
826.28664,393.49239 823.21896,399.06491 823.89883,391.99902
826.97159,380.20987 829.24901,390.32242 833.12923,400.51347
823.83775,387.31652 824.92316,400.54749 821.56368,408.58298
826.67246,423.23983 830.0,408.88197 830.6862,416.04814
828.78557,419.79339 825.34436,422.80395 825.34436,422.80395
825.34436,422.80395 825.34436,422.80395 825.34436,422.80395
;
833.78968,406.54365 833.78968,406.54365 829.22928,399.51324
837.92747,389.01372 833.78968,406.54365 833.78968,406.54365
833.78968,406.54365 833.78968,406.54365 833.78968,406.54365
;
779.72558,385.0 779.72558,385.0 770.37094,386.2977
784.38956,366.98553 781.64663,382.70031 781.64663,382.70031
780.29327,383.5 780.29327,383.5 780.29327,383.5
779.72558,385.0 779.72558,385.0 779.72558,385.0
;
835.0,385.5 835.0,385.5 828.85368,379.91423
830.9407,374.42641 829.17697,370.0 835.12446,358.28327
834.52036,368.51594 835.48338,376.21331 835.91476,378.70381
837.0857,383.84419 835.0,385.5 835.0,385.5
835.0,385.5 835.0,385.5 835.0,385.5
;
798.93873,383.0 798.93873,383.0 795.80368,372.40867
803.75704,367.58747 799.87739,383.0 799.87739,383.0
798.93867,383.0 798.93867,383.0 798.93867,383.0
798.93873,383.0 798.93873,383.0 798.93873,383.0
;
779.55557,371.3403 779.55557,371.3403 782.29522,365.98459
767.24515,361.13506 776.51451,360.92452 780.15711,362.1879
782.54851,369.75199 779.55557,371.3403 779.55557,371.3403
779.55557,371.3403 779.55557,371.3403 779.55557,371.3403
;
829.55,352.9922 829.55,352.9922 817.90043,345.10446
842.29996,347.46057 829.55,352.9922 829.55,352.9922
829.55,352.9922 829.55,352.9922 829.55,352.9922
;
784.71529,348.76993 784.71529,348.76993 780.39745,346.51803
795.93648,331.18183 787.56694,345.12601 786.67156,346.37608
784.22419,346.62954 784.71529,348.76993 784.71529,348.76993
784.71529,348.76993 784.71529,348.76993 784.71529,348.76993
;
785.25,298.34633 785.25,298.34633 783.02488,286.40009
787.31323,279.3532 786.0,297.88197 786.0,297.88197
785.25,298.34633 785.25,298.34633 785.25,298.34633
;
853.5,251.0 853.5,251.0 846.91641,244.20117
845.55086,233.78969 847.02493,223.54069 849.80771,213.46021
847.31824,207.61758 846.39853,196.66024 849.88268,183.21825
834.82889,183.26608 842.98052,173.5 843.44902,167.25091
848.47877,143.05518 839.0,154.81463 831.34923,159.32785
823.88724,165.97335 824.94093,151.5 823.25575,134.75779
837.70388,171.56767 833.40632,147.14625 828.96263,141.49286
828.38633,141.09327 820.67935,146.01269 826.8242,138.05046
832.48401,140.23557 826.10405,131.68304 826.34095,130.4344
819.96419,118.24723 819.50645,110.58079 820.03957,95.62703
818.85677,82.156217 814.75742,68.5 821.95013,77.900408
821.97033,93.238191 824.34934,102.53203 823.15071,115.41783
827.47231,121.35212 830.0,130.0 833.59028,117.86982
832.56093,125.84853 839.93705,133.0 837.66128,143.33332
847.37939,145.06209 842.50881,129.92474 839.50462,122.38891
842.1996,111.61512 834.71616,112.0 840.63188,107.28332
829.33582,108.71673 837.00021,102.99999 823.07308,102.43153
837.35899,95.967269 833.68325,92.104044 832.27865,87.105569
831.39161,83.827701 829.75,80.600649 830.92105,78.072838
828.43334,68.290182 827.60735,63.347896 823.73032,55.009521
825.56087,47.130184 819.88197,42.0 820.44964,31.811124
810.46925,21.257841 807.48845,10.667451 800.26134,0.04534955
807.73843,-3.3188475 813.13817,7.1856532 823.13932,19.521769
832.24332,31.189082 837.59662,46.5 849.95989,48.193379
831.19959,33.14701 835.07684,29.952511 832.9216,22.860715
823.0571,12.977162 818.15516,5.3593866 808.7086,-5.3790693
834.47834,2.3040858 840.3791,0.0 858.40408,-5.6458757
853.74134,11.395973 854.0,23.516413 853.66538,99.342992
854.66631,175.17397 853.5,251.0 853.5,251.0
853.5,251.0 853.5,251.0 853.5,251.0
;
841.98832,38.0 841.98832,38.0 847.23954,33.459604
831.61867,29.254206 840.96996,37.624283 840.96996,37.624283
841.30998,38.0 841.30998,38.0 841.30998,38.0
841.98832,38.0 841.98832,38.0 841.98832,38.0
;
840.42639,235.38987 840.42639,235.38987 830.22859,230.8973
828.17558,232.64518 830.00631,225.5 826.72267,200.9676
832.65054,235.12786 837.58555,229.37484 832.00949,220.62982
837.70295,206.29125 831.5,200.69331 821.00873,194.71033
831.25972,188.10465 830.0,179.58051 821.28659,182.6769
823.8889,174.10713 823.18796,166.2363 830.64817,168.80169
838.26363,168.72182 837.22423,175.83198 836.08987,186.30544
829.76727,180.09262 835.00003,189.99991 839.49264,182.67019
845.13102,208.04144 837.10088,205.99991 839.46523,212.6155
841.45266,207.74141 838.11806,215.99991 844.23618,213.99781
841.44481,232.87162 840.42639,235.38987 840.42639,235.38987
840.42639,235.38987 840.42639,235.38987 840.42639,235.38987
;
835.0,196.0 835.0,196.0 845.82139,190.61805
824.99605,190.10476 835.0,196.0 835.0,196.0
835.0,196.0 835.0,196.0 835.0,196.0
;
825.05902,219.0 825.05902,219.0 816.50292,207.29815
828.69748,207.27271 825.05902,219.0 825.05902,219.0
825.05902,219.0 825.05902,219.0 825.05902,219.0
;
792.2199,141.93459 792.2199,141.93459 785.79168,146.47744
788.00805,130.61447 792.42276,141.38621 792.42276,141.38621
792.2199,141.93459 792.2199,141.93459 792.2199,141.93459
;
792.61354,105.0 792.61354,105.0 790.63129,101.40343
785.23456,78.049304 790.7039,92.881862 792.05501,96.106877
793.47205,102.58248 792.61354,105.0 792.61354,105.0
792.61354,105.0 792.61354,105.0 792.61354,105.0
;
801.60912,70.519886 801.60912,70.519886 797.47336,69.621631
800.42118,49.777857 802.88599,68.655417 803.30659,69.336233
801.95955,69.893201 801.60912,70.519886 801.60912,70.519886
801.60912,70.519886 801.60912,70.519886 801.60912,70.519886
;
823.1036,64.240929 823.1036,64.240929 818.69729,62.227047
815.36869,44.739513 812.43876,36.306338 807.34129,21.470372
815.50306,32.467107 816.43325,39.107879 817.11594,46.812573
821.77019,57.522316 823.1036,64.240929 823.1036,64.240929
823.1036,64.240929 823.1036,64.240929 823.1036,64.240929
;
10.17639,64.505423 10.17639,64.505423 4.5688413,62.216609
20.858376,56.456882 10.398366,64.489073 10.398366,64.489073
10.176381,64.505423 10.176381,64.505423 10.176381,64.505423
10.17639,64.505423 10.17639,64.505423 10.17639,64.505423
;
792.21862,63.001822 792.21862,63.001822 788.3413,54.109459
795.16407,46.644982 793.5,63.003622 793.5,63.003622
792.21862,63.001822 792.21862,63.001822 792.21862,63.001822
792.21862,63.001822 792.21862,63.001822 792.21862,63.001822
;
778.38669,60.375633 778.38669,60.375633 771.42596,60.539372
783.29982,42.734424 778.38719,60.375633 778.38719,60.375633
778.38669,60.375633 778.38669,60.375633 778.38669,60.375633
;
0.51242116,60.0 0.51242116,60.0 -0.68054202,41.022156
0.34568206,19.825125 0.0,0.0 8.2099227,2.6505604
31.388011,-5.7736513 28.906738,5.1813967 23.999355,13.885994
22.326815,21.20818 19.578987,29.161377 15.275686,40.053412
6.7809915,50.403008 0.51242116,60.0 0.51242116,60.0
0.51242116,60.0 0.51242116,60.0 0.51242116,60.0
;
791.69196,31.0 791.69196,31.0 789.20849,26.245915
783.16042,-1.0995886 788.17282,14.379314 789.87593,19.675997
792.38299,25.875038 791.69196,31.0 791.69196,31.0
791.69196,31.0 791.69196,31.0 791.69196,31.0
;
31.133275,14.907421 31.133275,14.907421 25.590685,22.100511
36.948415,-7.2339854 39.03091,1.7140378 36.373112,6.0924757
34.462621,10.975264 31.133275,14.907421 31.133275,14.907421
31.133275,14.907421 31.133275,14.907421 31.133275,14.907421
;
