36.19113,480.0 36.19113,480.0 24.12742,480.0
12.06371,480.0 0.0,480.0 0.0,389.38111
0.0,298.76223 0.0,208.14334 9.1393908,192.79683
5.9426087,198.24349 0.0,197.70686 0.0,185.18427
0.0,172.66169 0.0,160.1391 7.2901768,162.54712
-6.6227426,145.48833 4.0,144.38889 10.431136,139.23652
-6.360899,145.52585 0.01362297,128.45008 0.02065243,90.521088
0.02768187,52.592095 0.03471132,14.663102 -2.0838637,6.4570278
4.0302642,-4.4790447 18.095793,0.0 31.524705,-0.75960377
37.254122,1.7739188 47.468517,0.02132493 78.984858,0.18088328
110.5012,0.34044164 142.01754,0.5 122.80326,22.79452
105.5586,45.72168 86.366524,68.246797 81.289586,75.633314
72.728041,82.05681 65.5,88.632716 64.423251,95.609789
79.665393,79.823846 83.645695,75.683434 93.466123,65.543706
71.034074,93.463558 84.990238,79.660542 93.5817,66.400111
103.27964,55.241029 114.01505,43.5 111.31589,33.835276
126.19392,35.788714 130.46279,24.0 139.58689,18.023598
141.76572,2.0334524 151.90651,0.0 179.64368,0.0
207.38086,0.0 235.11803,0.0 219.73315,10.623941
200.68674,19.771106 183.93917,30.0 170.98184,35.899665
190.15699,30.628809 193.92217,26.95473 210.11772,18.16473
225.8603,7.2747307 242.40288,-0.05247428 242.56518,0.85596522
221.1742,14.824515 235.65748,8.0 239.69226,6.9114072
253.92132,-5.0310084 251.57508,2.5019139 239.8157,13.845173
224.98309,20.270673 213.52203,32.172868 195.91867,38.868481
208.614,39.920535 203.65017,45.639448 191.80774,48.150421
188.74536,61.459126 188.25,61.467664 178.99216,64.636671
203.09045,66.838287 207.99746,68.0 219.42251,65.830524
224.51114,70.657481 230.64286,75.5 234.4236,78.343192
206.8914,69.130698 222.2047,75.999921 237.98546,78.270861
236.32876,89.66913 223.11998,77.0 220.9305,84.302477
212.02832,76.182447 203.85092,72.63757 190.02092,72.793694
210.68738,82.317102 203.44113,79.531803 192.65858,77.358752
191.58387,74.201856 198.0,72.116631 190.61314,70.11563
187.93622,72.151659 188.0,67.0 185.73035,72.888199
172.4675,72.204491 177.62598,77.692288 171.55204,71.246236
161.06781,66.693877 167.4298,75.522524 172.92094,82.865404
159.66004,78.923617 168.98992,86.703901 155.87507,90.162429
158.1874,89.408005 158.96664,85.773229 149.51896,89.258526
159.07923,76.997459 149.56223,82.525556 147.62195,94.148615
162.5992,89.691856 169.5,93.660307 160.63325,96.705429
150.10681,91.933754 165.24625,98.67017 170.43083,104.48851
182.17572,106.42335 187.0005,114.07038 175.69226,112.02026
189.56526,114.60705 194.0005,116.68696 209.76443,125.6927
194.082,115.92253 191.0,109.0 202.45726,116.15783
205.68789,108.9152 193.70846,102.88063 189.01875,99.296127
185.24457,91.331889 183.0,103.0 180.88012,106.91995
200.82843,101.28777 189.80972,107.45692 190.71462,113.14908
181.95281,106.42956 180.43292,103.21136 182.22111,95.683796
158.34825,99.205788 173.42656,94.242672 180.1204,93.657803
190.20996,93.151232 197.0,99.163119 198.96279,107.93884
211.3416,114.02595 217.84365,116.32863 214.67657,108.22211
226.1396,105.6674 221.0,108.06277 222.36159,113.21954
241.13758,129.72803 233.92924,115.55 234.10744,122.10182
215.76094,95.193705 224.80652,103.42684 230.13731,109.45549
236.67698,108.16289 243.28341,109.99453 241.18113,109.22082
243.85779,125.22628 248.05746,119.89264 244.17084,104.90135
253.47913,116.532 257.56102,125.29411 265.38825,122.49567
251.65857,114.12986 257.0,112.0 252.86499,111.72536
247.59849,110.90573 242.33944,103.3273 254.49167,109.90998
239.47149,89.978318 251.5,99.809972 256.20784,101.4766
269.17176,119.86991 261.33083,111.82766 260.4728,113.34155
265.09237,126.36858 271.68367,131.3334 282.11976,137.82723
263.1246,118.51529 275.97114,121.35804 281.18045,126.33041
274.13334,127.57108 287.0,133.99998 287.77733,121.68919
276.30291,124.61434 283.96546,121.40323 289.79478,133.09783
300.07219,129.19151 292.69281,139.71121 289.69151,148.79926
303.42464,131.39715 299.33914,129.05815 301.18947,125.81339
304.68797,127.10714 301.99948,138.74998 301.51809,150.75471
313.32548,140.9253 309.34957,132.71285 302.04766,118.01414
314.12327,122.60745 310.6596,124.67189 309.26929,133.41188
316.96347,138.47011 316.25512,142.11966 315.93784,151.13637
324.83763,144.97834 323.27977,148.49998 319.29746,163.07648
329.56177,163.024 326.31182,148.37125 331.6021,151.31671
334.83654,132.41251 330.96074,138.49998 329.84154,136.97962
325.17965,153.22533 323.59737,134.64683 319.75173,119.53076
325.09274,122.5575 326.56695,128.92602 326.53665,136.86545
337.65216,124.45664 330.31836,120.87053 338.36209,117.7212
340.30988,135.0508 334.82532,130.5 335.55817,124.56863
331.07005,151.31601 338.95978,149.0 338.21242,133.17325
340.86509,137.51149 345.03015,149.33415 346.8868,150.13798
323.47906,158.68769 337.5448,158.81043 345.00534,160.46933
350.23139,143.75699 351.91217,148.5 349.02237,156.54839
344.66368,169.4881 354.03296,157.0 360.70377,147.6271
364.52903,142.95436 356.01184,143.5 365.36864,137.98822
351.10744,130.642 353.78585,142.29297 344.61465,146.01431
342.66899,144.92523 352.2121,134.87879 344.76532,137.75673
344.0641,132.6943 342.0,123.65298 333.17453,107.98306
345.26039,122.22108 345.5529,122.5 343.31509,119.7187
352.38449,138.00715 352.994,129.24083 343.05369,122.10333
357.07514,120.97464 344.50215,113.66276 328.83459,110.68991
348.43874,112.51129 341.38126,105.43328 338.78166,98.27584
333.06696,111.86615 334.94998,99.224848 322.65191,96.052313
322.5151,92.763346 321.44046,101.0 314.35954,92.934426
303.14225,101.26726 301.8609,93.0 295.50803,98.105543
282.49396,87.809781 300.2187,88.428379 305.16239,81.05551
286.03289,86.577281 285.0,82.0 301.30466,83.151001
296.86175,77.77892 283.09444,80.225124 278.19411,78.910435
254.49711,75.802837 271.25,76.09968 290.69434,74.115463
261.96249,73.45628 255.20594,74.502996 243.59973,72.234012
271.69386,73.179207 276.79789,73.369001 292.9251,71.904879
263.656,70.672086 258.09173,71.139185 247.43837,71.752926
241.0493,68.071248 231.75,68.015313 221.87571,61.933086
244.7151,64.58952 248.44236,66.452406 265.81586,62.371928
231.38018,64.002257 242.5,59.0 243.41759,52.729693
236.80906,62.056605 233.14086,61.748491 223.31946,59.429013
220.0414,64.77824 213.0,61.0 217.05166,58.209721
227.87372,58.338227 234.78015,59.553187 222.27517,57.046601
225.5468,48.437727 235.88198,40.632126 244.96559,31.796621
254.61104,19.298512 263.0,12.702948 268.55296,2.2069039
280.864,-2.1840909 292.60281,0.01184606 454.22608,0.17456403
615.84935,0.33728201 777.47262,0.5 779.56409,9.1713567
786.02504,16.01004 786.1,25.477539 793.92351,33.368941
789.36513,46.641403 794.90359,55.918208 800.00165,72.776908
809.46701,87.893283 817.14661,104.0 820.3943,99.773402
813.78909,88.75591 811.49636,81.70247 810.68779,72.823576
806.18655,66.203887 805.0,56.309975 797.62508,47.548582
797.22828,36.884114 798.54689,37.994932 793.71424,31.885059
793.28826,23.811898 789.0,17.572755 787.62404,11.221858
775.39275,-3.880313 791.98625,0.0 802.87169,1.7842218
816.56527,-3.9005124 825.33913,3.5 827.20544,-8.0387418
836.25073,13.872131 833.98699,20.543012 837.52751,30.82079
841.51513,42.369553 844.39817,52.739847 847.13596,58.340788
846.66898,73.344893 851.9999,73.912326 854.84516,130.56564
852.88055,187.50749 853.83237,244.27466 853.18975,262.07269
855.79981,281.18748 852.0,297.7 854.39691,305.91954
854.10913,316.70531 853.8732,327.5 850.13278,317.60034
850.92917,305.82616 849.06412,296.53965 848.13749,287.63122
843.50358,275.89695 843.764,264.9722 840.69171,257.87493
840.10691,245.42782 837.77811,236.55208 836.83737,228.41024
831.76007,216.76818 837.0398,210.85737 836.45003,192.88326
836.432,172.48872 831.0,156.83621 832.49596,151.03697
819.04573,131.38747 822.80976,143.66823 822.80176,151.83486
827.90383,160.94173 825.96577,170.27204 828.64865,187.97108
827.26498,206.71736 827.51102,224.8478 829.70856,239.64829
833.85626,251.41977 835.16245,266.49096 839.86557,277.10199
839.1337,291.50595 842.44767,302.08448 844.11691,310.18909
847.27678,320.79965 847.71286,329.5 852.4361,348.94457
855.05437,368.20028 853.81785,388.3099 852.88365,410.08509
855.25276,433.23851 852.24988,454.15057 850.33684,462.88298
849.21019,470.20144 847.49988,479.5 696.73843,479.66811
545.97697,479.83623 395.21552,480.00434 398.47154,469.03988
391.53027,482.35106 381.06389,479.95694 369.62059,481.50566
359.91323,477.10465 353.08026,479.99994 337.10902,479.99994
321.13779,479.99994 305.16655,479.99994 302.10745,478.73605
284.12159,480.89341 274.60272,479.99994 215.54793,479.99994
156.49314,479.99994 97.438345,479.99994 94.775004,467.65766
87.169629,486.92361 74.792619,479.99994 70.217114,474.84479
68.163087,483.11735 52.784029,479.99993 47.253159,479.99994
41.721563,479.99992 36.19113,479.99994 36.19113,479.99994
36.19113,480.0 36.19113,480.0 36.19113,480.0
;
294.55054,449.0 294.55054,449.0 301.03989,441.98392
310.18542,450.66272 306.15286,442.21907 316.46895,437.68703
298.16858,427.75377 303.60737,440.0 305.44557,443.24178
290.13631,441.41976 293.1181,449.0 293.1181,449.0
294.55061,449.0 294.55061,449.0 294.55061,449.0
294.55054,449.0 294.55054,449.0 294.55054,449.0
;
314.37732,401.70257 314.37732,401.70257 314.80404,394.24265
327.93175,401.13206 318.50922,389.5 320.25976,395.99447
313.79177,392.27091 313.14853,401.6844 313.14853,401.6844
313.25465,402.08182 313.25465,402.08182 313.25465,402.08182
314.37732,401.70261 314.37732,401.70261 314.37732,401.70261
314.37732,401.70257 314.37732,401.70257 314.37732,401.70257
;
335.98268,370.2828 335.98268,370.2828 329.33981,362.90774
350.54896,354.0371 336.20422,357.95721 322.62912,357.37069
328.74806,359.3768 332.0,366.76674 320.99839,367.68947
335.08229,372.69075 335.98268,370.2828 335.98268,370.2828
335.98268,370.2828 335.98268,370.2828 335.98268,370.2828
;
221.88005,335.93056 221.88005,335.93056 232.71088,337.7976
235.46766,322.13471 223.04501,332.0 218.92655,330.10776
216.22975,342.7654 221.88005,335.93056 221.88005,335.93056
221.88005,335.93056 221.88005,335.93056 221.88005,335.93056
;
339.3851,337.36144 339.3851,337.36144 347.79579,336.45495
348.42999,323.1622 338.22473,332.0 326.87987,328.51802
333.71628,338.72841 339.3851,337.36144 339.3851,337.36144
339.3851,337.36144 339.3851,337.36144 339.3851,337.36144
;
234.25,334.98469 234.25,334.98469 238.43729,327.94451
247.51466,329.63833 250.0,325.31496 257.85592,318.06427
266.07818,329.17702 260.70512,317.25002 264.5227,305.85654
268.10364,305.59881 271.46004,295.88015 262.18647,302.58168
259.45976,312.56424 252.69002,321.00002 240.91719,330.81475
250.65804,312.49965 254.5,317.00002 259.71699,301.28658
244.32647,319.95346 240.06863,324.97454 238.75045,326.17598
230.01275,334.78547 234.25,334.98469 234.25,334.98469
234.25,334.98469 234.25,334.98469 234.25,334.98469
;
308.88499,333.0 308.88499,333.0 325.04586,327.26854
307.10248,318.14423 307.0,330.95981 307.67814,331.59006
305.69338,334.88321 308.88499,333.0 308.88499,333.0
308.88499,333.0 308.88499,333.0 308.88499,333.0
;
339.04236,329.0 339.04236,329.0 343.51463,320.68452
331.09277,318.09031 335.0,312.6 327.46084,318.27071
340.07675,305.22967 327.40361,312.601 315.77243,316.53189
311.67113,318.34765 324.4,317.99961 327.12694,310.86562
334.79619,320.60176 335.17758,325.07097 336.5598,325.98647
337.23057,329.02434 339.04236,328.99961 339.04236,328.99961
339.04236,329.0 339.04236,329.0 339.04236,329.0
;
377.22897,317.0 377.22897,317.0 375.10334,316.62678
382.99983,300.66205 380.30326,308.23267 371.80489,305.08487
375.45068,313.25592 362.62809,308.99912 360.76295,313.44477
369.12637,311.44279 375.45794,317.0 375.45794,317.0
377.22897,317.0 377.22897,317.0 377.22897,317.0
;
265.5,316.0 265.5,316.0 272.83524,312.26716
278.3756,317.24049 272.40108,309.66036 276.19095,305.0021
281.23962,288.51729 275.0,296.07784 274.24999,303.88901
267.18023,309.30406 263.0,316.0 263.0,316.0
264.95981,316.0 264.95981,316.0 264.95981,316.0
265.5,316.0 265.5,316.0 265.5,316.0
;
289.47856,310.0 289.47856,310.0 290.76345,304.15769
290.0451,303.80415 286.0,298.78318 298.04299,299.37478
289.02437,293.67062 297.0,295.62244 291.58169,289.34494
298.61386,280.05963 295.16359,271.71254 289.52805,261.31054
281.00495,250.72288 270.9335,245.45963 263.05254,236.58908
252.46145,232.34567 243.3561,225.997 218.97226,211.06177
190.74404,204.93846 162.62568,201.81457 151.08361,199.89027
143.9604,202.96638 133.93436,200.9283 124.1579,202.86398
113.80768,198.54416 105.94301,200.46478 104.86548,196.86304
89.056413,204.39319 85.0,204.55295 76.101068,203.59875
64.95367,206.6715 61.061861,213.06355 55.170935,211.38879
36.698577,227.95954 46.690223,224.44625 51.739463,222.51336
71.744031,214.24964 67.11088,218.4276 60.887445,218.85054
38.225573,230.85164 50.020056,229.47583 57.981706,224.94544
63.754976,225.39145 59.44019,231.0 50.976066,231.76757
42.975107,239.90072 34.0,239.06277 24.30982,244.69733
45.332377,245.87439 51.878392,241.44962 61.152063,237.40257
72.020379,235.65317 81.014183,233.75071 86.564865,225.96558
95.055242,222.43013 103.12476,221.0 115.12561,218.19774
115.07926,221.94335 106.0,227.98644 113.57349,224.02182
109.1584,231.4836 118.69002,226.0 124.78153,218.99723
124.65109,229.26492 131.61669,220.67309 130.72532,228.48705
133.9801,219.98975 141.11803,221.99925 134.9267,228.0017
159.60382,209.72792 151.30022,225.33981 158.47881,228.01238
144.90688,242.64219 159.55552,236.0 166.14583,251.79419
167.40607,238.35295 167.03219,227.3348 160.40096,221.06694
155.39506,235.58432 154.51467,222.99309 159.7554,215.92086
161.69672,229.04954 160.74904,216.16111 177.29029,217.47134
164.12605,208.75775 156.38307,216.10991 152.89808,218.90136
158.21232,202.60957 146.83324,216.69908 133.01234,227.96594
151.34657,204.71976 136.50008,216.98762 129.98408,208.6799
135.64607,217.99473 139.66467,210.11757 135.85497,204.44377
124.03,218.40514 116.96131,221.00081 105.84788,218.89173
136.58342,210.59984 118.91245,208.14217 104.53005,207.39054
112.06163,214.45634 102.50014,217.21146 93.572102,221.15255
80.733209,223.6608 73.373083,221.3513 70.699886,218.10097
80.122928,219.9238 82.50014,219.75603 86.685538,210.76955
94.415634,220.69602 100.0,211.03136 97.090128,207.1033
117.40358,206.61022 124.41514,206.51854 132.75971,209.14878
125.97032,206.96807 143.28934,205.93613 176.5097,207.04605
211.14197,210.25986 240.14078,228.12284 256.29645,236.74626
271.2486,248.86142 283.7287,261.87585 290.98435,270.54354
290.85809,274.59682 284.23304,282.28921 284.07261,287.89934
294.85937,280.28457 283.15319,294.34279 273.18517,306.37888
285.9868,300.31755 284.14624,300.49998 286.10193,303.15518
285.95686,309.82328 289.47856,309.99998 289.47856,309.99998
289.47856,310.0 289.47856,310.0 289.47856,310.0
;
307.85734,305.0 307.85734,305.0 314.24105,295.17149
309.93971,292.4347 318.0,284.48109 306.26971,279.19036
332.76618,279.53058 320.0,276.75617 320.93004,266.32807
328.69693,257.81141 314.87451,267.29302 309.60423,271.36125
309.37897,282.53268 307.37116,288.86014 310.23623,294.0402
304.51244,306.31971 307.85734,305.0 307.85734,305.0
307.85734,305.0 307.85734,305.0 307.85734,305.0
;
337.09783,304.0 337.09783,304.0 346.75949,297.90271
333.80555,298.54867 333.0,293.83333 329.42504,288.32278
327.77879,305.69009 333.74916,299.85059 334.79773,301.26557
334.13837,305.34207 337.09783,304.0 337.09783,304.0
337.09783,304.0 337.09783,304.0 337.09783,304.0
;
317.05,300.98469 317.05,300.98469 323.98257,303.62418
328.81694,292.95503 317.99998,293.0 318.23784,285.10959
310.24737,302.80814 317.05,300.98469 317.05,300.98469
317.05,300.98469 317.05,300.98469 317.05,300.98469
;
101.44098,293.0 101.44098,293.0 110.01092,292.26416
118.30652,286.36095 108.75,279.73128 106.3798,273.42793
120.41476,287.85473 126.6087,286.42268 140.29827,289.81304
126.49569,275.31072 116.5,281.14467 120.1696,277.93303
125.28539,277.51395 130.82532,275.4169 141.58376,274.65214
154.42859,274.07269 161.63255,278.40176 171.51499,275.89987
183.01715,277.7178 189.5826,274.35468 203.9677,269.24629
184.84377,272.75029 179.67507,272.16451 170.54546,269.77234
170.82777,275.53958 165.06574,268.0 161.01578,274.01713
154.75439,265.6552 145.34636,266.0 147.00198,268.73522
147.38911,273.80726 134.1285,267.95411 122.09004,270.2252
130.26605,262.33013 118.58045,261.03987 110.93302,255.55246
101.40875,263.48683 100.16349,257.73769 90.626713,253.79222
80.00318,255.7914 72.0,262.14678 66.228194,258.16222
64.545991,261.5251 56.628384,256.0 43.484072,264.83108
65.365468,246.86078 57.139102,246.0 56.312727,254.09866
39.829887,251.43458 34.647228,254.08574 33.355771,248.33592
13.642316,263.6956 26.0,254.80435 24.925676,248.67366
-0.41649408,253.63682 14.125928,255.12528 5.8844951,255.78739
15.968133,268.10575 20.78844,260.06973 32.479336,256.8451
16.976923,270.6475 31.238095,263.90476 27.879849,268.35561
8.2961537,270.5214 16.225203,273.40467 25.448672,269.64851
36.138641,266.82221 21.741846,275.11491 14.769951,281.17172
36.035804,267.20823 38.967767,271.21813 38.001886,277.98351
60.113311,261.62163 45.3994,273.85142 27.940829,278.34483
38.013523,283.06789 48.850212,274.2549 61.064961,269.12414
38.582363,281.4292 39.170303,285.46167 42.39704,294.23601
57.509465,270.03233 51.0,288.39407 56.887872,287.61779
62.605503,278.208 68.400501,281.34803 76.066999,272.92161
85.928419,276.64845 82.947169,278.75001 82.284182,283.03494
100.87379,284.35325 105.50141,284.59104 121.64058,279.70844
96.196166,291.61434 101.44098,293.0 101.44098,293.0
101.44098,293.0 101.44098,293.0 101.44098,293.0
;
133.0,272.79289 133.0,272.79289 127.92359,273.63919
102.48426,270.57108 116.23336,267.65881 125.25503,267.35989
130.37439,271.72085 139.5,272.8595 137.33341,272.8372
135.1664,272.8154 133.0,272.7929 133.0,272.7929
133.0,272.79289 133.0,272.79289 133.0,272.79289
;
37.068312,264.5 37.068312,264.5 28.076945,265.77235
36.53546,254.48222 47.232236,253.51605 56.434596,258.20896
42.357893,257.79248 39.480412,262.5 39.480412,262.5
37.971747,263.75091 37.971747,263.75091 37.971747,263.75091
37.068312,264.5 37.068312,264.5 37.068312,264.5
;
85.439181,264.6503 85.439181,264.6503 77.532267,256.95813
87.232661,264.26182 91.133966,259.91705 106.26162,255.39624
90.176797,264.64957 85.439181,264.6503 85.439181,264.6503
85.439181,264.6503 85.439181,264.6503 85.439181,264.6503
;
570.86192,275.95806 570.86192,275.95806 575.32665,265.12529
585.3988,255.67601 593.00682,249.48207 598.27103,242.22894
607.76019,240.00886 614.7848,233.79394 631.6803,223.38255
652.86861,218.95945 672.5,214.92193 700.85179,211.46273
730.2405,212.48449 758.5,216.94704 771.43447,221.51473
784.14414,222.55461 795.1827,230.24355 804.60958,237.90412
790.43754,220.1629 784.44501,222.00002 776.8269,217.35332
767.41397,216.77396 759.25849,214.05039 730.71766,207.32087
700.57367,207.57274 671.36322,209.9627 659.56602,211.27422
649.44829,215.18526 637.71231,216.06322 627.9335,221.41489
616.08122,221.33336 608.00215,229.15014 596.2353,231.46837
602.42906,238.44116 590.24092,240.00002 579.44722,253.61711
564.1903,266.86727 564.62556,285.20318 565.95993,287.69082
569.39148,277.18909 570.86192,275.95806 570.86192,275.95806
570.86192,275.95806 570.86192,275.95806 570.86192,275.95806
;
577.94284,278.0 577.94284,278.0 585.80539,273.74647
588.85333,269.895 596.61319,266.01476 608.80566,265.21189
605.67524,263.75649 610.97226,272.75 621.00195,283.85997
611.72458,258.41852 626.53639,264.42481 640.67642,268.39345
634.73725,258.96973 623.58379,261.48129 609.98423,265.36061
612.15147,261.14052 622.11803,257.99994 612.70244,257.46481
621.77848,249.53975 626.95722,258.81436 637.2601,258.90196
642.53042,265.0443 651.56581,265.71478 661.26241,262.72469
671.96729,264.89836 683.33718,263.97572 700.00813,259.96228
695.01048,256.9231 680.74751,260.99869 669.97137,261.29385
659.79829,260.44749 650.59284,258.15015 641.78205,255.32645
629.99167,258.42691 623.12494,250.8031 612.56742,247.99257
614.12451,262.16765 605.54025,258.87032 592.46109,255.40686
593.30109,265.38935 586.16357,265.99999 583.0097,266.25681
574.92573,276.34357 577.94284,278.0 577.94284,278.0
577.94284,278.0 577.94284,278.0 577.94284,278.0
;
364.37244,276.9682 364.37244,276.9682 362.46193,271.97288
364.42154,267.84588 366.44208,265.10878 358.88209,261.24143
362.8857,269.90802 357.60699,269.41821 362.66725,271.44249
357.62419,275.23619 364.37244,276.9682 364.37244,276.9682
364.37244,276.9682 364.37244,276.9682 364.37244,276.9682
;
175.19098,266.885 175.19098,266.885 189.90166,262.9959
174.14459,262.53881 165.5977,262.06897 162.9259,266.05451
172.76054,266.04174 175.19098,266.885 175.19098,266.885
175.19098,266.885 175.19098,266.885 175.19098,266.885
;
196.0,264.4222 196.0,264.4222 201.59379,263.99797
219.62402,261.67452 216.23144,258.17551 207.49918,258.07071
192.78512,262.30812 191.5,263.78235 192.80362,265.50798
194.34479,264.89813 196.0,264.4222 196.0,264.4222
196.0,264.4222 196.0,264.4222 196.0,264.4222
;
153.25,262.92971 153.25,262.92971 157.11216,258.46169
142.07443,256.7699 140.39254,251.57208 133.49848,242.54997
127.57343,234.87185 131.37718,236.3984 124.39436,242.29501
117.23697,238.15333 124.03801,238.5 133.68875,227.26653
117.86676,228.44222 116.8052,239.1891 120.97355,225.03074
116.94936,235.66877 109.481,235.44113 103.27388,239.61276
101.7096,244.67353 101.53518,252.0 113.13674,242.4328
94.930836,266.64814 109.23476,250.5 107.28345,256.68303
113.65499,254.75627 116.61995,252.79926 125.86452,257.40518
136.16945,259.63112 145.26855,261.10317 148.23637,260.31681
150.33856,263.43191 153.25,262.92971 153.25,262.92971
153.25,262.92971 153.25,262.92971 153.25,262.92971
;
321.5,262.0 321.5,262.0 328.49389,259.95745
325.64662,243.77813 325.5,242.0 327.07397,241.4573
327.70485,219.53826 322.3187,236.88684 321.895,242.74933
313.39334,258.78306 323.15612,255.80976 323.03249,256.58849
314.57183,262.82869 321.5,262.0 321.5,262.0
321.5,262.0 321.5,262.0 321.5,262.0
;
222.43261,261.0 222.43261,261.0 224.78948,255.36063
229.93986,246.46329 231.0,239.11803 223.83879,235.21662
221.23222,259.00959 222.43261,261.0 222.43261,261.0
222.43261,261.0 222.43261,261.0 222.43261,261.0
;
698.22242,255.75919 698.22242,255.75919 703.62094,248.37828
701.66114,240.89055 712.0,246.99999 707.00913,239.25931
698.00883,240.32641 697.0,251.2047 697.69349,252.16223
695.53701,257.75755 698.22242,255.75919 698.22242,255.75919
698.22242,255.75919 698.22242,255.75919 698.22242,255.75919
;
796.25,249.71292 796.25,249.71292 805.86816,248.15885
782.49782,241.21147 779.08473,237.00005 767.24462,229.30478
762.75827,235.26865 776.45806,241.45676 781.33439,246.68577
789.09244,249.42973 796.25,249.71292 796.25,249.71292
796.25,249.71292 796.25,249.71292 796.25,249.71292
;
141.09253,238.95767 141.09253,238.95767 150.33887,235.78724
154.98547,220.32046 142.79043,228.98851 141.04976,237.11926
136.17886,226.28851 136.05402,233.51356 137.84387,235.03885
138.073,239.69845 141.09253,238.95767 141.09253,238.95767
141.09253,238.95767 141.09253,238.95767 141.09253,238.95767
;
88.828741,233.65499 88.828741,233.65499 94.594853,228.52738
102.26274,230.29458 105.7417,222.40837 99.671904,221.46515
82.981044,231.99916 88.828696,233.65499 88.828696,233.65499
88.828741,233.65499 88.828741,233.65499 88.828741,233.65499
;
34.25,228.43368 34.25,228.43368 44.005949,223.97502
50.309394,210.49724 59.744557,207.45547 69.263064,204.28654
71.416508,197.78928 81.826198,189.57903 90.688139,184.09816
92.838911,181.47177 101.69056,171.97268 109.79537,161.06909
114.09595,180.82318 117.0,169.9505 104.34375,166.36252
114.8131,160.11782 121.0,154.05931 123.86953,145.82031
137.90795,141.17064 136.97173,132.33556 145.92564,119.39469
127.89272,141.02374 131.71969,139.05387 125.25165,148.0863
113.33046,155.11896 106.19043,145.21623 102.91241,150.89212
96.605584,136.4267 93.522651,141.81953 93.384238,144.14521
94.967735,145.74135 106.81922,151.29315 118.89414,158.09184
105.61987,157.05488 97.151999,159.03474 109.26106,158.81451
103.37759,164.14082 94.130084,172.38314 85.603407,180.39175
75.654224,187.99203 69.210938,195.75036 56.076108,204.81301
44.921516,216.74648 32.0,227.2153 31.95303,229.50061
31.542148,229.66964 34.25,228.43368 34.25,228.43368
34.25,228.43368 34.25,228.43368 34.25,228.43368
;
131.61381,169.0 131.61381,169.0 143.89393,162.47931
117.25793,151.08964 122.88829,166.4031 126.13625,166.3045
128.55294,168.43845 131.61381,169.0 131.61381,169.0
131.61381,169.0 131.61381,169.0 131.61381,169.0
;
358.96746,169.0 358.96746,169.0 362.45886,163.90655
370.92804,166.59757 367.60203,160.03879 363.7774,156.16391
351.95776,167.68539 358.96746,169.0 358.96746,169.0
358.96746,169.0 358.96746,169.0 358.96746,169.0
;
7.7600092,158.0 7.7600092,158.0 10.731796,151.81651
32.47666,157.22815 24.037315,150.5 34.553761,149.81835
29.183511,145.69802 37.837702,145.63149 43.152268,139.64833
51.92398,139.96629 58.953058,145.1557 61.66706,142.9831
44.771999,133.65694 63.5,141.8425 64.947376,151.06139
73.911554,150.4951 83.779246,151.37952 91.995221,155.17987
110.02783,153.24644 94.779669,148.83448 86.42423,141.07749
70.56323,148.88354 65.0,139.83948 54.091252,138.20167
58.029479,129.95136 67.4,133.0 76.913344,138.41725
85.352564,130.55117 75.05,132.9847 73.465428,129.20273
63.89017,127.17775 80.018827,126.00001 76.832461,120.55052
88.978213,121.9418 89.571691,125.06291 72.873659,129.12026
97.053333,126.41098 100.89492,131.1576 121.89389,134.46332
100.95812,126.02013 100.2,126.80001 118.82685,128.5786
89.788637,124.00264 95.0,124.83334 82.532101,119.47032
90.535749,120.71746 93.782936,115.76702 98.10514,116.97962
108.22231,119.73701 116.21769,122.93808 129.69564,130.82454
127.76982,118.05511 118.16889,118.99303 117.26101,119.89115
104.81135,109.48499 105.11803,113.99969 91.171733,115.96197
109.69215,107.56158 114.38579,104.61422 123.60913,103.0968
126.69292,107.26559 137.25252,109.77203 146.97777,117.57526
149.53229,108.86221 156.23637,111.97311 157.68981,111.59025
146.47854,121.93 153.1525,119.362 157.46409,118.50172
164.40501,107.63067 168.84162,116.19722 175.62725,111.34835
186.06802,110.80741 170.08192,105.31289 161.83172,104.53038
158.2919,110.94653 156.39939,103.37319 172.55693,109.40725
155.54292,94.36453 154.0,103.0 145.48551,110.77636
143.55178,111.02042 131.89272,105.66351 124.28045,98.45316
155.6324,111.41446 142.12528,103.607 139.05481,98.509726
124.29742,95.361795 127.62842,101.81193 128.34778,104.41321
113.05768,95.058102 108.34252,105.0 103.48349,104.72171
84.653066,119.70314 89.999996,111.9161 80.259113,108.24681
78.371379,121.81734 70.499996,123.99943 62.353446,128.32557
52.947849,132.9194 44.499996,137.50099 36.124706,144.89238
21.182481,142.51187 32.006135,141.13672 43.018234,131.71912
17.158415,141.16372 18.568115,141.11012 30.867253,139.2174
24.851201,151.0625 13.779324,152.43221 10.985284,153.0249
4.2850335,154.96243 7.7600092,158.00005 7.7600092,158.00005
7.7600092,158.0 7.7600092,158.0 7.7600092,158.0
;
363.0,153.0 363.0,153.0 367.46797,148.60007
366.37985,139.19022 364.41765,131.47209 369.25298,133.2194
367.89148,130.27624 363.43722,119.42993 358.85017,101.51189
360.94634,124.72642 360.28211,120.73305 361.42831,117.85542
346.01113,126.90642 357.14809,126.70906 363.04173,126.42739
358.55228,136.32773 362.85697,129.43539 357.73612,143.24056
368.60764,133.78808 362.0,147.11803 362.73589,148.45701
360.58622,153.45808 363.0,153.0 363.0,153.0
363.0,153.0 363.0,153.0 363.0,153.0
;
803.75,147.88169 803.75,147.88169 819.29202,149.83985
802.5471,143.97674 812.0,139.0 804.01635,143.95396
801.81956,143.94584 800.75,143.006 795.9007,145.31019
784.16464,147.77906 803.33843,147.87547 803.33843,147.87547
803.75,147.88147 803.75,147.88147 803.75,147.88147
803.75,147.88169 803.75,147.88169 803.75,147.88169
;
553.94529,136.0 553.94529,136.0 556.28424,128.93694
559.89763,112.44629 559.88547,124.44786 572.31811,112.83922
554.59072,115.2826 553.62636,125.56985 554.33033,128.20877
551.65687,135.01119 553.94529,136.0 553.94529,136.0
553.94529,136.0 553.94529,136.0 553.94529,136.0
;
376.89301,133.0 376.89301,133.0 383.70594,132.21929
363.16203,108.32105 368.24994,119.00177 361.9696,116.45687
371.05251,124.97424 375.97908,129.8908 375.96908,131.23727
372.75948,134.47212 376.89301,133.0 376.89301,133.0
376.89301,133.0 376.89301,133.0 376.89301,133.0
;
701.25,132.48787 701.25,132.48787 710.45377,127.9248
715.69475,127.35633 722.3206,120.89205 719.29437,122.59246
694.35554,131.37983 701.25,132.48787 701.25,132.48787
701.25,132.48787 701.25,132.48787 701.25,132.48787
;
636.04863,128.0 636.04863,128.0 644.75594,124.73317
651.22448,117.2107 659.5,113.90576 650.40364,115.69124
640.42304,120.97908 634.83333,128.0 634.83333,128.0
636.04863,128.0 636.04863,128.0 636.04863,128.0
;
534.18013,125.21987 534.18013,125.21987 537.07346,104.69407
538.29326,136.27063 538.78109,116.26358 543.94352,106.60558
541.35941,94.910902 548.19008,85.712596 540.99923,77.612202
541.46266,93.046261 543.04047,91.655635 544.44531,91.377534
531.96688,95.103835 540.0,101.0 534.82548,104.88989
533.82562,116.57299 533.02011,124.95 533.02011,124.95
533.00001,126.4 533.00001,126.4 533.00001,126.4
534.18014,125.21987 534.18014,125.21987 534.18014,125.21987
534.18013,125.21987 534.18013,125.21987 534.18013,125.21987
;
707.28697,122.29288 707.28697,122.29288 720.51721,119.44449
713.40642,111.52229 723.5,115.12462 710.31612,106.81205
716.6869,116.55773 707.8,112.8 714.40549,115.8144
694.37795,124.991 706.7808,122.46681 706.7808,122.46681
707.28697,122.29288 707.28697,122.29288 707.28697,122.29288
;
592.25,119.98782 592.25,119.98782 598.26464,112.59659
615.96488,118.31193 612.36074,111.84407 603.69972,115.56409
610.01946,106.40307 606.22268,102.97732 597.86515,111.0106
605.17335,112.13924 591.75724,118.65208 587.70891,119.38932
587.81026,124.34444 592.25,119.98782 592.25,119.98782
592.25,119.98782 592.25,119.98782 592.25,119.98782
;
768.75,121.18138 768.75,121.18138 789.92038,119.9106
763.21251,118.43325 755.71526,117.5 753.83679,123.13129
765.63595,121.03595 768.75,121.18138 768.75,121.18138
768.75,121.18138 768.75,121.18138 768.75,121.18138
;
726.75,119.98469 726.75,119.98469 732.18699,119.70303
760.53436,118.89228 741.16101,117.0513 738.84288,117.1417
719.40523,116.27575 726.75,119.98469 726.75,119.98469
726.75,119.98469 726.75,119.98469 726.75,119.98469
;
545.3807,119.0 545.3807,119.0 548.12471,113.76524
553.68693,107.00323 557.36163,105.5 560.81724,107.58404
565.53945,101.88498 557.0,99.822213 551.71008,102.7314
541.45026,117.16912 545.3807,119.0 545.3807,119.0
545.3807,119.0 545.3807,119.0 545.3807,119.0
;
683.73028,119.0 683.73028,119.0 693.8043,111.02796
708.14649,111.29819 719.5,106.1345 710.02467,106.64796
701.96513,108.70485 695.68466,106.91534 704.77718,109.83351
686.93965,111.89582 681.69445,116.69659 682.57104,117.10928
682.36336,119.46675 683.73028,119.0 683.73028,119.0
683.73028,119.0 683.73028,119.0 683.73028,119.0
;
563.91932,114.0 563.91932,114.0 574.11902,110.38956
577.16592,101.10416 584.98461,99.872484 592.29713,103.25289
597.64411,95.69872 594.74672,95.162734 607.85695,86.774011
594.50277,101.12563 609.52191,93.062715 624.82998,88.65506
605.99446,83.090316 614.75,80.086624 629.4787,77.548707
624.88376,79.135242 618.0,87.309975 624.23162,81.80388
632.35122,79.478084 638.82468,79.658439 647.48054,73.768659
625.93138,76.554073 618.99476,77.04289 614.74662,80.218946
584.13565,82.770142 599.85716,83.626518 615.68252,80.978492
608.12384,87.364863 596.98296,85.769231 587.96552,89.54779
591.82831,89.799304 584.0438,94.527073 580.24823,99.221016
574.0913,96.31581 581.51837,89.719161 590.90269,76.136409
574.93128,95.050966 567.8097,95.529373 572.66682,97.212214
570.52962,96.894125 576.02904,101.85601 571.07011,99.559445
556.5533,108.68557 563.91932,114.0 563.91932,114.0
563.91932,114.0 563.91932,114.0 563.91932,114.0
;
147.0,102.90574 147.0,102.90574 140.53547,97.281695
164.37861,99.63231 146.75,95.022236 141.47804,94.416636
153.34609,86.815801 139.52306,92.409688 125.08283,86.292524
143.66175,101.20834 143.0,99.0 142.13283,102.24365
144.26701,102.84696 147.0,102.90574 147.0,102.90574
147.0,102.90574 147.0,102.90574 147.0,102.90574
;
647.88791,97.646833 647.88791,97.646833 662.33662,95.014655
658.67047,90.465546 652.5,86.0074 647.19588,86.671399
642.12333,97.269582 647.88791,97.646833 647.88791,97.646833
647.88791,97.646833 647.88791,97.646833 647.88791,97.646833
;
560.87756,97.0 560.87756,97.0 570.54725,92.395792
571.73765,89.495193 568.23326,82.0 566.86689,85.161939
551.01111,96.001107 557.82887,95.486918 567.74001,90.164439
557.78967,95.830081 560.87756,97.0 560.87756,97.0
560.87756,97.0 560.87756,97.0 560.87756,97.0
;
318.21862,95.883999 318.21862,95.883999 324.03744,88.883348
312.32022,87.310749 305.13373,88.255624 293.91748,94.771866
327.88829,87.648461 314.0,93.496242 312.96738,95.999247
317.007,95.149284 318.21862,95.883999 318.21862,95.883999
318.21862,95.883999 318.21862,95.883999 318.21862,95.883999
;
802.75,90.979847 802.75,90.979847 805.10585,88.909933
793.15215,73.32827 789.15175,75.693323 779.45729,71.338239
779.88355,76.92516 791.56468,81.344221 795.41829,83.998287
798.31455,89.847905 802.75,90.979847 802.75,90.979847
802.75,90.979847 802.75,90.979847 802.75,90.979847
;
640.43965,85.851222 640.43965,85.851222 648.38301,84.891712
652.8436,82.666611 661.21332,80.123258 668.94095,76.541152
672.77434,75.684454 677.0,73.122546 686.81688,70.581749
695.04848,75.405759 703.5,75.571429 718.77736,71.39106
689.74949,73.567351 685.06424,69.0 676.14522,67.755404
661.5252,63.891008 677.0,71.068616 668.22818,71.067616
655.88419,72.298223 647.14111,70.853539 632.70753,73.416588
655.35765,73.348497 646.40574,77.648521 654.27403,78.051225
660.94212,70.099673 667.38226,76.999993 656.69536,79.323239
647.73048,78.02311 646.02072,81.546497 640.35032,84.333056
625.01554,85.618726 640.43965,85.851215 640.43965,85.851215
640.43965,85.851222 640.43965,85.851222 640.43965,85.851222
;
182.30675,49.375744 182.30675,49.375744 194.16886,42.42894
205.23221,33.643636 217.20751,26.983141 214.55104,23.031514
235.74625,11.585559 220.30905,19.37634 208.12096,31.928355
191.66463,38.641571 178.04716,49.267294 178.95933,52.410235
180.38388,50.036338 182.30675,49.375744 182.30675,49.375744
182.30675,49.375744 182.30675,49.375744 182.30675,49.375744
;
301.81279,122.14459 301.81279,122.14459 293.78074,124.16312
300.79613,110.92943 305.54797,108.0 316.86036,120.74536
310.42151,110.57332 302.70831,113.51948 296.64781,116.13988
303.57867,118.30915 301.81279,122.14459 301.81279,122.14459
301.81279,122.14459 301.81279,122.14459 301.81279,122.14459
;
328.52737,120.26439 328.52737,120.26439 327.30714,125.89778
320.10485,106.39787 318.2078,105.8039 324.21422,109.52081
341.28897,116.39794 328.52737,120.26439 328.52737,120.26439
328.52737,120.26439 328.52737,120.26439 328.52737,120.26439
;
295.77562,102.55771 295.77562,102.55771 289.9505,98.131062
281.07275,93.856954 273.5,90.106887 261.78135,86.211334
276.46538,82.23973 277.99998,89.432619 282.46479,92.797891
293.58891,94.302529 295.77562,102.55771 295.77562,102.55771
295.77562,102.55771 295.77562,102.55771 295.77562,102.55771
;
199.41821,99.0 199.41821,99.0 193.10189,97.060526
187.11108,83.664671 190.0,87.213978 203.82113,83.267048
189.67976,93.031462 199.42,95.517197 204.45185,95.509297
204.17187,98.435334 199.418,99.0 199.418,99.0
199.41821,99.0 199.41821,99.0 199.41821,99.0
;
258.9096,99.0 258.9096,99.0 257.4076,91.617041
237.17442,91.305383 248.0,86.0 232.22123,80.590561
254.23779,86.645609 253.0,80.5 251.67668,71.900391
266.91052,87.004733 253.0577,86.023615 247.31544,90.000648
266.85337,100.61153 265.01459,94.551383 255.27803,84.454605
280.00364,102.08484 261.07752,97.065509 260.31483,97.638468
260.38207,99.700053 258.9096,99.0 258.9096,99.0
258.9096,99.0 258.9096,99.0 258.9096,99.0
;
243.75,96.95984 243.75,96.95984 233.61745,94.535014
227.49951,83.881274 217.13478,89.0 208.73419,74.683749
213.5847,81.516749 224.93021,85.40312 217.67362,72.281417
232.44051,93.127182 234.76715,85.5 234.9894,91.531976
243.59697,94.181209 243.75,96.95984 243.75,96.95984
243.75,96.95984 243.75,96.95984 243.75,96.95984
;
209.50997,55.427263 209.50997,55.427263 205.08993,54.942186
221.53505,42.941201 226.78096,39.424635 240.87444,25.300208
227.28759,42.826952 220.24959,47.742394 216.64986,50.204969
214.17827,55.059984 209.50997,55.427263 209.50997,55.427263
209.50997,55.427263 209.50997,55.427263 209.50997,55.427263
;
853.63011,54.0 853.63011,54.0 850.44404,42.353756
847.92189,29.751253 844.0,17.997684 841.79315,7.0278126
836.72401,-4.2047467 853.01597,0.0 855.0289,15.722249
853.84865,37.319036 853.63011,54.0 853.63011,54.0
853.63011,54.0 853.63011,54.0 853.63011,54.0
;
213.55864,39.0 213.55864,39.0 211.54307,32.043519
223.07914,27.879284 230.86021,23.964798 230.48774,29.544217
218.45616,34.561821 213.55864,39.0 213.55864,39.0
213.55864,39.0 213.55864,39.0 213.55864,39.0
;
235.41008,23.307977 235.41008,23.307977 225.06694,18.385369
246.54406,19.213456 249.24489,11.0 255.84284,9.3615101
266.04635,-4.2471135 268.0,1.5 259.10641,6.0764123
255.83934,12.866866 245.5,16.986773 241.85901,18.709392
238.61932,20.943156 235.41008,23.307977 235.41008,23.307977
235.41008,23.307977 235.41008,23.307977 235.41008,23.307977
;
