173.58734,479.98863 173.58734,479.98863 115.72489,479.98289
57.862447,479.97715 0.0,479.97141 0.0,378.0365
0.0,276.10158 0.0,174.16667 11.027577,160.53195
-2.8079301,172.3296 0.00201483,160.27242 5.7617584,161.87876
-3.5802541,148.56661 0.00979902,138.89041 -3.1734004,125.19421
6.8659533,122.68773 13.144818,131.41318 22.244459,127.71488
19.869802,117.56246 9.5827522,126.24827 4.6665984,118.53887
-3.8752947,125.13731 0.0,109.54814 -6.5098013,98.894371
12.353433,89.493749 3.6574813,84.0 -4.398751,90.72416
2.1231153,64.596831 0.02122721,57.902981 0.0225565,38.601987
0.02388579,19.300994 0.02521508,0.0 12.986233,1.6320738
5.9235224,2.5082908 22.617124,0.0 32.898913,1.0668367
38.989242,-0.33585621 44.0,1.7860224 52.457011,-0.21139819
64.72132,-0.1889063 75.247015,0.05214928 88.194183,0.03742738
101.14135,0.02270548 114.08852,0.00798358 104.72409,8.7715591
97.991667,20.324518 90.083162,29.758474 81.797317,38.794421
75.682123,52.745546 65.211288,61.0 64.872137,64.830775
53.948693,73.916231 56.900367,78.260145 67.2048,82.596794
62.115332,74.037865 69.386475,67.5 73.286281,57.407592
77.390778,56.288891 85.511133,46.592329 94.302745,35.263992
91.509379,31.722357 102.58331,25.294904 110.25154,17.713057
115.87971,8.1275436 122.49904,0.07354321 161.03667,0.0523209
199.5743,0.03109859 238.11193,0.00987629 231.2322,6.2556996
222.9498,12.080569 213.18356,15.691891 203.8937,23.921156
191.93097,30.413473 182.77025,38.873464 172.26645,34.23878
174.8618,47.512969 164.95428,51.655236 175.46749,55.200018
175.39808,54.558392 162.46593,55.022404 156.37404,59.780624
179.04458,59.465546 185.39203,61.87482 193.09361,69.950352
189.68221,58.595381 201.4844,64.0 217.7249,67.871105
207.25526,68.454394 199.35869,69.348752 188.65657,64.401015
182.96738,71.046676 171.35265,68.188439 166.51069,65.875847
157.79378,63.429409 151.61456,69.112712 137.32558,81.736641
174.64665,72.542257 158.801,78.54768 163.82012,84.445236
166.12171,85.449455 151.70031,80.365316 148.45503,75.955645
134.80864,71.108013 132.47288,79.25205 136.53407,80.309423
135.15046,95.654651 129.8212,83.813035 120.76915,73.626342
125.14546,90.365546 116.84982,85.096836 114.47933,92.152037
98.242541,89.316276 105.56023,94.233506 119.11497,97.632914
97.315177,94.099593 93.132845,91.0 92.637566,101.45918
77.192426,101.6316 70.294515,107.97723 62.836608,113.63942
56.781815,114.65086 50.684763,120.08476 55.998391,120.8389
66.103239,117.1885 72.529573,122.04785 85.059777,125.71509
100.48474,126.85067 112.92105,133.41229 111.69199,122.9098
116.032,125.71824 122.05093,117.67911 126.3465,114.93483
136.21064,127.95182 136.99997,115.9505 129.76865,112.50002
127.8809,119.91978 124.05899,111.0 118.35308,117.40382
101.21747,98.973963 101.99997,112.0 95.932701,107.7724
84.038257,115.38493 86.459207,108.04373 91.766295,101.35364
103.14026,107.81689 109.5,103.32755 116.98829,101.99624
128.12321,100.53666 136.73599,103.92994 133.05135,104.38087
124.84802,105.24243 116.93349,104.3262 111.4927,107.52491
131.41466,110.51541 135.46316,108.77316 140.84657,111.8015
153.76402,120.21202 148.25,108.97418 149.00459,107.13391
160.4159,111.69269 168.42607,113.0 169.16934,103.41341
182.73707,116.41796 187.38885,114.51596 198.59787,124.27131
192.4137,107.33299 202.69643,118.0 204.15726,110.8181
196.97996,101.71713 207.59712,114.41919 217.62442,124.08379
197.99902,112.54079 211.27214,124.93439 213.61498,113.49149
219.6491,125.85357 224.30639,117.09361 232.13777,123.81795
235.47872,107.39191 238.56955,118.0 241.26934,115.54129
247.21101,126.75719 253.84803,119.88116 256.86489,126.19859
278.04088,137.32143 266.69293,127.0 263.15413,118.21353
264.83277,117.91318 273.49992,125.58458 283.68629,140.216
277.28998,115.31788 271.89481,120.62675 273.65869,109.51754
278.2288,117.31111 282.74919,126.5509 288.19148,134.82845
277.01622,138.58529 286.75,142.78501 286.23258,138.98979
291.39118,125.42618 293.50536,132.9756 291.92009,139.57577
302.05784,159.9437 304.42306,147.30581 301.90085,141.36735
303.93605,137.1112 301.88952,127.66342 304.29822,135.88923
311.52758,145.28572 314.77241,148.17715 307.75584,158.61164
326.25332,161.41011 319.87048,147.13968 331.50177,138.89301
312.74369,140.20504 315.60267,127.60347 311.89632,110.81921
314.39968,129.36608 322.26659,127.97635 323.44234,132.79776
320.77037,137.24079 329.05297,143.84298 336.45851,133.84239
333.9748,148.24485 326.17919,151.37863 322.12419,163.48928
346.31587,144.43959 340.0,148.7958 342.07935,137.4717
342.65314,157.89026 339.0,157.5 342.96362,163.9164
352.39377,145.92409 351.45574,139.55767 351.09839,125.89464
338.32762,134.27928 344.47327,122.94832 333.47753,115.56519
341.78904,113.91807 347.01666,122.84765 354.22445,121.47275
346.99636,135.12004 356.19496,133.82676 361.87062,128.98178
361.2285,120.25024 353.35352,114.64103 351.26394,96.494895
342.61568,114.2976 348.0,115.71025 351.60255,120.6526
340.08623,114.19202 336.16068,109.52665 332.90138,102.94564
339.32315,101.68452 324.53512,99.677979 326.45091,96.281539
325.66694,93.685751 317.10933,89.431691 321.06436,80.991195
308.09782,86.981431 301.35738,82.978523 295.69285,92.375365
273.215,86.842454 283.92595,83.82226 300.13694,90.577478
282.42081,72.086713 275.6,82.0 262.69106,82.357387
287.28365,74.093747 268.58138,75.5 260.91554,83.712295
263.64461,74.753522 269.50163,70.13916 282.23602,67.197642
255.37818,64.66905 249.78485,66.009285 235.34178,67.342596
235.37231,62.904966 222.64623,62.650268 227.98626,58.109564
250.63878,66.460998 241.11777,58.508458 223.27214,60.311255
247.35895,48.665286 227.5,53.287355 219.89123,55.265312
237.85021,58.314076 217.18098,56.911278 216.94582,57.594141
227.71284,50.173969 217.5,46.0 214.74199,46.6287
198.69004,60.051784 204.0,49.909598 191.83781,52.410916
203.54502,44.362417 210.28593,37.521723 218.80363,29.634781
226.71323,24.021168 232.97858,15.03746 240.44566,5.065699
248.74482,-2.9288669 262.07373,0.48729419 459.38248,0.32735453
656.69124,0.16741487 854.0,0.00747522 853.91655,65.17165
853.83311,130.33583 853.74967,195.5 850.84425,185.50792
853.16073,175.29831 851.43843,167.54119 851.55745,157.55372
848.20442,148.86988 845.72122,138.94574 840.13165,125.64152
839.77976,146.84009 841.84445,153.5 844.47079,176.36243
843.8476,200.96354 850.38105,222.44939 857.18344,245.93918
852.72728,273.33805 854.0,298.44306 854.0,358.96204
854.0,419.48102 854.0,480.0 689.38889,480.0
524.77778,480.0 360.16667,480.0 353.50065,476.15967
348.72272,479.12643 337.37814,480.005 282.78121,480.0
228.18423,479.9942 173.58734,479.9887 173.58734,479.9887
173.58734,479.98863 173.58734,479.98863 173.58734,479.98863
;
296.39059,462.0 296.39059,462.0 305.06301,450.37182
283.52375,451.09943 295.0,462.0 295.0,462.0
296.39059,462.0 296.39059,462.0 296.39059,462.0
;
288.89035,426.32985 288.89035,426.32985 302.98807,420.62613
274.37024,416.72919 285.95506,426.60782 286.55284,427.75552
287.94334,426.32012 288.89035,426.32985 288.89035,426.32985
288.89035,426.32985 288.89035,426.32985 288.89035,426.32985
;
323.5,366.8 323.5,366.8 329.24144,367.09454
331.21029,347.67622 323.15105,358.0 325.19736,360.44978
315.82717,367.50878 323.5,366.8 323.5,366.8
323.5,366.8 323.5,366.8 323.5,366.8
;
215.20031,331.98272 215.20031,331.98272 219.41027,324.89507
231.60257,332.39186 233.5,323.50008 247.99957,323.77461
238.46614,315.72536 241.96733,313.35302 246.44776,323.48901
255.27162,313.57345 256.50664,305.09192 262.27859,300.49331
271.77378,286.00957 259.2258,296.08495 253.25342,300.30585
242.11668,319.7774 249.99948,307.06289 245.84158,298.79133
234.96836,314.90558 232.88038,320.00012 221.71731,316.11478
225.36932,317.64752 227.99948,326.11815 220.76871,312.1841
215.21556,334.18915 212.66615,326.00012 206.96441,325.77696
213.52354,331.32483 215.20031,331.98272 215.20031,331.98272
215.20031,331.98272 215.20031,331.98272 215.20031,331.98272
;
303.11663,331.0 303.11663,331.0 303.99806,328.17221
318.07932,319.51498 302.92143,320.17977 295.51059,320.78803
301.29526,329.63133 303.11663,331.0 303.11663,331.0
303.11663,331.0 303.11663,331.0 303.11663,331.0
;
329.0,329.0 329.0,329.0 334.40357,329.12279
335.92628,310.93464 327.0,315.84501 334.19497,320.61701
324.6054,327.40746 329.0,329.0 329.0,329.0
329.0,329.0 329.0,329.0 329.0,329.0
;
385.97224,315.9682 385.97224,315.9682 397.34124,313.56787
376.81596,300.9943 378.0,309.00001 382.91121,307.28753
381.91075,315.08108 385.97224,315.9682 385.97224,315.9682
385.97224,315.9682 385.97224,315.9682 385.97224,315.9682
;
261.58397,310.63264 261.58397,310.63264 265.57411,307.79768
266.7602,300.54059 274.61596,298.36057 278.6,296.30946
292.40643,278.13827 281.62304,284.46787 278.83505,289.87338
264.67654,302.60934 272.0,292.10346 269.84233,282.58102
261.75523,308.39279 262.0,304.76674 256.24713,303.29652
256.33699,314.69876 261.58397,310.63264 261.58397,310.63264
261.58397,310.63264 261.58397,310.63264 261.58397,310.63264
;
361.21524,311.55516 361.21524,311.55516 377.0711,312.0524
359.87822,302.53364 355.0735,308.18389 353.5401,314.3569
356.97968,311.69523 361.21524,311.55516 361.21524,311.55516
361.21524,311.55516 361.21524,311.55516 361.21524,311.55516
;
364.75,302.38116 364.75,302.38116 373.79882,301.21812
376.52812,293.90003 367.10443,298.31706 360.34079,286.43983
355.77007,302.34768 364.75,302.38116 364.75,302.38116
364.75,302.38116 364.75,302.38116 364.75,302.38116
;
308.88337,300.0 308.88337,300.0 312.8338,290.013
317.21877,297.99531 320.0,294.59878 315.73079,280.84783
308.21903,296.53243 304.10346,291.0 294.07319,300.32322
313.1107,292.39796 308.88337,300.0 308.88337,300.0
308.88337,300.0 308.88337,300.0 308.88337,300.0
;
49.25,291.44911 49.25,291.44911 56.729616,285.92632
60.355535,276.69234 64.73756,280.10444 70.696963,267.18405
65.781615,284.96894 68.720906,285.0 81.277488,273.09627
78.034965,286.8475 81.713096,288.41419 82.538384,291.23514
86.573174,286.54458 94.969199,287.24384 93.553176,274.35246
101.96523,286.22004 106.64484,281.51686 115.91317,289.82928
114.56265,275.7182 118.99564,281.2257 122.46234,279.41664
128.25827,279.50032 125.91821,287.0 133.73394,286.47032
131.58005,281.33538 129.0,273.88704 109.37776,277.64347
125.26938,266.41388 132.31347,274.37055 140.18249,287.49573
138.33953,267.21545 147.32737,271.49424 156.88589,273.52138
160.85643,274.63386 173.04404,273.50522 179.55691,272.18535
192.79241,274.63621 191.78602,266.00003 183.50984,272.71311
177.19242,264.55528 167.69352,264.68685 151.15279,256.43037
171.20239,270.14015 155.02456,268.22343 157.3446,266.58778
150.651,257.01091 147.0,266.99069 136.56029,266.7382
142.8454,258.14461 134.24489,266.0 128.26757,264.75692
117.64066,254.5148 118.71673,265.6623 108.06437,271.56528
109.37592,267.22408 113.99999,260.0 104.93777,261.75076
107.2737,269.0958 101.0,260.5 93.57814,256.66087
82.69806,265.48191 75.881966,266.0 74.17485,257.96275
64.366392,263.33762 63.675076,252.43109 59.56638,253.74973
64.318357,261.43341 50.105573,254.44724 57.964957,255.5103
60.057792,250.35082 49.540104,249.27604 43.369989,254.86812
42.563856,240.81166 33.697907,248.99373 20.628812,257.2511
46.012586,257.13343 42.588076,259.57808 35.478942,265.47013
38.608314,257.03774 26.244889,257.0 23.509715,248.78726
0.25599946,259.9168 15.025049,260.0 21.927195,255.2013
22.852171,271.02079 13.933964,271.67965 -1.084066,283.89042
39.317792,262.19385 30.744694,268.60849 46.683251,266.69491
24.1086,282.96063 36.157053,279.45676 52.333192,268.57984
34.855456,282.84561 37.671259,285.0 43.928805,281.25902
56.129241,274.49273 44.169767,285.009 35.920543,279.8585
49.665629,292.85333 48.874213,291.56333 48.874213,291.56333
49.25,291.44911 49.25,291.44911 49.25,291.44911
;
789.96059,290.0 789.96059,290.0 793.04258,284.8211
781.81122,275.2841 776.73776,271.73439 762.75687,266.66719
785.23886,280.7362 779.97926,287.0 785.29045,278.56574
783.88569,287.14375 789.96059,290.0 789.96059,290.0
789.96059,290.0 789.96059,290.0 789.96059,290.0
;
812.25,287.90561 812.25,287.90561 822.06847,285.51744
816.13144,282.67399 806.57592,274.87764 797.32177,278.67781
799.3171,271.25134 790.14701,266.02126 782.20425,263.5624
777.51598,271.71196 787.896,275.6708 796.6763,275.43038
803.74306,285.94568 812.25,287.90561 812.25,287.90561
812.25,287.90561 812.25,287.90561 812.25,287.90561
;
303.24374,287.0 303.24374,287.0 307.13792,280.21868
314.91154,289.98751 315.88197,278.0 317.89971,274.90339
318.7758,263.40751 319.85842,256.55715 318.29806,239.16757
310.91928,256.01912 317.0,262.33333 311.24913,263.84077
309.17237,261.84587 313.37466,249.32039 319.81326,244.10676
323.25122,236.68667 320.76931,231.11842 311.08533,224.39692
325.41457,228.59427 324.66667,221.0 311.8797,219.89921
312.84275,231.24887 310.38955,240.87212 307.0421,251.84481
306.18181,263.13048 306.87701,274.98022 304.69654,284.20773
299.59735,278.86468 303.24382,287.0 303.24382,287.0
303.24374,287.0 303.24374,287.0 303.24374,287.0
;
288.80642,285.0 288.80642,285.0 297.03569,276.47986
290.09118,261.99715 281.63494,255.50677 271.32268,247.9579
258.67056,240.42168 246.99614,234.0 218.51645,221.30351
188.66937,209.55887 156.68887,207.17146 148.91946,204.36215
139.03391,205.52453 128.98407,203.98024 108.68151,201.41095
88.778464,207.43057 68.49999,206.49995 64.530215,210.85635
49.603272,215.11876 52.507938,220.39337 39.439437,227.91712
64.069063,222.48937 70.024983,221.22409 80.91315,213.27614
82.589966,232.52299 94.911173,222.54495 104.97658,217.6614
117.33442,219.82662 127.49998,221.03055 120.33078,226.09191
100.14311,218.31167 102.07787,227.14154 92.159595,230.04537
84.350247,226.00458 75.28914,230.8895 71.435861,225.66038
58.593288,226.31016 52.541922,232.00246 44.243087,232.75114
33.740757,232.86357 28.0,235.6 42.139603,242.8285
61.270883,238.32057 77.84295,239.83102 84.431772,228.36227
93.964319,245.05878 96.715183,235.16201 103.81668,232.66457
112.33256,223.43488 119.4,228.0 112.33073,229.15853
95.547899,233.92189 110.00621,237.53458 117.1185,233.80202
120.93124,233.1322 125.50006,234.0 125.81611,240.4603
146.35901,223.15722 134.19695,221.81822 132.83467,217.76812
119.60495,212.29408 132.16643,216.15941 134.93952,205.62453
141.01671,211.26194 151.90056,211.47074 163.23077,211.9995
174.32326,214.08927 184.60029,216.0 198.1564,219.80244
215.36841,223.42016 229.5,230.98768 243.61696,235.58938
256.55712,243.0416 267.86097,252.99968 274.42803,255.96211
283.902,262.7178 285.79488,271.93131 278.36612,273.79417
286.55637,283.77877 286.84166,279.4576 287.10173,281.3934
286.15309,284.56599 288.80642,285.0 288.80642,285.0
288.80642,285.0 288.80642,285.0 288.80642,285.0
;
604.38337,285.0 604.38337,285.0 606.51802,278.68351
616.29545,272.06038 614.98198,266.08001 619.61185,259.14391
637.79571,260.48457 621.39603,264.09796 617.12769,276.86471
635.60995,266.33686 633.2584,275.16572 644.3621,282.88839
640.44266,261.93765 648.29134,270.05599 660.10406,265.88614
644.31192,264.03216 641.75292,259.91374 644.79554,259.25548
662.75373,265.04674 658.04069,258.0 652.46643,257.72802
633.9025,250.91299 636.92887,257.61922 637.90092,269.03028
624.16906,249.65848 616.13711,257.33468 607.87432,262.24973
618.17354,250.30288 603.25343,256.36989 592.31445,255.16664
588.10774,264.48959 579.90049,268.35844 570.08163,275.41274
588.72104,278.03453 588.99991,269.0 596.29621,275.34242
596.50312,267.23942 594.0,263.5 597.57259,265.35522
607.02022,258.50918 606.78181,266.16197 591.81921,263.07516
608.72651,273.67514 599.58377,277.99992 593.09594,284.57838
605.79463,277.55575 604.38337,285.0 604.38337,285.0
604.38337,285.0 604.38337,285.0 604.38337,285.0
;
563.5,281.0 563.5,281.0 568.18137,272.72324
577.37179,259.97451 588.87264,254.91762 597.37725,251.08363
603.79532,244.75023 609.86324,241.66478 617.60775,237.76616
629.50796,231.68644 633.93595,235.08735 639.09215,237.6967
643.33458,225.6912 653.52007,226.98335 689.79708,221.1063
727.97787,219.27698 765.0,223.1578 760.99498,215.1449
746.30768,219.16855 738.08923,217.03551 722.31523,215.32087
705.54871,218.08943 690.44823,216.95701 673.80827,215.60144
656.94768,223.15181 639.5516,223.08132 629.82574,223.692
620.45984,227.76281 612.9508,231.91028 602.45474,232.97164
594.60643,239.26111 590.09762,246.89222 580.86598,251.8941
571.04875,255.49799 566.53217,266.07168 561.52081,268.23373
559.87466,277.77767 563.5,281.0 563.5,281.0
563.5,281.0 563.5,281.0 563.5,281.0
;
150.41163,278.81394 150.41163,278.81394 168.16521,278.45336
151.27654,276.56811 144.88197,273.0 135.8571,277.05397
144.40932,280.0385 150.41163,278.81394 150.41163,278.81394
150.41163,278.81394 150.41163,278.81394 150.41163,278.81394
;
819.19098,267.89631 819.19098,267.89631 825.04288,263.3663
805.98152,255.21168 805.0,259.88337 805.57529,263.74098
814.82618,266.03601 819.19098,267.89631 819.19098,267.89631
819.19098,267.89631 819.19098,267.89631 819.19098,267.89631
;
79.049566,263.0 79.049566,263.0 95.375037,259.5541
84.555015,244.8539 76.314832,260.55036 74.945355,263.18451
76.651892,263.35816 79.049566,263.0 79.049566,263.0
79.049566,263.0 79.049566,263.0 79.049566,263.0
;
380.88337,262.0 380.88337,262.0 385.30298,258.51614
398.4912,257.40806 383.58135,255.0 381.60095,256.52189
372.64246,262.23322 380.88337,262.0 380.88337,262.0
380.88337,262.0 380.88337,262.0 380.88337,262.0
;
138.62268,259.46456 138.62268,259.46456 152.65541,257.81587
151.25176,254.77335 141.0,248.5525 140.64095,241.49489
133.57901,237.80129 128.6,240.0 119.03634,238.81993
116.17721,238.75716 107.39797,241.08468 102.46961,251.27786
119.56789,248.32472 122.93723,254.0 122.70886,260.72598
127.47642,254.2009 135.25503,258.22221 135.09586,260.52579
137.37728,259.23169 138.62268,259.46456 138.62268,259.46456
138.62268,259.46456 138.62268,259.46456 138.62268,259.46456
;
805.0904,251.0 805.0904,251.0 816.15668,245.31368
795.1755,242.01163 789.81564,240.89978 783.74822,239.36916
757.97171,241.5603 773.88197,244.0 782.9551,248.03691
792.43631,247.668 801.5,250.0 801.79515,251.95054
803.85961,250.72764 805.0904,251.0 805.0904,251.0
805.0904,251.0 805.0904,251.0 805.0904,251.0
;
630.25,245.51774 630.25,245.51774 639.73064,247.82509
648.79495,240.16812 654.5,243.0 667.60465,243.87593
658.44509,232.32381 670.51771,242.0 673.06257,238.24439
679.5083,232.32973 663.12631,234.54036 654.13062,237.85118
647.43904,236.8211 639.25623,238.9131 636.1746,241.56478
615.03607,240.97029 625.91528,245.69675 627.36019,245.63705
628.80509,245.57741 630.25,245.51774 630.25,245.51774
630.25,245.51774 630.25,245.51774 630.25,245.51774
;
146.25,236.9682 146.25,236.9682 146.2093,230.1366
164.5701,230.2355 155.65525,225.3717 153.30511,220.55663
153.03103,219.44774 142.14114,223.92451 138.53817,228.936
129.77389,236.16941 143.50009,235.4124 144.62167,235.3632
144.9846,237.41589 146.25,236.9682 146.25,236.9682
146.25,236.9682 146.25,236.9682 146.25,236.9682
;
35.760286,193.0 35.760286,193.0 39.431147,187.03894
45.48162,184.96705 52.685304,179.6238 60.040598,171.63642
65.21144,173.1415 68.934125,166.4791 75.32336,163.24842
84.673585,158.89068 78.5,157.39999 87.461388,151.28015
93.43509,150.05327 96.23759,145.86156 103.37321,148.22313
117.80825,162.76076 114.3885,148.6688 103.28448,147.33334
100.93934,133.65036 93.206812,137.62785 87.977416,142.30753
87.186524,144.75873 77.881966,139.0 66.566154,142.89532
64.986618,131.71975 56.607474,131.46551 49.219471,129.61663
66.820173,127.47944 53.0,125.5 53.760325,134.2258
34.850301,131.86299 44.562061,126.58562 46.597573,123.07633
30.421082,114.97881 37.095583,127.8201 25.776443,129.49234
16.306694,135.69272 15.6249,143.30838 17.713964,151.28953
34.399302,146.82503 30.80887,144.0 43.283319,138.81398
10.054049,144.34062 24.564015,137.07491 35.963015,134.42607
39.07759,130.48391 50.020655,137.02631 60.576345,143.07449
71.227204,148.94183 83.992228,147.49997 79.134002,155.82053
66.048722,158.98978 63.749768,165.70188 55.339259,170.33922
48.399147,180.79462 46.971476,179.08921 45.356386,184.03241
28.206126,190.63079 35.760286,192.99997 35.760286,192.99997
35.760286,193.0 35.760286,193.0 35.760286,193.0
;
360.75,190.92105 360.75,190.92105 370.49482,189.97658
366.98092,180.32085 358.1146,184.46363 353.43442,184.59357
356.07304,193.18313 360.75,190.92105 360.75,190.92105
360.75,190.92105 360.75,190.92105 360.75,190.92105
;
349.15332,187.0 349.15332,187.0 366.40831,182.12396
349.95055,171.20815 347.0,185.66719 347.73607,186.06717
348.04924,187.49122 349.15332,187.0 349.15332,187.0
349.15332,187.0 349.15332,187.0 349.15332,187.0
;
127.5,166.54709 127.5,166.54709 135.31126,158.58302
119.61101,148.45785 115.8767,159.09891 114.5329,166.80768
122.33973,165.44071 127.5,166.54709 127.5,166.54709
127.5,166.54709 127.5,166.54709 127.5,166.54709
;
339.21482,166.9682 339.21482,166.9682 344.5181,164.84347
353.01443,153.43073 342.0,161.0 339.04085,164.28994
328.34924,160.22302 339.21482,166.9682 339.21482,166.9682
339.21482,166.9682 339.21482,166.9682 339.21482,166.9682
;
351.50231,164.0 351.50231,164.0 354.57669,161.24941
372.64362,157.67976 360.84108,154.05687 357.55764,149.518
342.03377,164.69851 351.50231,164.0 351.50231,164.0
351.50231,164.0 351.50231,164.0 351.50231,164.0
;
521.4784,157.68019 521.4784,157.68019 529.77437,148.99387
508.74383,137.04933 516.24364,152.42096 517.77545,153.70502
519.13906,158.65905 521.4784,157.68019 521.4784,157.68019
521.4784,157.68019 521.4784,157.68019 521.4784,157.68019
;
604.7848,150.80333 604.7848,150.80333 618.22502,144.02907
591.68833,140.18156 604.21652,150.87193 604.21652,150.87193
604.7848,150.80333 604.7848,150.80333 604.7848,150.80333
;
504.11663,146.0 504.11663,146.0 508.55889,141.71766
497.33826,124.68854 489.37324,133.0 478.44796,146.1257
490.40412,132.5585 495.43958,139.13325 497.36533,143.36086
501.16544,141.84303 504.11663,146.0 504.11663,146.0
504.11663,146.0 504.11663,146.0 504.11663,146.0
;
541.20766,144.50874 541.20766,144.50874 549.09724,136.40477
531.43198,142.02079 543.18756,133.78756 535.29595,128.08014
531.3343,136.91622 525.67316,138.40935 533.68692,142.1745
529.79997,139.47015 537.88197,143.0 538.73761,144.58044
538.9846,145.36502 541.20766,144.50874 541.20766,144.50874
541.20766,144.50874 541.20766,144.50874 541.20766,144.50874
;
364.41274,144.0 364.41274,144.0 372.27519,137.01361
369.57791,136.3263 376.0,133.48821 368.57704,130.34765
369.85529,114.0078 364.0,129.49999 364.0822,133.5379
359.11905,142.87041 364.41274,144.0 364.41274,144.0
364.41274,144.0 364.41274,144.0 364.41274,144.0
;
561.84444,142.80731 561.84444,142.80731 570.4275,134.92827
563.00915,128.47104 572.35557,129.97677 576.64028,119.61659
583.7039,123.69337 579.94844,111.0 593.01684,104.47541
576.70653,102.39556 576.31845,112.07686 572.0398,103.22427
572.04194,131.72336 570.5,113.69824 563.84977,114.9486
563.55095,116.73133 557.03514,125.89342 559.97629,133.04842
558.94563,139.23774 561.84441,142.80731 561.84441,142.80731
561.84444,142.80731 561.84444,142.80731 561.84444,142.80731
;
806.69611,142.51536 806.69611,142.51536 823.85163,146.99246
808.11875,130.46051 822.28195,133.5 825.40932,120.35919
812.85725,123.16176 809.0,130.34719 817.10349,131.96516
804.77372,142.40587 807.23326,134.00004 804.24694,134.43243
789.0442,143.75387 802.97814,142.69647 802.97814,142.69647
804.93513,142.60117 804.93513,142.60117 804.93513,142.60117
806.69611,142.51537 806.69611,142.51537 806.69611,142.51537
806.69611,142.51536 806.69611,142.51536 806.69611,142.51536
;
546.75,141.98635 546.75,141.98635 556.30958,141.0443
552.90178,130.19072 555.0,124.16208 560.26246,114.50683
561.63219,112.30361 569.0,109.2698 557.00635,107.18783
574.95958,108.15288 575.0,100.23391 585.22861,102.44088
577.67038,92.860025 585.75,102.76014 584.58518,96.998857
589.17715,95.777021 598.29671,93.35944 611.03022,87.567892
587.33548,101.39681 590.48426,99.872383 587.25167,108.4642
591.64527,111.87251 588.0,119.24554 580.81249,115.06986
573.82615,132.21852 576.95931,135.00065 584.30213,137.67482
586.5345,114.64898 591.0,123.00065 602.27803,119.28902
584.82948,115.2769 598.12821,113.82744 598.38791,122.07471
615.94104,106.74296 606.82191,110.09777 599.28136,100.24328
606.13654,96.564997 616.67511,93.976274 613.62229,86.921236
602.42128,95.672003 613.86941,86.581958 615.21502,78.896814
611.42125,82.429177 607.0,78.945146 611.4073,70.888518
617.68079,74.755924 618.0,66.6 606.9363,69.449376
606.97506,72.68136 602.11286,75.708707 586.27491,76.598165
585.47104,83.360172 602.0,79.797017 598.66554,83.594739
579.08225,80.358049 585.07574,87.574748 573.80556,97.241463
589.33352,63.556193 576.1107,81.25489 568.63187,92.213096
557.15894,91.635249 568.95026,82.938676 583.96813,75.205086
560.90457,84.625134 567.9439,76.017368 564.31624,69.273429
558.67804,83.775647 551.41165,89.128548 551.95557,96.025187
543.21403,94.394086 543.0,104.80874 534.67528,115.66173
545.41141,116.16119 541.58618,125.70299 547.29359,132.66082
550.61146,116.20314 547.69488,136.5 545.48558,135.76507
545.22925,142.47072 546.75,141.98635 546.75,141.98635
546.75,141.98635 546.75,141.98635 546.75,141.98635
;
260.50206,137.0 260.50206,137.0 270.35314,129.29907
245.35754,123.41301 257.80694,135.12462 258.9037,135.34888
258.76718,138.06512 260.50206,137.0 260.50206,137.0
260.50206,137.0 260.50206,137.0 260.50206,137.0
;
600.97067,136.0 600.97067,136.0 604.67894,129.36215
619.38206,122.78 614.5,114.99922 616.12072,112.14096
611.6238,111.09439 607.35792,117.82391 603.04479,112.89681
596.12042,134.21712 606.35274,121.95274 612.48819,125.35407
595.86784,132.67189 600.97067,136.0 600.97067,136.0
600.97067,136.0 600.97067,136.0 600.97067,136.0
;
523.25,134.24226 523.25,134.24226 529.99713,123.72241
510.44205,124.9526 520.11399,114.1891 526.14589,111.94409
528.24018,97.122405 528.31282,114.64563 523.92653,122.34765
535.97573,139.20275 536.3094,124.25667 533.08566,113.56522
537.54381,103.12344 538.91378,92.235893 540.54198,87.230685
546.88172,71.89321 541.96754,78.756492 534.01964,79.606427
532.57705,89.5502 530.76375,96.565889 531.46952,100.44513
516.11699,104.38708 520.0,104.0 513.06449,107.04604
509.89595,120.02674 516.13083,126.0 520.96283,126.42822
514.05102,137.50613 523.25,134.24226 523.25,134.24226
523.25,134.24226 523.25,134.24226 523.25,134.24226
;
773.25,134.31546 773.25,134.31546 783.59558,134.09111
795.8539,128.97799 778.39682,128.46788 775.66922,124.88357
760.09315,137.55767 773.25,134.31546 773.25,134.31546
773.25,134.31546 773.25,134.31546 773.25,134.31546
;
78.5,133.41779 78.5,133.41779 88.749478,127.72915
68.950908,129.04473 73.0,125.07037 60.298066,120.06675
69.945539,135.57405 78.499992,133.41778 78.499992,133.41778
78.5,133.41779 78.5,133.41779 78.5,133.41779
;
696.67317,133.0 696.67317,133.0 704.94126,128.35185
716.79963,125.89938 722.16667,118.0 713.74703,120.76593
701.46554,126.43527 696.0,130.95931 696.0741,131.78984
695.32056,133.44799 696.67317,133.0 696.67317,133.0
696.67317,133.0 696.67317,133.0 696.67317,133.0
;
656.54966,131.0 656.54966,131.0 666.35795,126.76253
672.23481,115.3357 684.60902,116.17834 693.81022,110.47411
707.08949,108.67244 716.0,104.02725 706.8732,102.91637
701.45181,102.66987 691.18476,104.07615 698.76987,109.55778
688.38656,108.79377 677.72724,113.58331 668.58883,118.56357
664.92708,121.48881 657.08447,124.50002 661.1082,130.05051
653.26655,126.71504 656.54966,131.00002 656.54966,131.00002
656.54966,131.0 656.54966,131.0 656.54966,131.0
;
633.00933,129.0 633.00933,129.0 643.97595,123.07081
645.0169,112.6339 632.11578,124.25589 631.14139,125.69108
630.34734,129.10327 633.00933,129.0 633.00933,129.0
633.00933,129.0 633.00933,129.0 633.00933,129.0
;
686.75,127.61488 686.75,127.61488 695.13985,125.35379
701.85303,121.23876 711.0,119.0 716.4408,116.74229
727.36955,103.45497 715.58799,106.92789 703.57682,107.33256
708.53819,121.28835 694.5,121.46096 692.04667,121.47146
679.91934,126.54674 686.75,127.61488 686.75,127.61488
686.75,127.61488 686.75,127.61488 686.75,127.61488
;
162.90552,123.71899 162.90552,123.71899 171.63567,118.72307
147.2526,108.0278 152.40204,115.89168 154.46294,119.63193
158.06059,123.54917 162.90552,123.71899 162.90552,123.71899
162.90552,123.71899 162.90552,123.71899 162.90552,123.71899
;
363.96158,124.0 363.96158,124.0 373.21949,122.49833
352.28866,101.1311 357.31544,113.5 356.09665,117.37261
361.45238,121.96092 363.96158,124.0 363.96158,124.0
363.96158,124.0 363.96158,124.0 363.96158,124.0
;
621.23028,119.0 621.23028,119.0 627.0158,114.29534
626.39169,109.76978 623.00122,104.33594 610.70008,96.208617
623.3668,126.6028 621.23028,118.99993 621.23028,118.99993
621.23028,119.0 621.23028,119.0 621.23028,119.0
;
814.55902,119.0 814.55902,119.0 822.5715,111.83668
791.36098,109.88893 807.05193,116.48516 810.9093,115.9064
811.98328,118.31672 814.55902,119.0 814.55902,119.0
814.55902,119.0 814.55902,119.0 814.55902,119.0
;
742.25,116.68985 742.25,116.68985 760.73357,118.26269
733.02742,111.51273 735.68476,109.91524 738.01905,114.08945
729.44217,118.07205 742.25,116.68985 742.25,116.68985
742.25,116.68985 742.25,116.68985 742.25,116.68985
;
763.96061,116.87905 763.96061,116.87905 782.78123,117.00223
769.02519,112.24478 759.92266,112.0 746.36637,113.52028
755.1463,118.56134 763.96061,116.87905 763.96061,116.87905
763.96061,116.87905 763.96061,116.87905 763.96061,116.87905
;
510.6399,111.0 510.6399,111.0 517.30297,107.3464
506.51045,85.805009 508.00956,100.5 509.31833,103.21898
507.32539,110.68619 510.6399,111.0 510.6399,111.0
510.6399,111.0 510.6399,111.0 510.6399,111.0
;
758.10699,107.0 758.10699,107.0 769.03362,106.86224
768.6606,99.259149 756.0463,100.88355 764.0146,97.629108
738.97395,92.074131 742.8549,102.12704 725.38939,103.21044
744.02938,105.23465 751.08179,102.0 754.89524,101.13975
751.40829,109.78888 758.10699,107.0 758.10699,107.0
758.10699,107.0 758.10699,107.0 758.10699,107.0
;
525.14761,98.0 525.14761,98.0 535.54533,88.79168
520.25309,80.575859 523.0,96.666667 523.73516,97.064553
524.04599,98.486843 525.14761,98.0 525.14761,98.0
525.14761,98.0 525.14761,98.0 525.14761,98.0
;
645.10222,95.945294 645.10222,95.945294 645.42834,87.412107
650.95397,97.549484 661.71501,88.56273 660.74205,87.063517
652.43415,85.306774 647.37856,84.210424 640.93291,83.76162
637.82216,98.631829 645.10222,95.945294 645.10222,95.945294
645.10222,95.945294 645.10222,95.945294 645.10222,95.945294
;
66.809017,95.978034 66.809017,95.978034 82.889354,93.637986
74.154164,84.274471 63.799729,93.866934 64.704266,94.750139
64.761166,97.177159 66.809017,95.978034 66.809017,95.978034
66.809017,95.978034 66.809017,95.978034 66.809017,95.978034
;
36.843237,93.769113 36.843237,93.769113 44.420267,88.649738
51.724886,80.09437 33.927736,88.255098 24.346789,91.7701
34.399177,92.052362 36.843237,93.769113 36.843237,93.769113
36.843237,93.769113 36.843237,93.769113 36.843237,93.769113
;
835.75,92.908574 835.75,92.908574 833.49733,90.040667
836.69543,72.066859 829.75008,71.0 830.97818,86.347808
827.61696,60.429216 825.647,55.782119 823.72253,45.173423
820.32967,46.921358 820.47259,39.184871 813.43807,36.341299
814.33447,15.673512 810.37449,28.520388 811.80792,37.247895
815.32283,42.826376 818.98682,50.5 821.03268,59.789377
820.38266,71.140805 826.11857,79.148122 828.57966,84.658327
827.7769,92.22773 835.75,92.908574 835.75,92.908574
835.75,92.908574 835.75,92.908574 835.75,92.908574
;
740.0,87.613229 740.0,87.613229 745.32776,81.950683
750.15392,81.111014 739.5,76.0 729.45477,78.374371
728.04475,76.05759 735.4206,84.499638 732.66936,87.917976
738.25981,87.661149 740.0,87.613229 740.0,87.613229
740.0,87.613229 740.0,87.613229 740.0,87.613229
;
88.539838,85.0 88.539838,85.0 92.671362,83.4189
112.58169,74.037141 100.24489,74.0 98.304217,80.054003
85.004845,78.138241 88.539838,85.0 88.539838,85.0
88.539838,85.0 88.539838,85.0 88.539838,85.0
;
637.57472,83.644813 637.57472,83.644813 643.87285,82.437982
665.63806,73.283373 648.67204,76.098672 644.57165,77.048215
623.61334,83.243236 637.57472,83.644813 637.57472,83.644813
637.57472,83.644813 637.57472,83.644813 637.57472,83.644813
;
677.49392,84.0 677.49392,84.0 687.38588,83.509832
701.39209,77.748153 683.19373,78.759639 680.22038,78.322706
670.17876,81.624889 677.49392,84.0 677.49392,84.0
677.49392,84.0 677.49392,84.0 677.49392,84.0
;
812.60888,83.0 812.60888,83.0 817.37646,81.826613
802.48892,68.234015 797.47073,69.047366 798.4686,74.403444
806.9543,81.849921 812.60888,83.0 812.60888,83.0
812.60888,83.0 812.60888,83.0 812.60888,83.0
;
620.03181,82.0 620.03181,82.0 628.7719,74.64178
642.50025,77.670393 651.59371,71.931253 670.27717,71.529831
659.69747,69.191828 660.17426,78.225735 670.15708,66.761459
670.54195,81.669604 674.74095,71.171484 685.11813,66.517551
695.67675,74.146953 707.0,73.0 704.99942,63.471109
689.46802,70.464031 682.83679,64.033859 672.35333,62.964745
668.25916,70.441684 656.5,66.761781 654.19224,66.832061
638.58078,64.499574 637.12188,70.096491 653.40941,72.231827
628.84942,73.028013 625.01817,71.770189 605.97473,74.918865
625.96813,75.793904 618.0,79.301116 617.38105,80.421246
618.9163,82.225106 620.03181,82.0 620.03181,82.0
620.03181,82.0 620.03181,82.0 620.03181,82.0
;
728.83729,71.800558 728.83729,71.800558 739.68679,68.520981
704.97983,59.814559 719.12668,68.308342 723.9977,67.173494
724.71543,73.029788 728.83729,71.800558 728.83729,71.800558
728.83729,71.800558 728.83729,71.800558 728.83729,71.800558
;
712.57143,70.0 712.57143,70.0 715.33672,65.413322
699.58564,61.372776 694.19774,58.0 682.13585,61.817673
709.78762,67.33928 712.57143,70.0 712.57143,70.0
712.57143,70.0 712.57143,70.0 712.57143,70.0
;
792.69098,69.96673 792.69098,69.96673 797.90464,69.412706
781.87485,50.777673 786.1354,63.001979 775.74886,56.177715
767.91217,58.965655 782.02632,65.702408 786.88323,64.734946
788.71786,68.653567 792.69098,69.96673 792.69098,69.96673
792.69098,69.96673 792.69098,69.96673 792.69098,69.96673
;
761.92612,69.0 761.92612,69.0 769.96935,62.186574
754.29665,59.407559 750.18382,56.01872 744.45924,60.824166
747.2058,67.66141 756.69524,63.356921 763.82862,64.283629
757.89319,67.361718 761.92612,69.0 761.92612,69.0
761.92612,69.0 761.92612,69.0 761.92612,69.0
;
670.5,64.550657 670.5,64.550657 677.88232,58.597547
675.60004,52.288965 668.38448,58.395742 669.46936,61.83151
661.97246,64.624718 670.5,64.550657 670.5,64.550657
670.5,64.550657 670.5,64.550657 670.5,64.550657
;
173.78267,34.0 173.78267,34.0 183.78407,31.41703
195.56636,14.631833 179.41323,27.110453 177.90945,30.087751
169.7363,30.504235 173.78267,34.0 173.78267,34.0
173.78267,34.0 173.78267,34.0 173.78267,34.0
;
109.76642,124.20075 109.76642,124.20075 104.85428,123.8425
93.241316,120.20356 86.546124,117.57495 75.349778,111.51465
99.167518,122.83912 97.905686,115.41746 101.86703,117.51272
120.10393,119.82917 109.76642,124.20075 109.76642,124.20075
109.76642,124.20075 109.76642,124.20075 109.76642,124.20075
;
322.85417,119.77707 322.85417,119.77707 316.69794,117.57736
307.3123,98.015858 321.87559,109.98756 321.88889,113.17796
323.70903,116.70147 322.85417,119.77707 322.85417,119.77707
322.85417,119.77707 322.85417,119.77707 322.85417,119.77707
;
230.70093,115.59058 230.70093,115.59058 225.33603,115.2937
219.46448,99.03205 209.78948,100.07017 195.68986,98.45547
207.12606,93.483329 214.76124,99.338299 218.68091,104.81094
230.55322,110.90821 230.70093,115.59058 230.70093,115.59058
230.70093,115.59058 230.70093,115.59058 230.70093,115.59058
;
301.5,110.0 301.5,110.0 298.47186,109.9121
294.37349,94.752133 287.0,102.05136 288.0283,97.754178
266.28844,95.361576 280.0,96.233565 288.09197,89.511313
292.41466,100.5632 302.18048,99.993511 299.66433,104.15357
302.5022,105.17121 301.5,110.0 301.5,110.0
301.5,110.0 301.5,110.0 301.5,110.0
;
172.80711,95.25 172.80711,95.25 174.97784,95.727966
154.31557,95.2445 160.95931,90.0 165.12522,83.692741
168.16469,96.66391 175.0,90.755111 176.17289,95.729783
171.90013,90.280857 172.80711,95.25 172.80711,95.25
172.80711,95.25 172.80711,95.25 172.80711,95.25
;
224.90638,93.0 224.90638,93.0 212.98053,81.749065
232.67606,88.580602 220.26976,79.861581 210.78892,75.452931
201.66864,68.916927 217.24707,75.132434 226.62819,73.828765
228.79908,75.475034 230.02218,82.263297 223.14883,89.699941
242.7328,93.712548 224.76674,89.0 224.12578,89.789102
227.46989,93.700769 224.90638,93.0 224.90638,93.0
224.90638,93.0 224.90638,93.0 224.90638,93.0
;
