74.116631,480.0 74.116631,480.0 49.411087,480.0
24.705544,480.0 0.0,480.0 -3.153386,467.75175
20.320256,478.98679 5.0,470.11633 -6.8287733,464.91503
12.059598,464.31869 6.0,461.0 8.9890026,457.13667
14.871121,443.26725 4.1132911,447.72022 -2.7893804,466.63346
1.2588869,441.52973 0.42032968,434.0 1.1704455,423.0413
-2.2942818,405.8167 8.0,401.0 5.5646259,396.77342
6.8914839,388.55838 8.9199247,381.5 13.029477,390.45123
6.2624533,372.08865 14.046917,369.0 17.965897,363.73224
22.112568,357.16377 22.163884,348.35434 24.209563,342.8841
25.125946,315.44296 21.0,328.40035 15.616788,335.21376
26.428595,297.00969 23.0,308.58333 21.398001,300.53943
22.108236,288.99267 20.644116,278.62582 22.338577,266.86733
14.637511,256.82637 18.881353,245.58453 22.033292,238.05299
28.530616,242.22344 21.0,234.44448 30.979327,228.98619
13.843249,225.84568 24.491641,217.79164 19.71729,219.99437
20.242914,210.63674 24.0,202.88197 22.831615,192.99028
26.617693,184.7935 29.000297,176.03888 28.493688,170.74391
30.753209,154.10261 30.766846,166.0 37.631998,160.91413
39.571042,173.96278 43.84882,164.42763 48.300041,152.40634
39.115143,165.66617 36.643484,160.55257 32.982432,152.71144
26.869882,137.80097 26.992948,133.57196 33.302346,119.42814
20.825014,131.34887 21.0,137.0 14.569192,134.30973
22.660025,119.47226 24.195966,112.2357 29.077453,101.6523
26.392434,105.1117 28.697747,97.031087 39.980308,96.674785
27.565758,89.332485 39.442352,81.22896 43.432687,69.16829
44.850603,65.336218 54.155846,58.0 61.188406,65.490139
60.713505,47.308569 69.394438,53.003059 78.180216,45.75954
76.21878,41.56668 71.5,35.5 69.577359,41.915086
57.27481,48.282991 63.078494,33.865726 62.880491,27.400513
77.446094,34.737945 70.5,25.168719 66.644076,21.152345
76.898109,9.2934234 73.614011,1.8493149 80.633718,0.1803434
85.425955,0.4294759 96.398336,0.0 102.11138,5.9860788
87.32848,10.267885 83.339932,15.881678 71.839718,9.8621015
85.516629,23.362906 76.0,30.0 78.690594,23.667994
93.982233,23.607 89.930902,19.542705 87.739777,15.650548
98.520708,19.570154 102.83719,6.8086368 106.47476,2.7633914
115.46741,-5.5423926 110.7544,5.749286 114.4866,11.776144
119.33067,-6.1141087 129.75621,0.00013775063 337.90068,0.1667585
546.04515,0.33337925 754.18962,0.5 758.91895,7.2220369
768.77924,0.3953221 756.79588,10.015746 760.13251,25.99501
749.417,4.1720796 744.84504,13.891646 745.36903,27.310827
755.19829,26.866631 759.90465,33.390539 764.01999,45.695934
768.53698,33.022611 768.5477,47.5 773.14475,57.391986
771.84038,75.392402 777.04107,88.183973 781.12932,101.24027
784.08002,114.61241 787.20182,126.5 795.55986,146.20518
795.6239,167.53317 803.16289,187.41563 805.47474,199.4768
812.63502,210.37222 810.90868,223.27391 817.07963,230.28454
814.63916,242.38188 821.0,250.35937 817.10713,258.42924
812.98344,242.19249 811.44728,237.55503 809.31051,221.35178
805.90736,205.76565 801.16446,190.5 799.69926,180.58189
790.20101,172.38625 792.26843,161.12606 791.24663,159.69826
794.88008,144.91715 784.50006,147.11067 773.28317,142.96189
780.83342,161.93869 781.15913,168.23196 785.73956,179.49928
783.39058,189.01104 783.31219,198.18895 785.08841,203.83091
796.96151,207.43475 788.00695,205.49563 781.40747,210.8204
798.48266,227.58727 788.45883,223.24484 777.83452,218.49962
783.74715,235.09832 775.91788,225.3291 772.38787,232.33939
772.61879,237.86897 774.80377,242.89504 783.105,237.65034
781.05033,236.49776 780.2266,248.53389 784.81854,254.86955
781.39094,266.56018 785.17413,274.77428 783.99931,268.94313
774.26324,266.90787 776.23127,281.34468 776.53659,291.38571
776.68648,301.4419 777.5,311.46127 780.17329,306.94845
787.36928,296.37524 785.71577,312.94152 776.79695,319.2132
785.71777,328.58783 781.31666,339.19956 780.91553,352.5609
779.98133,366.05263 778.0,379.11674 775.14802,386.77787
772.08714,395.05032 769.82094,403.5 768.97087,413.67012
764.04663,425.00273 764.80574,434.20574 763.27811,440.24169
779.12266,453.85914 768.98774,448.67893 762.74101,456.77619
760.1749,459.5245 757.31574,469.72216 757.21269,482.01327
747.18214,480.51141 735.12897,480.0 721.73994,480.0
708.35092,480.0 694.9619,480.0 698.71102,466.37408
701.36492,453.95698 706.33339,440.5 712.36695,415.46886
722.40745,391.71851 726.75642,366.0 728.44049,362.01101
729.58846,352.17645 732.03377,345.55522 737.57525,311.36076
736.5406,276.02446 733.48302,242.02748 732.8464,236.26074
730.85714,225.63697 730.74795,217.85582 728.03717,200.25475
724.63,181.78779 722.78116,163.7338 719.56679,149.01582
719.3472,133.37199 715.88196,119.0 709.05752,122.19182
717.39827,136.6655 715.54955,144.5 715.62585,155.42146
719.18498,165.41642 718.66853,175.27532 724.48068,218.41089
730.42619,261.71183 729.4942,305.36779 729.1743,333.51768
721.67393,360.99086 714.99312,387.96154 709.19631,399.66457
710.2496,412.95731 703.11685,423.8624 698.32021,442.99746
692.5171,460.35325 687.52362,480.0 510.08096,480.0
332.63831,480.0 155.19565,480.0 153.53572,466.19532
152.22014,471.56173 150.0,460.26972 138.83648,440.08766
144.01537,414.63307 147.93563,392.54076 145.36968,385.00638
152.88195,377.06984 151.71566,364.7097 153.09347,354.96341
152.84743,343.45392 160.27224,336.04177 149.81097,334.31068
149.85938,351.96094 147.5,358.81338 147.00882,369.33792
145.96588,380.67036 142.0,388.9373 141.82212,398.96737
139.91822,409.1734 138.35499,418.71643 133.45307,413.9407
137.26557,396.21915 136.39357,386.44583 128.81214,376.02532
134.57521,412.43029 129.55985,391.33807 126.67161,384.07644
124.27565,376.99695 127.5,368.5 138.88465,363.81222
121.10012,364.36733 123.42988,371.76321 124.6086,360.91361
126.20985,348.07368 131.42573,338.31884 132.74834,348.89084
132.03428,359.75551 136.96866,341.75141 143.16716,329.27667
134.37478,321.24179 138.50738,309.14092 142.41835,299.86801
144.8646,291.82436 145.0,282.44501 150.68788,271.85722
139.34276,284.20539 138.0,280.51357 134.16061,288.31082
130.82557,295.07812 131.03262,302.8618 129.65741,313.15766
121.97162,309.22826 126.0,314.09362 118.47124,316.97413
127.46109,326.11547 121.48852,334.99138 121.56882,342.65149
112.13255,358.22654 121.58272,357.35485 117.6112,364.7298
119.30992,372.5034 121.17406,380.98952 123.73524,385.29521
128.25356,414.63952 126.81263,403.27417 133.14202,428.64634
140.46136,454.66382 148.23331,480.0 123.52774,480.0
98.822171,480.0 74.116601,480.0 74.116601,480.0
74.116631,480.0 74.116631,480.0 74.116631,480.0
;
114.55902,479.0 114.55902,479.0 122.85381,468.39233
105.76173,474.34639 114.55902,479.0 114.55902,479.0
114.55902,479.0 114.55902,479.0 114.55902,479.0
;
51.608677,475.0 51.608677,475.0 62.56613,473.99147
60.842547,459.57338 58.098023,451.68536 64.756824,436.5222
48.278263,447.53733 51.417912,450.5499 56.934773,437.02498
42.977763,434.81381 45.0,449.83792 36.663873,454.85336
40.298294,480.04474 45.266288,463.75757 50.362759,457.32977
46.042732,476.65447 51.608677,475.0 51.608677,475.0
51.608677,475.0 51.608677,475.0 51.608677,475.0
;
113.75,471.92105 113.75,471.92105 120.78664,462.30955
101.95498,467.80337 113.75,471.92105 113.75,471.92105
113.75,471.92105 113.75,471.92105 113.75,471.92105
;
469.25,470.93232 469.25,470.93232 473.77179,462.78506
454.08173,466.15499 469.25,470.93232 469.25,470.93232
469.25,470.93232 469.25,470.93232 469.25,470.93232
;
66.356989,466.89451 66.356989,466.89451 70.744441,462.9818
67.740285,442.29149 60.874345,458.14367 63.901432,461.38189
59.474993,464.3834 66.356989,466.89451 66.356989,466.89451
66.356989,466.89451 66.356989,466.89451 66.356989,466.89451
;
113.4784,462.67887 113.4784,462.67887 121.34224,454.29033
99.770221,457.48761 113.4784,462.67887 113.4784,462.67887
113.4784,462.67887 113.4784,462.67887 113.4784,462.67887
;
33.432612,460.0 33.432612,460.0 39.352814,458.36582
36.683256,436.08339 36.151055,442.78013 45.550816,430.79582
25.001833,436.97577 33.818975,444.0 33.689717,447.76936
27.155017,460.23117 33.432612,460.0 33.432612,460.0
33.432612,460.0 33.432612,460.0 33.432612,460.0
;
426.09615,458.64515 426.09615,458.64515 439.70473,457.83776
417.64106,449.50728 421.85676,458.79029 423.26989,458.74189
424.68302,458.69349 426.09615,458.64515 426.09615,458.64515
426.09615,458.64515 426.09615,458.64515 426.09615,458.64515
;
367.96022,454.0 367.96022,454.0 380.79668,453.88871
372.90785,429.56165 369.0,445.0 378.65769,450.40309
354.01287,445.88813 367.96022,454.0 367.96022,454.0
367.96022,454.0 367.96022,454.0 367.96022,454.0
;
112.75,451.92105 112.75,451.92105 118.89391,444.82823
101.36712,448.80197 112.75,451.92105 112.75,451.92105
112.75,451.92105 112.75,451.92105 112.75,451.92105
;
423.5,452.0 423.5,452.0 431.80621,440.66336
409.02441,445.33997 423.5,452.0 423.5,452.0
423.5,452.0 423.5,452.0 423.5,452.0
;
761.23504,450.75499 761.23504,450.75499 770.83504,439.17179
754.86553,443.54708 761.23504,450.75499 761.23504,450.75499
761.23504,450.75499 761.23504,450.75499 761.23504,450.75499
;
319.96862,450.0 319.96862,450.0 322.81851,440.15058
319.87772,425.23462 325.0816,414.3449 320.16401,400.17899
318.16241,425.54948 317.16584,430.81379 317.69951,451.07194
310.84621,436.20648 313.15823,425.14527 318.96869,415.64994
313.03709,399.93059 309.50677,415.97035 306.96752,425.42918
305.17027,426.06976 308.87136,434.5 311.92995,444.1549
313.61829,445.36379 319.96862,450.0 319.96862,450.0
319.96862,450.0 319.96862,450.0 319.96862,450.0
;
15.458849,444.79218 15.458849,444.79218 23.942662,439.1687
12.159458,432.93743 12.708849,444.37552 13.238867,445.67491
14.454415,444.91672 15.458849,444.79218 15.458849,444.79218
15.458849,444.79218 15.458849,444.79218 15.458849,444.79218
;
4.3282335,444.0 4.3282335,444.0 17.842365,436.70002
-6.0405619,433.31345 4.3282335,444.0 4.3282335,444.0
4.3282335,444.0 4.3282335,444.0 4.3282335,444.0
;
59.968615,440.0 59.968615,440.0 69.184356,433.73503
48.550123,428.64882 57.470404,436.04789 56.070667,437.0623
57.742976,441.67408 59.968615,440.0 59.968615,440.0
59.968615,440.0 59.968615,440.0 59.968615,440.0
;
11.242232,437.80719 11.242232,437.80719 20.980777,433.30658
5.4169858,425.90268 4.0,430.95937 4.5837004,435.63897
8.7744045,434.18457 11.242232,437.80719 11.242232,437.80719
11.242232,437.80719 11.242232,437.80719 11.242232,437.80719
;
112.5,437.0 112.5,437.0 120.00818,428.16755
105.78738,425.66467 112.5,437.0 112.5,437.0
112.5,437.0 112.5,437.0 112.5,437.0
;
37.090402,433.0 37.090402,433.0 47.605561,435.0456
48.125434,421.14352 36.17448,426.94843 34.88416,429.01148
32.243162,433.76951 37.090402,433.0 37.090402,433.0
37.090402,433.0 37.090402,433.0 37.090402,433.0
;
11.480948,426.0 11.480948,426.0 16.400739,421.75846
18.653295,411.70099 20.996363,402.63721 28.848712,389.83344
11.181963,385.96122 19.000007,397.21398 17.711911,402.20897
7.4568288,408.17026 11.535956,412.95707 14.00568,417.413
4.2149287,425.88207 11.480948,426.0 11.480948,426.0
11.480948,426.0 11.480948,426.0 11.480948,426.0
;
635.55902,416.0 635.55902,416.0 648.00935,408.73029
621.45077,409.07013 635.55902,416.0 635.55902,416.0
635.55902,416.0 635.55902,416.0 635.55902,416.0
;
629.0,409.66667 629.0,409.66667 647.09033,407.39908
613.24697,404.68952 629.0,409.66667 629.0,409.66667
629.0,409.66667 629.0,409.66667 629.0,409.66667
;
11.219213,400.0 11.219213,400.0 24.614903,390.70566
2.0714681,388.07206 11.219213,400.0 11.219213,400.0
11.219213,400.0 11.219213,400.0 11.219213,400.0
;
17.190983,383.884 17.190983,383.884 25.867829,375.89226
3.3535335,381.51466 17.190983,383.884 17.190983,383.884
17.190983,383.884 17.190983,383.884 17.190983,383.884
;
770.89773,384.0 770.89773,384.0 781.11779,381.03468
773.35407,364.71513 778.28374,356.81821 771.59319,338.97023
764.76257,358.59808 767.06453,368.3859 767.51379,372.4125
764.24935,384.9081 770.89773,384.0 770.89773,384.0
770.89773,384.0 770.89773,384.0 770.89773,384.0
;
132.39156,379.70281 132.39156,379.70281 133.09615,374.89685
146.83336,362.24121 135.73002,364.2211 133.49056,366.19149
127.9641,379.67759 132.39156,379.70281 132.39156,379.70281
132.39156,379.70281 132.39156,379.70281 132.39156,379.70281
;
92.806424,370.0 92.806424,370.0 102.74016,360.59241
88.529885,358.49891 92.806424,370.0 92.806424,370.0
92.806424,370.0 92.806424,370.0 92.806424,370.0
;
22.3,367.0 22.3,367.0 36.777605,359.61604
14.444153,356.61469 21.959369,367.0 21.959369,367.0
22.3,367.0 22.3,367.0 22.3,367.0
;
89.5,364.97321 89.5,364.97321 91.983583,361.50651
99.318133,349.64601 94.744118,348.00016 91.953736,347.0252
81.774499,366.36175 89.5,364.97321 89.5,364.97321
89.5,364.97321 89.5,364.97321 89.5,364.97321
;
143.11331,364.42997 143.11331,364.42997 148.89659,350.9166
134.27426,361.26042 143.11331,364.42997 143.11331,364.42997
143.11331,364.42997 143.11331,364.42997 143.11331,364.42997
;
31.059017,359.0 31.059017,359.0 43.938178,353.13821
23.025218,350.01296 31.059017,359.0 31.059017,359.0
31.059017,359.0 31.059017,359.0 31.059017,359.0
;
139.28168,356.0 139.28168,356.0 143.79021,350.14324
143.99014,339.14505 146.0,332.0 138.86496,337.12972
139.83801,346.7926 138.0,351.35937 138.64077,352.56778
136.57097,356.99008 139.28168,356.0 139.28168,356.0
139.28168,356.0 139.28168,356.0 139.28168,356.0
;
526.66426,352.0 526.66426,352.0 539.78424,344.87444
517.87391,345.35985 526.66426,352.0 526.66426,352.0
526.66426,352.0 526.66426,352.0 526.66426,352.0
;
94.440983,347.0 94.440983,347.0 103.89973,335.16752
90.580941,339.60588 94.440983,347.0 94.440983,347.0
94.440983,347.0 94.440983,347.0 94.440983,347.0
;
100.5,347.0 100.5,347.0 110.30206,343.2453
92.316974,342.28367 99.959369,347.0 99.959369,347.0
100.5,347.0 100.5,347.0 100.5,347.0
;
772.9349,347.0 772.9349,347.0 785.99688,344.68595
773.91386,333.77145 780.70297,329.10297 772.6579,323.74645
769.47448,334.37612 771.77918,344.48989 772.32148,345.15446
771.05108,347.79975 772.9349,347.0 772.9349,347.0
772.9349,347.0 772.9349,347.0 772.9349,347.0
;
97.898502,338.0 97.898502,338.0 108.58875,324.53984
91.466699,328.34065 97.898502,338.0 97.898502,338.0
97.898502,338.0 97.898502,338.0 97.898502,338.0
;
31.615223,333.0 31.615223,333.0 42.217283,327.17429
21.938143,314.54923 31.27019,328.93876 29.212754,328.7966
26.706232,334.54916 31.615223,333.0 31.615223,333.0
31.615223,333.0 31.615223,333.0 31.615223,333.0
;
152.53135,329.0 152.53135,329.0 160.51939,321.68592
148.01683,316.58722 151.78317,329.0 151.78317,329.0
152.53134,329.0 152.53134,329.0 152.53134,329.0
152.53135,329.0 152.53135,329.0 152.53135,329.0
;
101.90525,327.55856 101.90525,327.55856 103.35702,322.99735
110.74486,326.93289 113.0,322.0 108.60547,318.87458
105.3742,319.1017 104.84648,306.38279 97.723235,299.62391
105.34432,316.04818 101.36681,322.36757 102.09903,322.93817
99.107238,330.57327 101.90525,327.55856 101.90525,327.55856
101.90525,327.55856 101.90525,327.55856 101.90525,327.55856
;
54.5,320.57377 54.5,320.57377 61.142755,314.00254
64.037551,310.09294 67.597321,300.71097 65.552411,295.39234
55.430823,309.62721 52.0,316.29954 46.041399,317.77523
47.320086,322.66514 54.5,320.57377 54.5,320.57377
54.5,320.57377 54.5,320.57377 54.5,320.57377
;
768.46862,320.0 768.46862,320.0 797.15943,318.89133
750.52175,311.53303 768.46862,320.0 768.46862,320.0
768.46862,320.0 768.46862,320.0 768.46862,320.0
;
39.5,318.0 39.5,318.0 48.315176,307.66647
34.657567,311.7952 39.5,318.0 39.5,318.0
39.5,318.0 39.5,318.0 39.5,318.0
;
69.5,318.0 69.5,318.0 72.726846,316.67228
80.722351,305.43899 77.885564,301.0 74.522048,310.74727
66.715772,309.53689 66.0,318.0 66.0,318.0
67.959369,318.0 67.959369,318.0 67.959369,318.0
69.5,318.0 69.5,318.0 69.5,318.0
;
32.25,315.884 32.25,315.884 29.930922,314.23063
39.324274,299.59238 26.0,302.0 33.92876,309.14171
22.584445,311.21154 32.25,315.884 32.25,315.884
32.25,315.884 32.25,315.884 32.25,315.884
;
45.2,308.2 45.2,308.2 45.681682,302.61286
46.868139,303.25477 48.634412,292.39013 51.531289,276.01309
41.935044,299.61885 41.48899,304.00914 36.196212,310.75838
45.637747,305.98879 45.2,308.2 45.2,308.2
45.2,308.2 45.2,308.2 45.2,308.2
;
73.167579,303.0 73.167579,303.0 77.966194,295.6534
77.199456,282.10455 85.323426,274.66338 90.517495,269.35784
97.459093,248.837 88.97316,265.0 83.744096,271.91819
76.097869,279.16975 71.827584,287.1656 77.921792,288.78138
68.687224,301.35304 73.167579,303.0 73.167579,303.0
73.167579,303.0 73.167579,303.0 73.167579,303.0
;
67.577259,296.75 67.577259,296.75 72.66271,294.8058
59.71426,289.8737 71.94103,283.31621 73.775903,275.3682
70.831057,280.84295 68.542918,271.52576 54.662976,264.60373
72.461517,277.971 61.25,280.6 46.085177,287.21356
65.878269,283.11505 55.0,290.08361 60.428747,295.91646
62.281163,289.09825 67.577259,296.75 67.577259,296.75
67.577259,296.75 67.577259,296.75 67.577259,296.75
;
120.5,295.0 120.5,295.0 140.51401,290.83716
107.45902,288.76501 120.5,295.0 120.5,295.0
120.5,295.0 120.5,295.0 120.5,295.0
;
31.87617,294.0 31.87617,294.0 32.457648,291.17312
45.366087,277.13279 33.995493,280.5048 30.636814,282.80676
30.083824,292.23826 31.87617,294.0 31.87617,294.0
31.87617,294.0 31.87617,294.0 31.87617,294.0
;
649.51353,293.0 649.51353,293.0 652.18714,290.39551
639.16068,269.89944 650.7576,282.09894 656.90986,279.91719
664.52071,287.94921 664.39301,280.58179 655.58469,276.13709
671.53522,275.19634 669.0,275.36067 656.49344,267.7075
673.84743,268.12399 670.95819,260.3169 660.7806,251.30027
684.15496,254.6395 668.14286,250.0 656.89056,256.25265
668.2801,242.32592 675.49445,242.60458 685.03304,232.83176
663.19137,243.86442 658.59204,246.14607 649.05489,249.96963
640.98984,251.73384 631.50499,251.18291 623.74498,253.36902
614.5506,251.29697 604.61766,251.61993 576.44991,253.18225
548.19578,242.42168 520.5,250.73546 513.03452,246.15842
499.0751,252.33733 500.95485,260.96123 506.08362,257.16286
517.41218,251.34535 527.49997,253.19418 519.60144,254.64008
501.82563,260.23325 519.65932,259.46114 530.92509,255.46054
536.75996,251.81044 549.11665,252.9827 573.76615,253.6455
598.44804,258.49223 623.51481,256.36252 635.39501,256.68932
647.37675,256.01351 658.39187,251.13935 669.72128,257.37819
646.49015,252.16348 656.99997,259.80697 653.40492,257.0424
645.34055,267.95815 656.90387,264.29279 657.05001,261.86968
655.47905,277.05047 653.67137,271.20614 647.4216,265.88825
641.45457,264.52014 637.04007,272.82321 631.27025,270.53025
627.1334,260.78415 621.006,266.56542 623.43917,273.42597
632.99012,274.44852 635.25002,276.98465 631.31374,284.83437
643.97662,281.44403 644.71124,285.01535 648.99,291.58637
636.12435,286.08207 649.51358,293.0 649.51358,293.0
649.51353,293.0 649.51353,293.0 649.51353,293.0
;
117.69435,288.0 117.69435,288.0 129.48525,285.93531
119.51915,270.687 119.20028,283.13307 117.11617,284.6719
113.61111,286.05998 117.69435,288.0 117.69435,288.0
117.69435,288.0 117.69435,288.0 117.69435,288.0
;
205.48251,286.0 205.48251,286.0 211.0203,285.33051
216.11446,273.84065 220.19964,280.87123 230.45419,273.44027
221.71588,286.84576 229.89392,279.76135 238.20957,265.96764
232.0481,283.00379 239.47707,273.96239 235.19674,287.97241
246.55327,274.89864 248.99992,277.49937 253.18674,283.60884
259.6659,270.16689 262.99992,274.82396 265.00714,285.42504
271.92975,271.3792 266.07006,269.86832 267.30342,264.92106
256.80069,257.16307 255.99992,265.49937 252.42871,276.51519
256.05292,250.25164 248.99992,261.99937 249.05432,260.06673
234.34265,256.30904 234.02266,264.80839 230.97148,265.70687
223.99928,261.39041 219.99986,260.86459 212.20054,259.26696
209.28631,266.63056 206.20456,264.31412 202.17693,267.12102
209.75727,253.53386 198.99986,262.99937 196.62076,255.77108
183.77257,265.56923 178.97072,271.35531 171.21319,274.93618
188.69576,279.03715 192.26861,269.49937 193.66812,275.98707
198.77646,277.75302 199.42473,281.99934 208.88138,268.59439
198.79052,286.36819 205.48251,286.0 205.48251,286.0
205.48251,286.0 205.48251,286.0 205.48251,286.0
;
587.482,284.0 587.482,284.0 590.54138,268.18469
587.18063,279.05797 596.18528,281.21472 588.68332,268.878
602.02209,285.61349 609.01954,277.55065 615.18811,288.33042
620.21072,267.67907 609.76678,268.00005 610.95313,287.01059
600.01353,261.0089 600.51105,269.00919 603.05358,286.40256
596.73955,257.8758 594.11444,265.433 592.4967,279.04681
592.73648,253.24402 588.00004,264.00008 584.88835,256.20941
583.65034,270.60501 577.09872,260.46876 578.85664,269.13899
561.76397,264.96698 571.8676,270.09283 570.96681,279.80925
567.89724,279.82237 578.00004,276.00008 578.42765,260.18567
580.61091,269.395 583.00007,278.20008 585.30039,279.39713
585.197,283.09312 587.482,284.0 587.482,284.0
587.482,284.0 587.482,284.0 587.482,284.0
;
30.932692,282.5416 30.932692,282.5416 29.956896,269.02834
32.142278,276.93677 35.222222,273.0 43.570945,267.75327
37.297673,260.60379 33.015313,264.68426 36.529327,256.52306
32.46533,250.91108 34.678625,241.42483 35.002647,232.90713
29.38228,238.9384 36.248865,230.93978 46.672726,228.91821
39.625808,224.35046 32.118897,226.84218 22.968569,227.87462
35.018041,229.36227 24.860477,236.01496 29.282921,243.87086
23.217777,251.35996 17.904929,254.1251 26.700205,258.20854
18.859229,266.01526 27.781029,268.41685 27.366717,272.97231
26.186994,281.53391 30.932692,282.5416 30.932692,282.5416
30.932692,282.5416 30.932692,282.5416 30.932692,282.5416
;
626.64217,282.0 626.64217,282.0 631.66914,273.23043
615.2903,272.89555 626.64217,282.0 626.64217,282.0
626.64217,282.0 626.64217,282.0 626.64217,282.0
;
110.25,277.44316 110.25,277.44316 122.80881,265.15905
98.604255,268.97975 110.25,277.44316 110.25,277.44316
110.25,277.44316 110.25,277.44316 110.25,277.44316
;
351.06287,275.81238 351.06287,275.81238 356.15478,265.51178
345.23056,270.87978 351.06287,275.81238 351.06287,275.81238
351.06287,275.81238 351.06287,275.81238 351.06287,275.81238
;
276.75,274.92105 276.75,274.92105 285.85261,267.46973
271.82078,259.50789 273.0,273.83333 274.25341,274.18088
275.36226,275.16528 276.75,274.92105 276.75,274.92105
276.75,274.92105 276.75,274.92105 276.75,274.92105
;
291.23555,275.00005 291.23555,275.00005 304.89238,270.00854
286.48355,269.2349 291.23555,275.00005 291.23555,275.00005
291.23555,275.00005 291.23555,275.00005 291.23555,275.00005
;
562.75,274.98469 562.75,274.98469 570.85784,269.95051
557.41733,259.4391 558.40332,269.12077 558.50202,272.15895
559.00682,275.17517 562.75,274.98469 562.75,274.98469
562.75,274.98469 562.75,274.98469 562.75,274.98469
;
619.94098,274.99999 619.94098,274.99999 627.43709,269.34061
605.68627,260.24402 616.11341,272.0 622.05408,270.40096
616.72138,274.94615 619.94098,274.99999 619.94098,274.99999
619.94098,274.99999 619.94098,274.99999 619.94098,274.99999
;
125.0,269.0 125.0,269.0 129.37875,266.81052
132.85194,247.10643 128.0,259.51891 123.38848,260.27191
122.55887,267.11474 125.0,269.0 125.0,269.0
125.0,269.0 125.0,269.0 125.0,269.0
;
292.96482,269.0 292.96482,269.0 302.14656,262.25755
287.46551,260.62516 292.96482,269.0 292.96482,269.0
292.96482,269.0 292.96482,269.0 292.96482,269.0
;
179.90677,268.0 179.90677,268.0 183.72553,256.49433
190.88107,261.79049 188.0,257.0 186.79035,247.16436
175.14707,264.5161 179.90677,268.0 179.90677,268.0
179.90677,268.0 179.90677,268.0 179.90677,268.0
;
530.07143,268.0 530.07143,268.0 540.75481,263.30112
523.81607,256.07439 528.99999,268.0 528.99999,268.0
530.07142,268.0 530.07142,268.0 530.07142,268.0
530.07143,268.0 530.07143,268.0 530.07143,268.0
;
290.05902,266.0 290.05902,266.0 294.09577,259.19962
273.91971,261.41976 287.88197,264.0 288.66534,264.56321
288.5815,266.68183 290.05902,266.0 290.05902,266.0
290.05902,266.0 290.05902,266.0 290.05902,266.0
;
327.97307,265.0 327.97307,265.0 335.21888,260.51346
327.99907,248.17889 322.03446,243.65884 310.95944,250.02927
333.01928,252.70336 326.38462,263.92418 326.38462,263.92418
326.38462,265.0 326.38462,265.0 326.38462,265.0
327.97307,265.0 327.97307,265.0 327.97307,265.0
;
294.60526,261.8375 294.60526,261.8375 303.6953,252.0188
287.62457,256.68546 294.60526,261.8375 294.60526,261.8375
294.60526,261.8375 294.60526,261.8375 294.60526,261.8375
;
52.75,260.98233 52.75,260.98233 62.127655,251.83381
53.530374,243.85082 52.0,259.02024 53.677349,258.21288
50.704651,262.1665 52.75,260.98233 52.75,260.98233
52.75,260.98233 52.75,260.98233 52.75,260.98233
;
321.22251,261.0 321.22251,261.0 323.72318,255.76627
309.76377,254.8233 319.82737,260.56738 319.82737,260.56738
320.44501,261.0 320.44501,261.0 320.44501,261.0
321.22251,261.0 321.22251,261.0 321.22251,261.0
;
65.883369,260.0 65.883369,260.0 71.604126,259.929
75.089795,250.70012 78.0,242.93215 76.592976,230.86597
71.005828,256.8541 67.559017,254.0 65.792954,252.4732
63.793868,261.09205 65.883369,260.0 65.883369,260.0
65.883369,260.0 65.883369,260.0 65.883369,260.0
;
98.75,259.68208 98.75,259.68208 109.61585,254.30281
88.073133,255.72929 98.75,259.68208 98.75,259.68208
98.75,259.68208 98.75,259.68208 98.75,259.68208
;
309.05,256.85017 309.05,256.85017 319.93481,249.34898
292.33383,255.21508 308.5,256.70034 308.5,256.70034
309.05,256.85017 309.05,256.85017 309.05,256.85017
;
240.91734,255.69 240.91734,255.69 258.30572,253.49332
277.52376,257.20125 295.437,253.53841 314.11977,251.38888
291.09318,248.70302 283.62249,250.29754 273.10064,249.6022
261.73393,250.70688 252.21017,249.15984 243.34204,249.85356
235.6384,244.14914 225.62369,250.34146 221.96309,246.65539
208.08101,248.62141 199.66555,245.54781 193.35183,248.30443
172.02794,233.00624 178.26949,244.34146 188.92683,250.09935
201.53587,251.89725 212.66914,254.04937 219.99683,255.88779
234.45447,252.95304 235.60819,251.46143 227.11927,255.65795
235.69539,256.68468 240.91734,255.69 240.91734,255.69
240.91734,255.69 240.91734,255.69 240.91734,255.69
;
309.01491,251.78136 309.01491,251.78136 323.83505,246.84815
293.35871,248.74366 309.01491,251.78136 309.01491,251.78136
309.01491,251.78136 309.01491,251.78136 309.01491,251.78136
;
79.75,250.98635 79.75,250.98635 86.292744,250.85031
89.08457,241.38709 85.929632,235.0 82.118713,235.81456
78.104072,248.39729 79.75,250.98635 79.75,250.98635
79.75,250.98635 79.75,250.98635 79.75,250.98635
;
522.15808,247.50954 522.15808,247.50954 537.02236,244.62471
533.17956,238.62941 520.72411,244.44462 520.59476,245.87537
517.8833,250.30607 522.15808,247.50954 522.15808,247.50954
522.15808,247.50954 522.15808,247.50954 522.15808,247.50954
;
49.402007,246.0 49.402007,246.0 59.408189,235.18817
41.042821,236.92348 49.402007,246.0 49.402007,246.0
49.402007,246.0 49.402007,246.0 49.402007,246.0
;
101.83489,244.0 101.83489,244.0 109.89509,241.06346
112.026,231.31548 102.16079,238.51119 102.60024,239.70842
99.189051,244.65438 101.83489,244.0 101.83489,244.0
101.83489,244.0 101.83489,244.0 101.83489,244.0
;
92.142536,242.61465 92.142536,242.61465 103.40461,237.00439
80.69668,237.51467 92.142536,242.61465 92.142536,242.61465
92.142536,242.61465 92.142536,242.61465 92.142536,242.61465
;
145.5,243.0 145.5,243.0 151.85039,234.24182
144.65279,230.76666 144.0,243.0 144.0,243.0
145.5,243.0 145.5,243.0 145.5,243.0
;
139.8081,242.0 139.8081,242.0 144.53694,237.84689
152.49954,223.14759 144.5,219.5 144.12892,227.27563
136.80438,236.05291 139.80842,242.0 139.80842,242.0
139.8081,242.0 139.8081,242.0 139.8081,242.0
;
63.059017,241.0 63.059017,241.0 69.640715,232.051
58.993984,228.3003 62.118034,241.0 62.118034,241.0
63.059017,241.0 63.059017,241.0 63.059017,241.0
;
178.0,239.0 178.0,239.0 184.67284,232.08539
177.85575,214.89317 176.37997,233.0 176.41197,234.47347
175.35278,239.37546 178.0,239.0 178.0,239.0
178.0,239.0 178.0,239.0 178.0,239.0
;
80.402175,236.0 80.402175,236.0 90.296386,226.89269
76.512363,224.69504 80.402175,236.0 80.402175,236.0
80.402175,236.0 80.402175,236.0 80.402175,236.0
;
346.46862,236.0 346.46862,236.0 354.82343,228.90732
336.92399,230.65967 346.46862,236.0 346.46862,236.0
346.46862,236.0 346.46862,236.0 346.46862,236.0
;
197.75,232.5426 197.75,232.5426 216.67136,223.00691
185.76888,231.09031 197.75,232.5426 197.75,232.5426
197.75,232.5426 197.75,232.5426 197.75,232.5426
;
64.516939,230.0 64.516939,230.0 68.75104,224.36958
72.074255,215.72413 75.218233,212.09578 75.884766,209.59076
87.805976,194.59129 77.665631,195.0 72.764671,205.48381
67.520932,218.34592 63.247855,230.0 63.247855,230.0
64.516939,230.0 64.516939,230.0 64.516939,230.0
;
93.12868,227.9682 93.12868,227.9682 105.44371,214.76099
79.151314,223.21818 93.12868,227.9682 93.12868,227.9682
93.12868,227.9682 93.12868,227.9682 93.12868,227.9682
;
58.239076,226.0 58.239076,226.0 63.950726,214.224
50.764174,217.51068 58.239076,226.0 58.239076,226.0
58.239076,226.0 58.239076,226.0 58.239076,226.0
;
33.381264,224.60968 33.381264,224.60968 43.87515,222.91845
28.597556,207.57809 30.0,222.94769 29.844687,224.59533
31.987117,225.50837 33.381264,224.60968 33.381264,224.60968
33.381264,224.60968 33.381264,224.60968 33.381264,224.60968
;
151.38337,225.0 151.38337,225.0 160.6261,214.79078
145.97883,218.38558 151.38337,225.0 151.38337,225.0
151.38337,225.0 151.38337,225.0 151.38337,225.0
;
176.05017,224.46899 176.05017,224.46899 176.7834,214.16202
178.07231,204.21088 183.82243,194.75868 188.66512,175.17089
187.14906,191.21784 190.3341,191.12083 191.06955,177.90946
203.53919,190.67486 204.0,180.78602 201.99627,176.02207
190.72196,185.0762 195.0,176.87396 195.0868,169.82871
186.31405,181.91868 182.0,186.46427 179.26359,199.1138
166.90709,211.89632 175.10035,225.05602 175.10035,225.05602
176.05017,224.46899 176.05017,224.46899 176.05017,224.46899
;
161.07805,222.80732 161.07805,222.80732 170.69233,207.67981
155.98515,215.07042 161.07805,222.80732 161.07805,222.80732
161.07805,222.80732 161.07805,222.80732 161.07805,222.80732
;
773.39913,222.0 773.39913,222.0 783.59839,219.72702
778.23348,204.58012 773.37403,202.1967 768.736,201.46282
769.89446,220.76612 773.39913,222.0 773.39913,222.0
773.39913,222.0 773.39913,222.0 773.39913,222.0
;
38.867887,218.0 38.867887,218.0 51.107288,214.25011
31.285005,205.20703 38.867887,218.0 38.867887,218.0
38.867887,218.0 38.867887,218.0 38.867887,218.0
;
51.491526,215.0 51.491526,215.0 56.346105,214.54575
60.334564,205.73535 55.162603,205.66773 52.853712,204.6669
49.144683,216.20942 51.491526,215.0 51.491526,215.0
51.491526,215.0 51.491526,215.0 51.491526,215.0
;
61.075,213.80833 61.075,213.80833 68.855056,205.59974
57.441837,205.5198 61.075,213.80833 61.075,213.80833
61.075,213.80833 61.075,213.80833 61.075,213.80833
;
30.913632,211.06825 30.913632,211.06825 35.499032,202.77055
34.041482,192.06582 35.5,182.69523 29.484469,185.35651
27.19757,199.78542 27.912741,206.65159 28.993218,208.38761
27.647435,217.57144 30.913632,211.06825 30.913632,211.06825
30.913632,211.06825 30.913632,211.06825 30.913632,211.06825
;
47.581787,212.60699 47.581787,212.60699 60.307266,204.51808
40.606605,204.21524 47.581787,212.60699 47.581787,212.60699
47.581787,212.60699 47.581787,212.60699 47.581787,212.60699
;
43.798257,205.6341 43.798257,205.6341 49.216215,189.05015
27.807582,210.55798 43.798257,205.6341 43.798257,205.6341
43.798257,205.6341 43.798257,205.6341 43.798257,205.6341
;
99.647615,206.0 99.647615,206.0 111.66616,198.44113
89.292758,200.9381 99.292702,206.0 99.292702,206.0
99.647615,206.0 99.647615,206.0 99.647615,206.0
;
65.383369,202.0 65.383369,202.0 73.409441,190.95199
61.790398,197.14816 65.383369,202.0 65.383369,202.0
65.383369,202.0 65.383369,202.0 65.383369,202.0
;
91.035771,200.47789 91.035771,200.47789 102.06835,189.02483
89.426689,190.18263 96.680537,183.25921 101.58491,169.37633
85.972284,188.16988 90.25,192.26036 94.008178,192.01518
85.593732,201.89747 91.035771,200.47789 91.035771,200.47789
91.035771,200.47789 91.035771,200.47789 91.035771,200.47789
;
775.07755,200.0 775.07755,200.0 785.5972,190.68433
760.73121,186.95786 774.11453,200.0 774.11453,200.0
775.07761,200.0 775.07761,200.0 775.07761,200.0
775.07755,200.0 775.07755,200.0 775.07755,200.0
;
224.09301,198.0 224.09301,198.0 241.18108,189.46964
202.95782,186.75964 224.09301,198.0 224.09301,198.0
224.09301,198.0 224.09301,198.0 224.09301,198.0
;
160.87134,196.57952 160.87134,196.57952 174.02008,178.07709
154.39905,189.47824 160.87134,196.57952 160.87134,196.57952
160.87134,196.57952 160.87134,196.57952 160.87134,196.57952
;
81.339485,193.0 81.339485,193.0 93.216791,182.85168
78.175982,184.75383 81.339485,193.0 81.339485,193.0
81.339485,193.0 81.339485,193.0 81.339485,193.0
;
763.67273,192.0 763.67273,192.0 776.03049,189.78004
758.23367,172.88653 762.0,188.83643 763.02984,189.20389
762.11683,192.39788 763.67273,192.0 763.67273,192.0
763.67273,192.0 763.67273,192.0 763.67273,192.0
;
236.0,191.0 236.0,191.0 246.08675,182.74243
227.49047,183.41569 236.0,191.0 236.0,191.0
236.0,191.0 236.0,191.0 236.0,191.0
;
45.440983,188.0 45.440983,188.0 55.731003,185.64175
36.981401,182.7833 44.959369,188.0 44.959369,188.0
45.440983,188.0 45.440983,188.0 45.440983,188.0
;
658.86619,188.0 658.86619,188.0 670.25132,181.5802
650.76494,179.49424 658.86619,188.0 658.86619,188.0
658.86619,188.0 658.86619,188.0 658.86619,188.0
;
357.77211,185.79842 357.77211,185.79842 369.25953,178.88896
346.9428,176.09818 357.77211,185.79842 357.77211,185.79842
357.77211,185.79842 357.77211,185.79842 357.77211,185.79842
;
651.40451,182.50065 651.40451,182.50065 666.07277,180.09562
646.03377,173.00672 643.0,180.18195 641.40394,185.73801
648.82681,182.66781 651.40451,182.50065 651.40451,182.50065
651.40451,182.50065 651.40451,182.50065 651.40451,182.50065
;
470.24507,182.44475 470.24507,182.44475 479.2825,176.85205
458.08844,172.91912 465.40298,180.39882 468.61343,177.65774
466.15787,186.37088 470.24507,182.44475 470.24507,182.44475
470.24507,182.44475 470.24507,182.44475 470.24507,182.44475
;
36.341641,181.71992 36.341641,181.71992 44.172191,170.83318
38.17022,170.9403 32.5,169.66573 33.85353,173.04281
32.86911,180.10339 36.341641,181.71992 36.341641,181.71992
36.341641,181.71992 36.341641,181.71992 36.341641,181.71992
;
664.60157,182.0 664.60157,182.0 679.81749,178.25543
658.5711,169.99047 664.33333,182.0 664.33333,182.0
664.60157,182.0 664.60157,182.0 664.60157,182.0
;
371.0089,179.34567 371.0089,179.34567 382.94731,170.25235
357.2222,182.4318 371.0089,179.34567 371.0089,179.34567
371.0089,179.34567 371.0089,179.34567 371.0089,179.34567
;
677.25,180.5048 677.25,180.5048 686.05486,180.23893
695.71811,171.77972 680.86662,174.07637 675.78823,172.81944
670.65774,183.27099 677.25,180.5048 677.25,180.5048
677.25,180.5048 677.25,180.5048 677.25,180.5048
;
361.42535,177.85197 361.42535,177.85197 358.60797,170.27063
369.16182,165.47804 359.78602,168.0 353.06025,164.0828
355.11311,180.82544 361.42535,177.85197 361.42535,177.85197
361.42535,177.85197 361.42535,177.85197 361.42535,177.85197
;
627.30939,179.0 627.30939,179.0 643.47594,174.85416
659.81285,172.90633 675.6226,167.74803 688.17131,167.83903
702.52327,167.25036 716.32911,167.5 714.53918,158.52199
697.32184,169.56331 692.3081,162.60909 709.16788,161.20946
691.71093,156.80216 683.0,156.06445 689.40452,150.31972
682.34403,143.66807 675.06574,145.0 669.71157,147.93099
666.71738,146.60085 660.26425,150.00032 652.19672,143.63588
649.48563,152.50118 655.98369,155.49024 652.1189,156.37847
649.83472,165.49898 661.97279,164.30492 672.72854,171.94244
648.74116,163.36971 655.12244,170.00031 650.41347,169.13951
641.95183,168.82067 634.25,173.77599 634.3365,176.29639
629.15076,166.88019 627.30939,179.0 627.30939,179.0
627.30939,179.0 627.30939,179.0 627.30939,179.0
;
671.5,162.9144 671.5,162.9144 663.20826,158.65635
676.8451,155.10055 671.67494,162.14028 675.43969,163.0679
672.80712,162.87763 671.5,162.9144 671.5,162.9144
671.5,162.9144 671.5,162.9144 671.5,162.9144
;
666.57642,156.57192 666.57642,156.57192 657.18993,152.8662
679.40488,152.96688 666.57642,156.57192 666.57642,156.57192
666.57642,156.57192 666.57642,156.57192 666.57642,156.57192
;
680.85699,155.85017 680.85699,155.85017 665.42333,155.46109
682.20709,144.83748 679.96549,152.7465 679.21102,152.6963
682.51274,156.82996 680.85699,155.85017 680.85699,155.85017
680.85699,155.85017 680.85699,155.85017 680.85699,155.85017
;
49.890037,178.0 49.890037,178.0 60.117593,169.97696
53.129123,163.88972 48.088523,176.33416 48.740054,176.79791
48.667704,178.56012 49.890037,178.0 49.890037,178.0
49.890037,178.0 49.890037,178.0 49.890037,178.0
;
137.5,178.0 137.5,178.0 142.98463,179.33965
143.83045,165.73934 139.15842,160.88386 139.42764,167.42916
135.36317,176.25113 137.5,178.0 137.5,178.0
137.5,178.0 137.5,178.0 137.5,178.0
;
347.88976,177.9754 347.88976,177.9754 356.40602,168.24739
337.99079,165.25434 347.5,177.9508 347.5,177.9508
347.88976,177.9754 347.88976,177.9754 347.88976,177.9754
347.88976,177.9754 347.88976,177.9754 347.88976,177.9754
;
334.73066,176.0 334.73066,176.0 345.83188,169.52778
325.2432,155.48967 332.4,159.0 334.41894,153.78032
343.49466,154.3469 350.53347,152.94585 344.91573,149.88531
330.86277,146.88589 321.74831,144.13205 306.0764,145.00333
315.43062,135.40719 302.60592,138.19189 314.3256,131.64083
287.22051,133.98927 295.4176,132.11046 308.45382,127.97507
284.03849,131.78308 286.91667,126.0 276.79992,128.64804
289.56518,124.30256 277.67223,120.85456 270.67009,121.68408
263.406,116.24003 257.54327,114.7576 261.39244,108.93219
249.3408,110.09852 240.77076,113.09597 231.59569,124.47204
249.57087,114.39851 242.50508,122.01598 234.09194,129.54231
259.37638,127.39493 250.5,121.15787 255.98004,126.58456
262.79508,115.71826 265.41508,124.39418 258.28618,118.63126
256.96112,126.08301 260.5,132.45255 272.66,134.0718
284.74624,136.66872 297.07885,136.00002 281.4385,135.7486
294.3759,142.71928 286.57515,140.49378 270.45777,133.83348
290.34125,149.31913 274.14983,146.57514 265.88961,151.74831
286.66222,156.96792 285.5481,153.07783 291.31169,165.07477
286.34395,153.48825 293.03849,154.97938 305.27513,156.99392
288.21197,156.16907 292.96859,161.0 297.36239,170.95882
297.25397,159.30105 301.99997,155.06277 313.61072,159.16042
295.32581,159.94165 302.65682,166.02084 314.8865,174.91953
302.77921,162.37236 312.99997,160.11803 308.119,159.35569
308.37522,140.6955 302.99997,149.19387 298.15333,159.88409
293.59703,141.07022 285.99997,150.0 283.37889,137.55858
304.09352,152.1982 295.73777,142.0 299.41487,139.23587
311.09319,148.87847 310.97403,145.53126 313.17906,153.19354
314.0924,142.62034 326.37381,148.55837 339.81631,150.0421
328.03699,155.42198 321.89848,154.74744 324.5448,171.18887
311.13965,146.48223 314.7098,159.85749 318.96576,170.51187
318.60035,161.64256 327.93723,161.0 325.88006,165.53884
333.30229,171.78293 334.73066,176.0 334.73066,176.0
334.73066,176.0 334.73066,176.0 334.73066,176.0
;
273.5,130.81658 273.5,130.81658 254.87894,129.8715
275.22644,128.05674 271.45804,124.0858 277.69573,122.84176
271.81321,132.73668 273.5,130.81658 273.5,130.81658
273.5,130.81658 273.5,130.81658 273.5,130.81658
;
88.814906,174.0 88.814906,174.0 100.30227,165.19668
87.917512,161.59669 88.118034,174.0 88.118034,174.0
88.814906,174.0 88.814906,174.0 88.814906,174.0
;
324.37351,173.02649 324.37351,173.02649 322.71545,161.63808
312.87385,169.55812 324.37351,173.02649 324.37351,173.02649
324.37351,173.02649 324.37351,173.02649 324.37351,173.02649
;
329.75,172.98759 329.75,172.98759 332.28774,165.14794
317.71287,160.9266 328.5,172.97519 328.5,172.97519
329.75,172.98759 329.75,172.98759 329.75,172.98759
329.75,172.98759 329.75,172.98759 329.75,172.98759
;
104.5,171.0 104.5,171.0 113.0842,159.37323
98.426096,164.10735 104.5,171.0 104.5,171.0
104.5,171.0 104.5,171.0 104.5,171.0
;
452.5,171.0 452.5,171.0 461.95682,165.26988
443.5407,166.455 452.5,171.0 452.5,171.0
452.5,171.0 452.5,171.0 452.5,171.0
;
204.25,169.3374 204.25,169.3374 207.81834,158.94941
184.74046,166.33401 203.5,169.79284 203.5,169.79284
204.25,169.3374 204.25,169.3374 204.25,169.3374
;
460.63268,168.88989 460.63268,168.88989 467.21682,155.96543
449.10811,169.2287 460.63268,168.88989 460.63268,168.88989
460.63268,168.88989 460.63268,168.88989 460.63268,168.88989
;
570.03518,170.0 570.03518,170.0 581.65842,166.99892
567.68006,158.7852 581.76674,158.0 584.72765,165.32894
591.29601,160.73311 600.70925,160.01411 604.63774,156.72351
618.97933,150.45708 625.01838,152.83876 615.88918,162.19957
643.88817,150.87108 635.04544,147.9665 613.44359,150.42227
630.18612,146.04971 641.07124,146.97957 648.66864,149.46905
648.21382,149.07823 651.8966,139.00094 665.9687,143.42086
662.15669,141.56674 662.39056,136.00094 669.53198,146.75234
679.18491,139.61541 683.45195,142.65775 685.70048,145.8615
699.09257,150.30349 693.0,139.0 698.83647,144.60374
717.00194,155.02251 702.25,141.3692 691.21757,135.57696
692.34857,130.07671 684.85335,133.99912 693.78447,145.64195
689.77365,143.95416 680.46494,136.60657 678.49707,134.74672
671.5058,127.38117 665.88002,123.99912 656.25232,117.34264
652.06174,116.30621 641.49704,108.64156 635.44964,104.55856
630.13394,111.40876 638.36856,115.18399 637.73227,120.68084
644.71079,132.38161 651.40253,126.22985 653.4222,135.86244
658.05582,137.83393 643.06303,132.60276 646.09037,139.67224
645.50329,144.01899 638.04244,143.83667 629.8369,147.11119
618.71835,132.00502 631.45469,138.33662 642.94137,141.51516
645.91188,135.01643 635.58589,133.51558 627.71716,127.92769
623.84247,131.95313 614.0582,126.70086 615.78679,121.31514
630.84028,128.44135 615.09887,119.0 613.91034,115.01067
598.80234,106.07927 600.0,115.53386 614.83624,114.51059
606.74966,120.28951 611.0,127.0 614.20837,130.49741
629.45004,137.94253 618.47862,136.63985 610.30881,133.87429
618.20425,144.23372 613.88876,148.36594 612.97612,159.75953
608.20548,148.468 602.9589,150.70783 609.24783,160.89003
587.53977,144.10513 598.89563,153.78554 590.50432,163.14504
586.3996,152.72295 589.29496,152.50007 588.0712,156.31953
576.91723,152.65847 569.03215,159.99931 556.88356,153.06585
576.34112,165.91918 568.99995,167.0 569.59162,167.75339
567.79579,170.89428 570.03513,170.0 570.03513,170.0
570.03518,170.0 570.03518,170.0 570.03518,170.0
;
677.75556,140.0 677.75556,140.0 667.06336,140.89422
665.49112,129.49095 675.23144,136.49847 675.16764,136.93587
679.16344,140.15166 677.75556,140.0 677.75556,140.0
677.75556,140.0 677.75556,140.0 677.75556,140.0
;
666.10699,133.0 666.10699,133.0 654.31908,131.50146
663.92253,125.02427 655.01723,125.52076 652.73873,118.68939
670.54353,127.35952 666.10699,133.0 666.10699,133.0
666.10699,133.0 666.10699,133.0 666.10699,133.0
;
344.22831,169.0 344.22831,169.0 347.30655,163.35032
334.70217,162.45124 343.30998,169.0 343.30998,169.0
344.22831,169.0 344.22831,169.0 344.22831,169.0
;
636.36286,168.57357 636.36286,168.57357 648.59497,170.77346
649.63372,156.81724 640.06447,160.53985 635.24071,157.85468
630.61065,171.33035 636.36286,168.57357 636.36286,168.57357
636.36286,168.57357 636.36286,168.57357 636.36286,168.57357
;
561.59563,168.0 561.59563,168.0 574.84355,162.81017
560.9891,159.66971 561.59563,168.0 561.59563,168.0
561.59563,168.0 561.59563,168.0 561.59563,168.0
;
269.75,166.9257 269.75,166.9257 272.68758,156.27595
264.67268,166.21229 261.30281,156.92748 262.91323,156.57747
274.79184,160.69478 265.0969,151.78586 254.39974,147.36129
249.80624,144.58752 249.62851,155.84758 263.02195,165.06518
249.54311,159.82901 246.28472,155.71784 248.01447,151.35665
234.72111,137.93134 231.99991,147.83334 230.86824,152.87002
229.35072,155.57706 224.8715,149.00816 236.61205,143.18427
213.7552,146.46386 220.99096,151.49717 229.79273,151.44587
209.25358,158.16445 229.79817,157.50679 241.79362,165.50447
225.5061,152.54192 239.94471,156.88208 237.39318,161.6788
251.11474,157.81793 256.46418,165.99934 262.54288,160.57355
257.84117,162.29122 269.75,166.9257 269.75,166.9257
269.75,166.9257 269.75,166.9257 269.75,166.9257
;
358.07744,164.7161 358.07744,164.7161 366.85444,153.93447
346.44098,169.71849 358.07744,164.7161 358.07744,164.7161
358.07744,164.7161 358.07744,164.7161 358.07744,164.7161
;
483.94877,167.0 483.94877,167.0 492.35144,165.09598
488.04463,151.63696 483.25,150.0 481.65401,155.35997
482.14441,162.66843 483.94877,167.0 483.94877,167.0
483.94877,167.0 483.94877,167.0 483.94877,167.0
;
216.5942,166.0 216.5942,166.0 231.9211,161.00166
211.13217,160.36564 206.6459,160.9541 210.5779,161.80538
213.6631,164.78671 216.5942,166.0 216.5942,166.0
216.5942,166.0 216.5942,166.0 216.5942,166.0
;
287.75,163.93661 287.75,163.93661 291.77855,157.37883
274.10661,161.53884 287.75,163.93661 287.75,163.93661
287.75,163.93661 287.75,163.93661 287.75,163.93661
;
512.25,163.98761 512.25,163.98761 524.28163,160.87768
513.53163,146.47753 510.64944,160.43279 509.61473,161.4354
509.03927,165.93283 512.25,163.98761 512.25,163.98761
512.25,163.98761 512.25,163.98761 512.25,163.98761
;
523.73358,164.00001 523.73358,164.00001 532.65633,167.37805
528.45909,154.23693 523.18358,161.25856 524.2504,161.385
521.5026,164.9111 523.73358,164.00001 523.73358,164.00001
523.73358,164.00001 523.73358,164.00001 523.73358,164.00001
;
615.679,164.00001 615.679,164.00001 635.34958,159.62956
612.78745,156.44792 615.679,164.00001 615.679,164.00001
615.679,164.00001 615.679,164.00001 615.679,164.00001
;
275.46862,163.00001 275.46862,163.00001 284.3567,161.21087
264.34354,155.98431 275.46862,163.00001 275.46862,163.00001
275.46862,163.00001 275.46862,163.00001 275.46862,163.00001
;
346.0904,163.00001 346.0904,163.00001 353.98657,164.33518
356.42107,156.01848 345.02202,157.22662 347.60731,154.99205
330.47785,160.93422 338.53001,160.95145 339.77714,159.94417
344.36009,162.10186 346.0904,163.00001 346.0904,163.00001
346.0904,163.00001 346.0904,163.00001 346.0904,163.00001
;
455.40499,162.99801 455.40499,162.99801 463.03506,153.89639
444.12205,158.4299 455.40499,162.99801 455.40499,162.99801
455.40499,162.99801 455.40499,162.99801 455.40499,162.99801
;
497.4625,161.68538 497.4625,161.68538 505.91762,150.21993
485.90581,158.60794 497.4625,161.68538 497.4625,161.68538
497.4625,161.68538 497.4625,161.68538 497.4625,161.68538
;
506.62756,161.98469 506.62756,161.98469 517.84867,152.97172
495.5193,156.9464 506.62756,161.98469 506.62756,161.98469
506.62756,161.98469 506.62756,161.98469 506.62756,161.98469
;
626.25,160.63029 626.25,160.63029 644.75669,156.44566
614.68501,156.65646 626.25,160.63029 626.25,160.63029
626.25,160.63029 626.25,160.63029 626.25,160.63029
;
611.53109,159.81642 611.53109,159.81642 620.7805,157.22796
602.22278,155.10516 611.53109,159.81642 611.53109,159.81642
611.53109,159.81642 611.53109,159.81642 611.53109,159.81642
;
92.214816,158.884 92.214816,158.884 102.53753,149.35719
80.532306,154.48377 91.5,158.768 91.5,158.768
92.214816,158.884 92.214816,158.884 92.214816,158.884
;
557.25,157.46264 557.25,157.46264 573.55465,152.7998
541.57991,154.26105 557.25,157.46264 557.25,157.46264
557.25,157.46264 557.25,157.46264 557.25,157.46264
;
703.43927,157.42104 703.43927,157.42104 712.72143,154.20537
694.89828,145.36269 691.0,151.6416 693.874,152.59627
699.33752,158.41869 703.43927,157.42104 703.43927,157.42104
703.43927,157.42104 703.43927,157.42104 703.43927,157.42104
;
491.29167,157.0 491.29167,157.0 497.47698,148.62692
483.82688,142.24317 488.05656,152.72504 492.95267,151.95364
486.37179,157.39394 491.29167,157.0 491.29167,157.0
491.29167,157.0 491.29167,157.0 491.29167,157.0
;
320.49218,155.66927 320.49218,155.66927 326.02944,150.4286
309.02951,148.37678 320.49218,155.66927 320.49218,155.66927
320.49218,155.66927 320.49218,155.66927 320.49218,155.66927
;
476.0029,155.72527 476.0029,155.72527 478.67548,152.60703
480.79703,140.2151 472.0,141.88884 465.10202,141.35681
473.42371,151.56443 476.0029,155.72522 476.0029,155.72522
476.0029,155.72527 476.0029,155.72527 476.0029,155.72527
;
520.87756,156.0 520.87756,156.0 527.93102,152.10242
526.53368,145.68726 525.11941,145.82538 533.827,143.04965
533.15349,129.60141 520.08138,135.92506 503.88023,143.42629
523.83141,141.71994 523.88202,140.0 515.90607,139.68289
519.23169,152.6791 520.87756,156.0 520.87756,156.0
520.87756,156.0 520.87756,156.0 520.87756,156.0
;
574.25,155.9406 574.25,155.9406 585.52114,150.03954
563.43255,144.05255 562.0,151.63481 561.62049,157.15779
571.45705,148.48242 574.25,155.9406 574.25,155.9406
574.25,155.9406 574.25,155.9406 574.25,155.9406
;
39.211688,154.07805 39.211688,154.07805 46.34252,149.65902
43.749431,139.81198 45.100224,130.7621 38.348003,123.85151
46.552457,136.33468 39.351735,141.93335 39.332855,145.33301
32.813681,156.51398 39.211688,154.07805 39.211688,154.07805
39.211688,154.07805 39.211688,154.07805 39.211688,154.07805
;
44.5,155.0 44.5,155.0 54.222569,152.93524
44.985163,141.94111 43.0,155.0 43.0,155.0
44.5,155.0 44.5,155.0 44.5,155.0
;
60.92612,155.0 60.92612,155.0 67.282313,153.34784
70.887394,138.33381 66.0,147.93723 64.00604,144.08441
56.513018,154.85846 60.92612,155.0 60.92612,155.0
60.92612,155.0 60.92612,155.0 60.92612,155.0
;
552.0,153.0 552.0,153.0 561.67291,154.98725
557.25595,140.34525 551.05266,149.33794 549.7614,150.15397
550.19639,153.51165 552.0,153.0 552.0,153.0
552.0,153.0 552.0,153.0 552.0,153.0
;
110.25,150.75162 110.25,150.75162 120.75084,139.09084
110.3172,135.76901 109.0,151.16667 109.0,151.16667
110.25,150.75162 110.25,150.75162 110.25,150.75162
;
127.80902,150.9922 127.80902,150.9922 137.54617,140.22122
122.5729,143.38878 127.80902,150.9922 127.80902,150.9922
127.80902,150.9922 127.80902,150.9922 127.80902,150.9922
;
603.86182,149.61624 603.86182,149.61624 626.23124,145.46632
586.64815,145.05384 603.86182,149.61624 603.86182,149.61624
603.86182,149.61624 603.86182,149.61624 603.86182,149.61624
;
499.43555,148.93661 499.43555,148.93661 510.63459,140.13442
497.78987,147.70381 497.5,142.06281 493.22976,146.87714
493.15728,147.65043 499.43555,148.93661 499.43555,148.93661
499.43555,148.93661 499.43555,148.93661 499.43555,148.93661
;
51.25,147.9682 51.25,147.9682 53.885205,144.42776
58.027347,128.55654 49.223607,138.25623 49.283697,138.04819
46.500702,144.94868 51.25,147.9682 51.25,147.9682
51.25,147.9682 51.25,147.9682 51.25,147.9682
;
265.75,147.9905 265.75,147.9905 274.89273,146.04472
269.96407,139.82832 261.53989,142.72533 254.2492,136.66698
241.52412,135.55203 238.26373,143.59706 247.87686,145.15477
250.97101,138.36433 261.88824,146.41581 263.23715,146.72061
264.15085,148.57907 265.75,147.9905 265.75,147.9905
265.75,147.9905 265.75,147.9905 265.75,147.9905
;
512.97723,147.0 512.97723,147.0 529.71467,142.62416
503.57093,141.83215 512.97723,147.0 512.97723,147.0
512.97723,147.0 512.97723,147.0 512.97723,147.0
;
549.30776,147.0 549.30776,147.0 551.05598,143.83447
556.82349,132.63207 548.24369,141.67842 542.38624,143.38933
545.72928,146.02879 549.30776,147.0 549.30776,147.0
549.30776,147.0 549.30776,147.0 549.30776,147.0
;
595.91667,147.0 595.91667,147.0 599.58545,145.04109
620.60437,143.7774 607.08872,139.1946 603.37808,140.49204
583.41733,142.13094 595.91667,147.0 595.91667,147.0
595.91667,147.0 595.91667,147.0 595.91667,147.0
;
784.5,145.0 784.5,145.0 795.62513,139.92161
772.33669,138.61265 784.2927,145.0 784.2927,145.0
784.5,145.0 784.5,145.0 784.5,145.0
;
234.0,143.61009 234.0,143.61009 242.41193,130.37292
216.10303,143.02778 234.0,143.61009 234.0,143.61009
234.0,143.61009 234.0,143.61009 234.0,143.61009
;
491.31594,144.0 491.31594,144.0 493.41565,136.95633
519.92423,133.81013 505.0,139.00571 509.26219,148.81442
519.6085,123.93203 529.43403,134.2085 537.57009,133.54804
546.02112,136.21695 551.1578,130.49997 554.68094,133.11984
559.78006,131.52099 564.91553,136.0 567.98743,125.60278
569.53946,128.22611 579.93658,127.57642 574.7338,123.78878
567.88886,122.14648 583.65893,125.99996 586.12561,122.57959
566.30159,114.66935 567.0,124.24489 566.87549,117.59505
540.56436,117.60568 559.35089,122.63462 571.07413,123.33702
548.8247,128.32546 543.72636,126.74409 527.58219,124.61116
531.88606,130.54227 528.0,129.31437 512.469,126.86047
518.36538,128.90087 513.5,133.14893 505.95807,133.3496
486.50286,135.1971 491.31594,144.0 491.31594,144.0
491.31594,144.0 491.31594,144.0 491.31594,144.0
;
540.33416,142.43655 540.33416,142.43655 557.93145,135.50051
531.50066,138.07537 540.04622,142.52225 540.04622,142.52225
540.33416,142.43655 540.33416,142.43655 540.33416,142.43655
;
557.95031,143.0 557.95031,143.0 560.80418,136.45505
574.91598,148.00361 570.49998,137.33129 564.28341,137.03338
556.06696,134.96129 555.99998,142.34274 555.99998,142.34274
555.99998,143.0 555.99998,143.0 555.99998,143.0
557.95029,143.0 557.95029,143.0 557.95029,143.0
557.95031,143.0 557.95031,143.0 557.95031,143.0
;
122.31884,142.0 122.31884,142.0 131.38705,133.75417
121.35613,130.30755 122.31884,142.0 122.31884,142.0
122.31884,142.0 122.31884,142.0 122.31884,142.0
;
777.90804,140.78267 777.90804,140.78267 788.89398,131.21193
764.6709,138.06559 777.90804,140.78267 777.90804,140.78267
777.90804,140.78267 777.90804,140.78267 777.90804,140.78267
;
73.449385,138.04201 73.449385,138.04201 82.516845,126.98604
73.117795,130.22607 68.0,133.66667 70.619811,133.25668
71.130609,141.25649 73.449385,138.04201 73.449385,138.04201
73.449385,138.04201 73.449385,138.04201 73.449385,138.04201
;
87.975199,136.0 87.975199,136.0 97.870954,129.57923
90.804499,122.66487 85.967382,134.1382 86.695172,134.65384
86.612932,136.6224 87.975199,136.0 87.975199,136.0
87.975199,136.0 87.975199,136.0 87.975199,136.0
;
594.05902,135.0 594.05902,135.0 605.8272,132.91262
580.64304,130.30236 594.05902,135.0 594.05902,135.0
594.05902,135.0 594.05902,135.0 594.05902,135.0
;
601.75,134.81642 601.75,134.81642 608.64526,130.85224
602.42079,122.47389 606.20387,122.8446 606.5175,116.17634
601.57413,115.75096 598.00004,120.90062 601.30202,122.13315
595.71914,133.74602 601.75,134.81642 601.75,134.81642
601.75,134.81642 601.75,134.81642 601.75,134.81642
;
683.72367,133.60966 683.72367,133.60966 678.17061,123.88539
671.55715,132.1904 683.20027,134.13306 683.20027,134.13306
683.72367,133.60966 683.72367,133.60966 683.72367,133.60966
;
774.77955,133.53106 774.77955,133.53106 787.10148,128.86937
761.76839,122.70088 774.77955,133.53106 774.77955,133.53106
774.77955,133.53106 774.77955,133.53106 774.77955,133.53106
;
126.08971,133.0 126.08971,133.0 131.1006,128.06992
138.82156,116.00148 136.10041,109.94398 132.2565,117.03921
129.89213,124.22577 125.0,131.84439 125.0,131.84439
125.0,133.0 125.0,133.0 125.0,133.0
126.08971,133.0 126.08971,133.0 126.08971,133.0
;
110.37756,132.0 110.37756,132.0 120.66881,126.41216
105.2806,126.70913 110.37756,132.0 110.37756,132.0
110.37756,132.0 110.37756,132.0 110.37756,132.0
;
644.71595,130.71263 644.71595,130.71263 650.64221,121.41684
631.54213,129.90838 644.71595,130.71263 644.71595,130.71263
644.71595,130.71263 644.71595,130.71263 644.71595,130.71263
;
68.432612,130.0 68.432612,130.0 78.157213,122.7889
61.341948,124.52602 68.432612,130.0 68.432612,130.0
68.432612,130.0 68.432612,130.0 68.432612,130.0
;
38.5,128.0 38.5,128.0 43.682318,123.81721
42.37574,109.57201 50.500079,106.5 51.167857,93.325575
61.138696,92.028012 54.089141,106.33879 56.471662,109.59054
62.773214,93.969855 61.0,88.0 54.88036,92.858584
49.852526,89.883892 47.486312,102.43314 41.156969,112.83526
44.236445,93.89633 49.787093,89.023915 53.16619,82.527938
58.646897,80.341393 60.572183,71.227429 65.855152,72.780813
62.700746,54.371862 57.963762,67.312944 50.368157,77.315524
48.350881,90.163261 40.051059,97.263768 37.240304,107.20526
30.413095,116.656 29.0,126.0 36.504776,122.44919
31.800703,119.69802 38.5,128.0 38.5,128.0
38.5,128.0 38.5,128.0 38.5,128.0
;
592.83333,126.98469 592.83333,126.98469 602.58034,122.90919
575.73825,122.55066 592.83333,126.98469 592.83333,126.98469
592.83333,126.98469 592.83333,126.98469 592.83333,126.98469
;
45.314788,126.0 45.314788,126.0 58.380355,112.95202
41.233757,117.12168 45.314788,126.0 45.314788,126.0
45.314788,126.0 45.314788,126.0 45.314788,126.0
;
634.43572,125.0 634.43572,125.0 634.78886,116.97623
636.63724,115.71825 625.74615,114.04904 610.3198,106.45495
625.47272,118.93236 630.07143,120.0 635.22559,119.17257
631.44599,125.99015 634.43572,125.0 634.43572,125.0
634.43572,125.0 634.43572,125.0 634.43572,125.0
;
551.75,123.87722 551.75,123.87722 558.47501,118.96581
534.90398,118.40318 551.75,123.87722 551.75,123.87722
551.75,123.87722 551.75,123.87722 551.75,123.87722
;
670.75,122.96196 670.75,122.96196 676.55027,118.29801
653.43569,116.48458 659.3714,112.15242 657.1842,110.33256
644.17635,105.30334 646.7149,110.4692 655.42051,114.04342
662.46737,120.83973 670.75,122.96196 670.75,122.96196
670.75,122.96196 670.75,122.96196 670.75,122.96196
;
585.75,121.83996 585.75,121.83996 584.62313,117.39183
599.68263,116.26085 585.94267,112.0 577.06387,113.38501
588.1575,120.01382 577.09818,116.88441 564.79648,114.25878
582.08302,124.14332 585.75,121.83996 585.75,121.83996
585.75,121.83996 585.75,121.83996 585.75,121.83996
;
595.25,121.86386 595.25,121.86386 601.56666,118.88004
580.51344,117.71793 593.5,121.72764 593.5,121.72764
595.25,121.86382 595.25,121.86382 595.25,121.86382
595.25,121.86386 595.25,121.86386 595.25,121.86386
;
78.480909,120.0 78.480909,120.0 87.455209,119.59839
81.026905,103.71921 75.803096,111.87468 77.157232,113.38739
75.339479,120.91799 78.480909,120.0 78.480909,120.0
78.480909,120.0 78.480909,120.0 78.480909,120.0
;
564.5,119.6 564.5,119.6 574.98003,117.73789
547.65905,106.88121 561.0,117.86739 559.60393,121.00767
563.24264,119.11316 564.5,119.6 564.5,119.6
564.5,119.6 564.5,119.6 564.5,119.6
;
597.68034,117.0 597.68034,117.0 602.19712,112.47823
585.06355,107.06193 596.36067,117.0 596.36067,117.0
597.68034,117.0 597.68034,117.0 597.68034,117.0
;
140.25,103.9923 140.25,103.9923 154.02001,91.147397
137.68793,94.181505 140.25,103.9923 140.25,103.9923
140.25,103.9923 140.25,103.9923 140.25,103.9923
;
80.75,102.9922 80.75,102.9922 89.050316,90.629692
78.130744,96.002739 80.75,102.9922 80.75,102.9922
80.75,102.9922 80.75,102.9922 80.75,102.9922
;
98.229415,101.0 98.229415,101.0 104.56692,102.24754
107.00953,87.086686 100.74791,92.0 103.5198,89.118711
92.59646,88.771209 95.895625,95.737546 101.65436,92.146874
93.98163,102.42359 98.229415,101.0 98.229415,101.0
98.229415,101.0 98.229415,101.0 98.229415,101.0
;
163.23897,92.352307 163.23897,92.352307 166.97478,84.107861
151.16341,89.358062 163.23897,92.352307 163.23897,92.352307
163.23897,92.352307 163.23897,92.352307 163.23897,92.352307
;
143.00728,87.968197 143.00728,87.968197 151.55764,78.148793
147.49901,75.268003 140.16858,83.101663 136.89373,85.332351
141.42174,87.070123 143.00728,87.968197 143.00728,87.968197
143.00728,87.968197 143.00728,87.968197 143.00728,87.968197
;
163.67842,87.0 163.67842,87.0 174.09509,81.846657
156.13784,78.600887 163.67842,87.0 163.67842,87.0
163.67842,87.0 163.67842,87.0 163.67842,87.0
;
61.5,85.0 61.5,85.0 68.790102,80.218188
69.104619,66.356507 60.213978,78.0 58.876967,79.669088
58.326656,85.524444 61.5,85.0 61.5,85.0
61.5,85.0 61.5,85.0 61.5,85.0
;
85.926676,82.0 85.926676,82.0 98.992187,77.377189
74.136545,76.513975 85.926676,82.0 85.926676,82.0
85.926676,82.0 85.926676,82.0 85.926676,82.0
;
157.13948,81.413797 157.13948,81.413797 162.57156,72.61737
161.3825,60.995537 156.56337,77.0 153.44628,75.449473
154.83824,83.652349 157.13948,81.413797 157.13948,81.413797
157.13948,81.413797 157.13948,81.413797 157.13948,81.413797
;
67.961834,72.0 67.961834,72.0 81.691861,66.177961
63.426518,63.934533 67.961834,72.0 67.961834,72.0
67.961834,72.0 67.961834,72.0 67.961834,72.0
;
165.78439,60.0 165.78439,60.0 176.25782,50.615623
163.98254,48.295701 165.78439,60.0 165.78439,60.0
165.78439,60.0 165.78439,60.0 165.78439,60.0
;
77.25,57.984687 77.25,57.984687 87.7399,53.232425
72.600977,48.311346 77.25,57.984687 77.25,57.984687
77.25,57.984687 77.25,57.984687 77.25,57.984687
;
84.509119,58.0 84.509119,58.0 90.836487,51.128626
91.254001,52.311202 90.612805,45.142411 100.3515,41.011028
97.487551,39.891377 93.314451,38.0 89.499345,38.061826
76.104111,49.183897 84.867695,46.299544 94.411846,33.971006
77.246727,58.094579 84.509119,58.0 84.509119,58.0
84.509119,58.0 84.509119,58.0 84.509119,58.0
;
617.53817,55.0 617.53817,55.0 627.44048,50.714197
606.80371,48.777245 616.8966,55.0 616.8966,55.0
617.53817,55.0 617.53817,55.0 617.53817,55.0
;
230.01944,41.398504 230.01944,41.398504 241.14574,28.030207
231.36567,26.553781 226.51547,40.762481 219.2476,52.232323
225.26414,53.044618 230.01944,41.398504 230.01944,41.398504
230.01944,41.398504 230.01944,41.398504 230.01944,41.398504
;
104.49164,39.785673 104.49164,39.785673 108.84991,27.695308
92.183175,39.954384 104.49164,39.785673 104.49164,39.785673
104.49164,39.785673 104.49164,39.785673 104.49164,39.785673
;
80.734543,35.779658 80.734543,35.779658 90.453951,22.767008
68.319688,39.379483 79.897128,36.566369 79.897128,36.566369
80.734543,35.779658 80.734543,35.779658 80.734543,35.779658
;
96.465283,29.609824 96.465283,29.609824 102.74862,23.565979
108.13009,20.019073 109.65097,12.68075 111.2117,4.4680198
95.801752,20.320808 98.949858,22.494535 94.664089,21.806588
94.960056,22.732086 91.804077,30.873973 93.49528,35.838955
94.356082,31.043494 96.465283,29.609824 96.465283,29.609824
96.465283,29.609824 96.465283,29.609824 96.465283,29.609824
;
196.02475,18.0 196.02475,18.0 205.71111,6.4099316
193.1281,3.585762 196.02475,18.0 196.02475,18.0
196.02475,18.0 196.02475,18.0 196.02475,18.0
;
763.00652,479.86382 763.00652,479.86382 756.25619,485.55281
770.06748,465.28742 770.10949,471.68086 767.93159,475.60458
769.84177,482.20419 763.00652,479.86382 763.00652,479.86382
763.00652,479.86382 763.00652,479.86382 763.00652,479.86382
;
775.53712,480.0 775.53712,480.0 770.20906,475.66858
779.56952,461.18355 784.13307,460.20028 792.11893,450.81099
774.59218,449.70747 775.22425,462.4609 773.54025,473.19093
759.93908,466.74344 768.96289,458.68654 779.05384,458.3785
777.64473,438.94237 782.79308,449.3253 790.64996,457.04334
789.88103,433.1468 791.89331,439.35699 797.4612,442.73448
785.92035,451.76843 789.07986,458.0 786.69289,467.86266
780.17353,472.59869 776.84097,480.0 776.84097,480.0
775.537,480.0 775.537,480.0 775.537,480.0
775.53712,480.0 775.53712,480.0 775.53712,480.0
;
800.89896,480.0 800.89896,480.0 791.69409,478.19305
795.68667,466.99543 797.43105,462.38809 803.88289,465.47682
815.31625,463.30303 813.76643,472.05105 805.3149,464.15528
808.13162,483.28206 800.89896,480.0 800.89896,480.0
800.89896,480.0 800.89896,480.0 800.89896,480.0
;
798.58377,472.0 798.58377,472.0 809.61913,460.66165
790.50661,465.00618 798.58377,472.0 798.58377,472.0
798.58377,472.0 798.58377,472.0 798.58377,472.0
;
803.53138,472.0 803.53138,472.0 813.04527,466.01329
796.36038,465.77427 803.53138,472.0 803.53138,472.0
803.53138,472.0 803.53138,472.0 803.53138,472.0
;
820.13427,480.0 820.13427,480.0 819.89427,472.06832
821.69503,461.39458 823.0,454.07558 819.96165,448.19208
820.57698,429.55193 823.0,432.95937 824.41318,440.69737
830.63684,446.6594 826.33274,458.32781 825.69038,466.11889
820.77107,473.76688 820.13427,480.0 820.13427,480.0
820.13427,480.0 820.13427,480.0 820.13427,480.0
;
841.46482,480.0 841.46482,480.0 823.91636,484.87567
832.51412,472.24919 833.57226,461.05387 834.70462,454.67522
839.71947,475.38313 839.44638,453.61647 839.05819,440.59199
844.78959,428.15117 841.77103,415.25954 844.79533,408.01911
841.83643,397.89273 843.85575,394.53838 844.33861,382.25775
842.76917,377.1057 842.73996,366.10556 844.65643,350.81489
840.76969,334.7903 839.73914,320.95153 839.55997,311.03607
837.8786,301.93126 835.96631,291.95246 838.12871,280.30892
830.61726,269.11741 831.82442,256.5 826.25885,248.34947
826.5576,235.98151 829.40006,227.45808 837.66239,218.77958
832.04051,233.76728 839.23387,233.78251 841.69626,235.70491
853.08568,238.17728 854.001,245.91874 854.001,323.94583
854.001,401.97291 854.001,480.0 849.82227,480.0
845.64355,480.0 841.46482,480.0 841.46482,480.0
841.46482,480.0 841.46482,480.0 841.46482,480.0
;
842.5,297.0 842.5,297.0 844.29748,289.50806
849.2115,291.12491 848.80661,277.64266 847.06264,267.48755
841.17515,287.32261 844.71431,268.86902 841.70273,252.28363
841.65471,275.8857 840.24897,280.25003 841.29938,284.85429
836.58977,296.75684 842.5,297.0 842.5,297.0
842.5,297.0 842.5,297.0 842.5,297.0
;
837.43358,272.0 837.43358,272.0 845.09998,263.9333
831.64085,264.63001 837.43358,272.0 837.43358,272.0
837.43358,272.0 837.43358,272.0 837.43358,272.0
;
832.34164,251.72567 832.34164,251.72567 839.55186,246.21368
833.37698,236.84766 829.98569,250.16783 830.75421,250.73312
830.80572,253.26166 832.34164,251.72567 832.34164,251.72567
832.34164,251.72567 832.34164,251.72567 832.34164,251.72567
;
810.42804,437.0 810.42804,437.0 807.76633,429.90758
816.15345,416.93708 812.04874,435.4581 812.04874,435.4581
811.85609,437.0 811.85609,437.0 811.85609,437.0
810.42804,437.0 810.42804,437.0 810.42804,437.0
;
831.05737,429.5 831.05737,429.5 826.97797,438.01171
834.01055,405.10941 831.09097,429.33751 831.09097,429.33751
831.05741,429.5 831.05741,429.5 831.05741,429.5
831.05737,429.5 831.05737,429.5 831.05737,429.5
;
806.95203,418.0 806.95203,418.0 800.98902,411.26876
812.94995,408.40076 806.95203,418.0 806.95203,418.0
806.95203,418.0 806.95203,418.0 806.95203,418.0
;
800.2443,408.52794 800.2443,408.52794 796.42969,408.98182
805.38087,386.87109 803.96174,407.0 802.64353,407.37447
800.26374,405.93833 800.2443,408.52794 800.2443,408.52794
800.2443,408.52794 800.2443,408.52794 800.2443,408.52794
;
809.94098,403.0 809.94098,403.0 807.30538,396.27054
813.53448,386.33298 817.15967,400.17427 808.77375,396.62748
813.09523,395.09022 809.94098,403.0 809.94098,403.0
809.94098,403.0 809.94098,403.0 809.94098,403.0
;
780.94032,397.0 780.94032,397.0 768.7317,390.51634
792.24761,392.91119 780.94032,397.0 780.94032,397.0
780.94032,397.0 780.94032,397.0 780.94032,397.0
;
811.86789,387.0 811.86789,387.0 812.44366,384.03531
807.81432,366.97394 815.24708,371.08626 806.84546,366.27187
815.47815,355.1386 814.77288,345.5504 813.51689,333.589
813.80152,321.32088 811.0,310.0 822.30544,308.04993
802.45442,299.89121 807.02192,290.31592 820.87232,286.00018
804.1633,285.59801 804.19178,279.45673 799.63459,268.39841
816.51496,267.28578 818.35447,274.34541 814.60998,272.63062
810.23002,282.53325 819.91265,285.93595 821.85721,293.32943
808.35136,302.77787 818.98155,301.06478 818.95515,306.66852
818.51425,321.29669 818.86819,330.29653 821.54217,341.2593
816.95407,345.87385 817.00078,356.19729 814.88654,366.05707
820.04968,379.88548 812.61773,387.0 812.61773,387.0
811.86788,387.0 811.86788,387.0 811.86788,387.0
811.86789,387.0 811.86789,387.0 811.86789,387.0
;
809.35556,279.71481 809.35556,279.71481 819.51906,269.75304
795.00458,272.24518 809.35556,279.71481 809.35556,279.71481
809.35556,279.71481 809.35556,279.71481 809.35556,279.71481
;
825.77291,380.66157 825.77291,380.66157 820.73976,384.10613
823.03593,361.8847 823.0,373.67126 823.4105,376.36631
827.89,377.15227 825.77291,380.66157 825.77291,380.66157
825.77291,380.66157 825.77291,380.66157 825.77291,380.66157
;
832.90457,355.55898 832.90457,355.55898 828.75767,355.96378
822.51202,337.37219 826.68498,342.5 825.63382,353.38496
839.30826,342.95349 832.90457,355.55898 832.90457,355.55898
832.90457,355.55898 832.90457,355.55898 832.90457,355.55898
;
832.10699,346.0 832.10699,346.0 824.56732,337.81223
837.16966,335.45263 832.10699,346.0 832.10699,346.0
832.10699,346.0 832.10699,346.0 832.10699,346.0
;
793.25,341.92105 793.25,341.92105 780.81928,336.55894
794.43397,325.71018 794.0,339.35242 792.80777,339.16194
795.21727,342.9725 793.25,341.92105 793.25,341.92105
793.25,341.92105 793.25,341.92105 793.25,341.92105
;
827.01987,335.98992 827.01987,335.98992 821.99631,339.9708
826.93177,314.64467 827.16232,335.40392 827.16232,335.40392
827.01987,335.98992 827.01987,335.98992 827.01987,335.98992
;
133.75496,335.0 133.75496,335.0 128.88042,324.12189
138.2494,327.31344 133.75496,335.0 133.75496,335.0
133.75496,335.0 133.75496,335.0 133.75496,335.0
;
129.76637,320.0 129.76637,320.0 123.12314,320.68241
136.85252,304.38371 129.76637,320.0 129.76637,320.0
129.76637,320.0 129.76637,320.0 129.76637,320.0
;
136.5,301.0 136.5,301.0 129.86865,305.49249
143.89316,279.43251 137.57196,299.99295 137.57196,299.99295
136.5,301.0 136.5,301.0 136.5,301.0
;
823.13373,272.89441 823.13373,272.89441 812.56533,268.53353
827.73698,260.45661 823.13373,272.89441 823.13373,272.89441
823.13373,272.89441 823.13373,272.89441 823.13373,272.89441
;
799.4561,255.67336 799.4561,255.67336 796.60652,247.70909
792.44191,237.74851 788.27734,230.0 794.89733,235.1504
803.14467,230.24266 797.00768,242.64006 802.68871,243.18614
804.04708,251.7622 800.45238,255.5 800.45238,255.5
799.4561,255.67336 799.4561,255.67336 799.4561,255.67336
;
850.57045,235.61134 850.57045,235.61134 848.7698,235.0237
838.16497,226.13763 840.35492,214.89281 836.72291,207.43873
844.54758,187.76526 833.80406,189.37494 832.23177,197.34604
825.77884,192.26211 827.98531,183.58128 825.20761,171.29803
836.86594,194.13588 835.11663,180.0 831.44106,174.11551
839.93696,167.17481 831.36332,162.37073 828.69182,155.28183
828.79054,161.3819 827.8091,146.72629 827.26438,130.95045
824.55493,116.62378 827.0948,101.25788 821.91961,98.978648
829.29892,85.671635 822.36093,77.676397 821.4552,69.342154
817.22069,55.148383 826.14369,61.18964 824.21222,50.850828
818.73648,42.085941 817.13555,32.450709 815.50569,18.475991
815.10533,14.988057 820.50205,30.5 825.24449,41.142881
826.41946,53.055916 829.1382,64.032624 831.13356,62.294035
828.88612,76.582771 831.46296,83.0 833.05616,92.283455
838.16706,92.997544 840.81224,101.00199 839.66453,108.08384
843.62129,117.05969 843.56996,126.43185 843.98653,144.97696
853.6787,132.26288 849.0183,120.4996 845.90225,108.81165
844.71191,98.458248 840.41635,87.867693 836.46416,70.920252
839.90942,81.176437 843.48815,90.9996 846.76269,83.573601
839.52371,70.366166 837.77755,60.972377 829.94879,41.438509
827.15815,20.554153 820.13508,0.81193795 824.53448,10.584572
838.08216,13.216506 828.73276,1.75 831.92636,0.61844234
858.60786,-5.9393021 854.0,7.8374777 856.7174,17.556709
847.78128,28.129894 853.84459,26.459368 853.89639,67.361802
853.94814,108.26424 853.99991,149.16667 847.38677,143.10347
852.6566,140.1513 847.86918,138.40478 843.38498,144.98074
847.63412,157.54767 848.21289,166.5 848.41264,183.72762
850.81984,201.24481 847.77696,218.29157 853.74053,216.60434
854.92515,228.78051 853.08179,235.0 853.08179,235.0
852.16357,235.0 852.16357,235.0 852.16357,235.0
850.57045,235.61134 850.57045,235.61134 850.57045,235.61134
;
838.36938,159.59907 838.36938,159.59907 847.52612,159.08173
842.78502,138.96829 838.00608,150.50193 834.25975,147.31309
834.68679,163.05156 838.36938,159.59907 838.36938,159.59907
838.36938,159.59907 838.36938,159.59907 838.36938,159.59907
;
832.11331,145.42997 832.11331,145.42997 834.43306,141.22763
837.71976,120.06602 831.0,127.39301 828.52234,130.99979
825.95314,142.86284 832.11331,145.42997 832.11331,145.42997
832.11331,145.42997 832.11331,145.42997 832.11331,145.42997
;
843.25,140.884 843.25,140.884 849.62989,124.90218
829.8193,138.7876 843.25,140.884 843.25,140.884
843.25,140.884 843.25,140.884 843.25,140.884
;
828.89301,120.0 828.89301,120.0 842.03784,117.51173
827.15927,103.70646 831.5,113.0636 828.85539,113.57115
825.95718,119.24155 828.89301,120.0 828.89301,120.0
828.89301,120.0 828.89301,120.0 828.89301,120.0
;
846.75,22.950963 846.75,22.950963 853.06615,18.366697
833.60491,8.890052 833.0,13.12912 837.35981,16.455398
841.55996,21.362318 846.75,22.950963 846.75,22.950963
846.75,22.950963 846.75,22.950963 846.75,22.950963
;
2.7014397,229.39363 2.7014397,229.39363 -2.9023459,228.87201
7.4789842,212.00657 2.8434783,229.19938 2.8434783,229.19938
2.7014397,229.39363 2.7014397,229.39363 2.7014397,229.39363
;
834.12089,219.9682 834.12089,219.9682 822.41878,210.1048
834.09779,217.62897 831.3922,207.48564 823.11494,196.50295
834.19328,189.59134 832.92529,205.1004 831.8567,209.86199
834.95684,216.46219 834.12089,219.9682 834.12089,219.9682
834.12089,219.9682 834.12089,219.9682 834.12089,219.9682
;
6.0087123,206.0 6.0087123,206.0 0.75156227,196.24318
11.424475,194.53735 6.0087123,206.0 6.0087123,206.0
6.0087123,206.0 6.0087123,206.0 6.0087123,206.0
;
7.4188118,190.78082 7.4188118,190.78082 7.2436338,180.73708
7.0430928,177.99157 10.069035,187.21189 9.3047161,188.47683
8.0976178,189.46154 7.4188118,190.78082 7.4188118,190.78082
7.4188118,190.78082 7.4188118,190.78082 7.4188118,190.78082
;
2.5219978,184.5 2.5219978,184.5 -2.5696136,194.51514
1.3195292,165.06674 0.08109542,158.15011 0.05406362,133.36269
0.02703181,108.57526 0.0,83.78784 7.7169961,78.237357
16.599073,71.247593 24.433706,67.76704 24.940607,81.626249
32.774525,53.038991 33.06972,63.652625 30.914726,74.822529
20.012913,73.719857 24.050421,86.345972 18.293381,97.045397
16.529171,108.82853 13.0,119.0 11.474328,125.99683
9.1141788,136.48966 8.0611611,143.5378 6.9128986,152.24269
8.5913826,156.57636 10.999994,165.71846 7.1375857,171.77083
5.0507335,178.04579 2.5219978,184.5 2.5219978,184.5
2.5219978,184.5 2.5219978,184.5 2.5219978,184.5
;
826.6402,172.75 826.6402,172.75 826.06792,167.79625
827.45994,159.17951 830.81276,171.0 829.42597,171.58874
826.05193,169.53357 826.6402,172.75 826.6402,172.75
826.6402,172.75 826.6402,172.75 826.6402,172.75
;
812.01905,144.0 812.01905,144.0 805.02067,135.49594
816.63791,133.09459 812.01905,144.0 812.01905,144.0
812.01905,144.0 812.01905,144.0 812.01905,144.0
;
5.75,73.420451 5.75,73.420451 -5.8783877,82.481939
2.5611858,55.083104 0.0,47.670915 0.0,31.78061
0.0,15.890305 0.0,0.0 17.649129,0.0
35.298257,0.0 52.947386,0.0 44.118362,12.540455
34.554362,27.05436 30.997747,41.0 26.856672,47.895209
29.112066,62.130573 18.212513,64.403842 13.745416,66.979466
10.57117,71.225991 5.75,73.420451 5.75,73.420451
5.75,73.420451 5.75,73.420451 5.75,73.420451
;
788.95531,58.515968 788.95531,58.515968 783.46717,63.22236
788.93431,44.191183 788.95531,58.515968 788.95531,58.515968
788.95531,58.515968 788.95531,58.515968 788.95531,58.515968
;
33.443296,55.0 33.443296,55.0 31.688123,49.749553
37.578296,38.602546 40.662667,30.479986 45.470426,19.851955
52.84707,8.3055332 59.707729,0.37439612 52.751394,17.253916
41.817924,34.960969 36.866161,52.173769 35.798515,53.193856
35.439403,55.801909 33.443296,55.0 33.443296,55.0
33.443296,55.0 33.443296,55.0 33.443296,55.0
;
54.25,54.75 54.25,54.75 53.312909,49.287054
58.724227,44.598056 61.91239,48.17218 68.618908,45.102862
55.601134,54.183616 54.25,54.75 54.25,54.75
54.25,54.75 54.25,54.75 54.25,54.75
;
787.08227,49.715787 787.08227,49.715787 780.84594,54.75096
785.55158,36.725221 787.16657,49.395031 787.16657,49.395031
787.08227,49.715787 787.08227,49.715787 787.08227,49.715787
;
778.81803,31.470411 778.81803,31.470411 777.77043,40.190919
768.64373,6.9113585 777.23932,14.873137 778.159,21.032414
777.87894,24.564132 778.81803,31.470411 778.81803,31.470411
778.81803,31.470411 778.81803,31.470411 778.81803,31.470411
;
