427.0,480.0 427.0,480.0 284.66667,480.0
142.33333,480.0 0.0,480.0 0.0,320.0
0.0,160.0 0.0,0.0 284.66667,0.0
569.33333,0.0 854.0,0.0 854.0,160.0
854.0,320.0 854.0,480.0 711.66667,480.0
569.33333,480.0 427.0,480.0 427.0,480.0
427.0,480.0 427.0,480.0 427.0,480.0
;
176.69098,478.97843 176.69098,478.97843 184.80846,472.00867
191.85236,460.6928 201.06826,453.33236 211.2361,439.84513
226.2002,433.07394 241.08602,426.34643 251.25586,417.50409
247.43952,425.91633 250.13684,414.51183 250.28722,405.36879
253.74812,398.46818 248.95648,389.69048 253.53851,398.3691
251.50626,384.44813 252.64606,380.08567 253.23186,367.43158
246.02003,366.40947 247.66658,362.62306 252.36493,362.38939
241.62102,351.79582 242.99215,355.5 240.57514,354.63742
241.53971,376.83291 244.5,370.9593 243.39799,379.84293
235.68582,360.49992 240.5,363.5 239.71212,352.7888
232.82185,362.95633 235.28542,368.32454 240.76367,377.78158
236.62709,383.91937 235.15981,372.17353 228.60933,363.47738
231.83429,351.53996 230.5,341.33255 220.91069,336.50189
230.70142,329.10234 231.94349,339.0 236.54996,332.34646
238.66379,318.36186 236.95033,308.50977 234.70629,297.14954
244.53504,294.68624 234.68491,291.10427 237.93793,281.39519
235.83186,272.46239 239.9694,266.5 236.60493,269.19252
240.31096,247.85944 243.6517,242.70031 244.08181,235.31096
245.89454,222.81977 248.10617,212.40218 251.89948,199.80892
251.6333,184.18586 256.18989,173.0 256.22639,163.96421
259.63988,150.12234 262.55663,139.5 265.21046,116.12675
277.13643,94.495391 288.3952,73.495379 292.60312,66.188506
297.31335,56.751293 304.23145,48.883541 317.34716,33.533125
332.67243,20.073238 347.15568,5.97818 361.31987,5.8422573
358.14948,-2.5715742 344.62512,1.6672086 329.23564,6.69881
335.31612,4.1993041 343.0,4.6295754 332.6192,7.2744992
329.32817,11.414167 319.08111,19.241214 303.29,29.353919
320.28952,25.01829 310.20902,29.86623 301.50791,32.711274
290.47477,42.399168 295.85927,43.803539 294.60314,49.164766
294.37476,59.156602 293.70673,50.166203 290.05069,56.821931
284.26721,53.477181 292.60571,47.593795 285.79335,50.108394
289.2211,47.021209 282.82782,52.91239 292.38342,54.47831
276.5381,63.68105 281.63884,64.972297 292.12047,66.612864
279.20208,68.378759 283.0,66.881966 279.06137,75.305064
281.94123,73.027176 279.41826,82.186074 278.19467,79.612051
274.07532,92.029735 266.92705,88.5 257.34984,83.980139
272.27504,103.51359 267.45133,97.215335 267.06589,109.21432
274.27678,89.268086 268.71039,106.26964 264.7338,97.324596
267.61523,113.37602 262.8594,113.83596 255.86417,123.99279
260.44868,120.24934 263.43186,118.25629 260.45564,126.63251
252.44595,126.96964 255.37294,129.58962 248.65191,132.09172
252.78411,125.27698 246.5,138.5 255.22509,134.6103
246.4257,145.93423 245.32112,139.25 244.57278,141.94485
239.04063,149.3382 247.0,142.34639 255.65399,150.09199
252.57601,118.89033 254.59829,138.79536 255.2135,148.37229
251.50424,158.53072 250.70827,168.58968 246.55241,180.40922
250.94585,173.6844 247.54189,187.93022 240.83272,184.2293
237.11386,183.32942 242.49994,186.0 247.02354,195.41247
228.75545,183.55109 240.11695,193.70669 239.16888,208.52211
237.18652,224.2957 234.21923,238.57028 231.48596,247.69796
238.78646,242.23895 237.31156,238.42478 241.3524,248.08547
234.23515,249.457 234.99836,252.5 233.94125,259.69763
230.1974,280.56886 226.4513,274.21533 227.35794,283.08593
232.70344,270.23493 229.90837,286.34391 226.97983,298.31409
231.36794,271.92263 226.43043,290.26644 227.46631,281.48108
221.33982,276.93896 225.28723,293.15812 233.77515,286.94621
222.49306,305.85279 223.04873,308.54513 220.08286,302.10965
223.58877,324.20842 222.86871,330.92556 223.62869,341.78316
224.16447,352.56963 225.85882,362.99486 219.16134,361.48093
228.76179,365.50027 229.97501,374.05552 231.20145,382.43464
237.31833,381.35033 237.15768,393.5 240.0005,390.68685
248.39452,394.40371 245.97786,402.85966 241.09944,405.00542
244.35991,388.17832 240.99979,400.81357 245.74131,400.26345
245.92916,413.63811 238.56904,419.75 227.31117,426.89061
234.71738,425.26086 229.81506,428.00388 224.14479,428.21322
215.62046,436.49291 207.21949,440.81962 193.01719,450.09559
184.86338,465.73459 174.88174,479.0 174.88174,479.0
176.69075,478.9784 176.69075,478.9784 176.69075,478.9784
176.69098,478.97843 176.69098,478.97843 176.69098,478.97843
;
234.15638,301.98469 234.15638,301.98469 225.89469,295.33649
242.5203,292.02856 233.76668,298.00002 233.04616,298.62615
236.32356,302.512 234.15638,301.98469 234.15638,301.98469
234.15638,301.98469 234.15638,301.98469 234.15638,301.98469
;
238.98095,233.0 238.98095,233.0 232.797,221.66527
242.02316,236.45695 240.54701,225.27004 242.75671,220.01704
242.40594,236.29851 238.98095,233.0 238.98095,233.0
238.98095,233.0 238.98095,233.0 238.98095,233.0
;
241.78462,222.65664 241.78462,222.65664 237.43424,209.50681
241.67086,206.87193 241.982,206.36794 245.77398,182.80689
240.09447,210.94373 241.37141,193.25931 239.5559,182.68532
248.85925,203.67982 244.058,211.25554 243.33949,214.31507
243.49112,221.80907 241.78462,222.65664 241.78462,222.65664
241.78462,222.65664 241.78462,222.65664 241.78462,222.65664
;
272.47126,97.862069 272.47126,97.862069 266.58793,95.432052
280.20701,78.723577 276.6024,87.667414 275.12571,90.987439
274.36444,94.817422 272.47126,97.862069 272.47126,97.862069
272.47126,97.862069 272.47126,97.862069 272.47126,97.862069
;
288.53267,64.61186 288.53267,64.61186 280.80557,63.794486
291.94174,48.528081 288.76102,64.301634 288.76102,64.301634
288.53267,64.61186 288.53267,64.61186 288.53267,64.61186
;
298.3665,46.666667 298.3665,46.666667 294.05269,39.255522
303.40513,42.811355 304.28445,36.353357 308.65042,35.409103
298.66515,42.768882 299.82075,46.665548 299.82075,46.665548
299.82097,46.666648 299.82097,46.666648 299.82097,46.666648
298.3665,46.666667 298.3665,46.666667 298.3665,46.666667
;
326.5,479.0 326.5,479.0 328.37574,470.51948
332.88851,484.86283 334.45765,464.81849 336.23258,460.27466
339.69636,433.27941 340.29562,449.34987 340.83747,454.83567
337.33938,455.65289 338.5,469.74719 343.60457,455.78793
341.14596,463.49096 343.83006,472.60503 336.62794,476.0653
340.55416,483.9996 349.0,476.07404 341.47104,458.86337
347.97058,465.28674 352.1274,478.37407 357.28215,478.06595
346.37195,461.79104 344.97926,454.51681 343.28689,446.81328
341.43575,439.10889 340.04679,432.0 332.98273,439.32153
336.80123,451.06908 332.53129,460.40433 331.35474,479.79911
328.77948,462.10905 332.98174,453.07151 337.58675,433.68688
329.22358,454.513 328.45713,462.1048 328.58156,466.63344
322.46068,477.12354 326.5,479.0 326.5,479.0
326.5,479.0 326.5,479.0 326.5,479.0
;
370.8281,479.0 370.8281,479.0 375.90185,470.49021
369.69832,473.44861 369.6482,465.09944 364.62707,461.17002
363.81547,448.50772 358.66877,441.39545 360.2427,428.6677
367.4266,451.40173 370.24657,456.5 372.55549,464.32574
373.86303,476.26459 379.97843,479.0 377.34634,463.65888
368.89621,448.77984 364.5,434.64286 360.75434,431.25071
352.67478,410.13072 361.76565,422.69596 368.87645,424.72806
384.34689,437.5504 370.47161,424.01653 352.78292,412.7133
344.58174,391.63179 328.1377,378.5968 305.60369,358.76826
292.16886,326.55869 298.34047,296.80988 302.03572,287.47801
304.5719,280.77015 309.01721,272.37877 305.29882,274.69321
300.30843,286.32425 296.17325,292.70751 289.40027,297.11988
295.14634,324.23199 291.2349,304.28827 287.75034,291.76649
288.9202,295.79747 290.22923,289.61885 287.02395,269.75381
299.40565,250.31242 301.66507,231.33174 294.7561,241.7876
291.19789,258.95528 287.90319,272.45312 283.23128,299.69727
292.01886,327.13714 303.14582,351.74721 315.36553,376.40585
340.09544,391.41458 354.1373,414.96882 354.95157,422.1604
359.34351,434.75531 353.92851,435.54418 360.85091,448.13464
355.46833,443.97197 352.02288,435.56018 343.80355,426.24948
362.93285,454.84979 354.4801,449.48334 348.37337,448.78043
370.18755,456.51362 362.0,461.00001 359.82811,448.31584
353.47117,459.26734 362.21924,464.00001 364.53272,467.33244
365.7089,476.36544 370.8281,479.00001 370.8281,479.00001
370.8281,479.0 370.8281,479.0 370.8281,479.0
;
468.33244,478.9362 468.33244,478.9362 480.33389,467.63836
471.46718,475.45166 480.0,472.0 475.35765,467.08671
472.05473,472.57362 472.65536,466.64307 471.96672,470.03101
466.20064,477.5831 468.33244,478.9362 468.33244,478.9362
468.33244,478.9362 468.33244,478.9362 468.33244,478.9362
;
714.91661,478.9558 714.91661,478.9558 716.64472,478.07656
703.88047,464.81822 706.07024,468.69098 702.47135,468.82884
706.62041,450.18539 714.17755,463.5 717.58777,465.08948
702.2194,448.31855 695.01529,446.48905 684.57171,438.23031
674.73237,430.59292 664.99994,420.97575 662.15254,417.90848
665.83681,413.89541 659.22596,416.82605 660.93604,416.65203
659.48672,412.59596 655.03136,402.71894 651.99536,397.07592
640.31377,379.88197 648.31214,388.39725 649.13963,386.05363
636.89368,374.29127 641.59508,376.23277 629.59436,368.42367
645.09702,374.78588 631.65949,365.67933 625.59838,356.43496
628.58182,349.99313 623.37961,349.91871 627.0831,341.9399
622.64268,346.9144 615.6771,334.40254 611.3487,325.62538
624.76949,333.33044 613.86128,323.87216 618.12286,317.75652
607.16766,314.25444 613.77518,315.54071 615.05325,306.15948
608.86997,315.68288 607.99528,298.48762 608.04828,287.87463
611.41898,287.46781 609.83729,281.80007 611.39872,272.18083
608.81299,261.26861 608.99991,252.66667 609.35064,253.57495
613.75229,261.89236 614.56068,269.77257 615.57411,261.07423
614.28634,245.73259 607.56672,255.1084 609.67192,272.06065
604.49814,252.82871 606.14389,244.92926 606.43327,239.89682
600.60101,231.96694 602.99988,230.21398 598.80844,231.92408
603.15305,227.59956 604.96861,225.0 608.4417,234.92932
608.88801,228.68334 612.99999,234.0 617.37053,231.59319
611.72776,232.15105 605.73843,222.59637 601.64122,213.28455
601.0899,206.60204 600.24325,197.84325 608.5191,216.47015
599.52417,197.35757 608.29661,204.62213 606.2977,200.49689
600.78622,185.1154 599.78397,175.32161 597.74015,158.55919
593.02808,166.41291 598.94381,178.95053 598.43869,188.95183
598.93981,189.31836 594.09792,179.85078 590.30982,166.81527
592.77037,170.8271 593.79615,164.84689 590.752,160.78605
597.4234,145.72593 594.00006,155.38226 589.83423,151.65012
591.59427,156.69205 588.34765,152.40475 582.6148,160.50683
587.51777,145.27251 587.09586,145.849 584.20953,135.64586
575.27889,128.75472 578.90751,133.53559 576.91413,130.09224
586.51199,135.00946 588.14063,125.5 585.17568,131.14616
597.45415,136.06907 594.56649,132.74234 585.05045,123.86918
597.62365,124.90737 589.50006,123.57641 581.69518,110.57848
583.47887,115.4994 578.90747,102.65732 578.5235,87.795227
574.33095,97.85985 572.25,95.576446 576.37922,87.748973
563.14927,78.628126 560.5912,70.320593 553.18377,62.389992
552.46179,54.326157 548.99973,49.5 539.08014,33.509935
526.94026,18.768893 514.11103,5.1906351 503.65385,-5.1155633
504.70886,7.5225569 501.0,1.9235531 489.42248,-0.04405763
490.23176,2.8464909 478.29445,1.0526193 466.02963,1.1349676
453.76482,1.2173159 441.5,1.2996642 449.55969,6.0546688
459.57947,0.90248162 469.76444,4.3158631 483.30455,6.4750989
494.15818,16.938874 506.83333,19.999999 515.16708,22.545381
511.23208,23.407744 507.0,21.959302 511.73877,29.174672
517.23571,22.330161 524.94473,34.5 542.74158,57.783875
554.08003,84.764301 563.15605,112.07488 571.92368,139.98032
580.84804,168.83488 588.30081,197.31877 590.27354,208.39838
596.04433,218.89956 593.11528,230.36381 597.58595,234.94125
596.04708,246.08268 598.61582,255.0 600.23567,265.7608
601.71433,276.96952 604.13956,285.86278 605.88812,313.75997
612.24768,343.10117 627.67206,366.35176 632.0255,369.19786
633.02631,380.36854 629.97065,376.54093 622.47062,375.23825
638.03575,385.88751 631.73925,375.1386 638.97511,376.9871
643.64925,390.53362 647.9366,397.80902 645.71252,395.66706
637.73707,387.83529 636.12674,383.5 638.06999,395.98363
637.97722,395.21598 643.57068,401.07577 646.48159,411.47567
655.1765,418.96592 654.71627,414.25 657.24521,421.73735
662.77044,426.9822 670.63192,433.68058 678.9785,445.41932
692.82925,449.75469 704.30153,456.66256 696.13445,466.58851
702.31619,471.94691 711.98971,478.48114 712.66153,479.44751
713.92184,478.84924 714.91661,478.9558 714.91661,478.9558
714.91661,478.9558 714.91661,478.9558 714.91661,478.9558
;
596.74555,209.5 596.74555,209.5 597.53226,224.24654
591.26609,191.45876 592.99991,201.75606 597.0134,203.82445
597.86113,204.79859 596.74555,209.5 596.74555,209.5
596.74555,209.5 596.74555,209.5 596.74555,209.5
;
601.06523,196.27269 601.06523,196.27269 595.25266,195.44219
601.4556,181.25681 602.80773,195.04226 603.61966,196.28877
601.93774,196.03907 601.06523,196.27269 601.06523,196.27269
601.06523,196.27269 601.06523,196.27269 601.06523,196.27269
;
589.01443,178.69406 589.01443,178.69406 588.56349,184.09156
584.61962,163.07385 588.39849,168.40393 586.51757,171.74853
591.72664,175.19731 589.01443,178.69406 589.01443,178.69406
589.01443,178.69406 589.01443,178.69406 589.01443,178.69406
;
583.16182,130.0 583.16182,130.0 576.24282,125.39493
585.33449,114.62084 587.99999,125.0 582.57292,123.03402
586.74071,125.79332 583.88516,130.0 583.88516,130.0
583.16182,130.0 583.16182,130.0 583.16182,130.0
;
579.10699,111.0 579.10699,111.0 565.30431,98.077728
583.75865,103.5 579.10699,111.0 579.10699,111.0
579.10699,111.0 579.10699,111.0 579.10699,111.0
;
566.96712,94.053203 566.96712,94.053203 562.78953,93.582462
557.42192,70.79018 565.09178,88.35334 565.57501,90.217102
569.23495,92.201749 566.96712,94.053203 566.96712,94.053203
566.96712,94.053203 566.96712,94.053203 566.96712,94.053203
;
528.25,27.339156 528.25,27.339156 515.77019,21.709338
521.68587,15.689841 525.5,25.5 527.67992,24.516629
530.85121,24.92064 528.25,27.339156 528.25,27.339156
528.25,27.339156 528.25,27.339156 528.25,27.339156
;
467.15843,454.35663 467.15843,454.35663 470.6146,452.99239
474.9662,438.29028 476.0549,443.48295 471.35303,449.93317
484.68423,436.42136 484.20027,438.13306 475.48734,438.33201
483.12891,433.28977 469.89982,446.08695 469.24597,444.58351
463.62278,459.75923 467.15843,454.35663 467.15843,454.35663
467.15843,454.35663 467.15843,454.35663 467.15843,454.35663
;
453.75,422.94428 453.75,422.94428 464.58268,415.74178
474.52098,406.49124 485.35662,398.95901 487.78755,400.28115
498.82575,385.61156 505.10538,380.33526 526.57838,356.71303
540.05119,325.42955 538.46013,293.17423 538.04932,277.7637
545.61769,261.57468 541.78492,246.78898 539.41587,232.64097
542.30862,236.71084 535.99997,232.62246 529.95436,226.68609
541.02856,244.47179 537.48858,252.85178 539.72878,270.22924
531.30455,286.43677 530.94685,303.34916 536.36916,312.09233
526.71905,320.9175 528.33369,330.88011 520.05438,357.49551
503.90349,381.81444 480.94383,398.30457 472.0976,406.77321
459.71936,413.71912 452.99997,423.00002 452.99997,423.00002
453.74997,422.94432 453.74997,422.94432 453.74997,422.94432
453.75,422.94428 453.75,422.94428 453.75,422.94428
;
664.52166,412.0 664.52166,412.0 662.45321,402.2829
653.6021,395.44272 656.38806,402.7827 659.68299,405.95301
660.28043,407.11855 664.52166,412.0 664.52166,412.0
664.52166,412.0 664.52166,412.0 664.52166,412.0
;
252.98596,408.72897 252.98596,408.72897 261.10067,405.32266
252.94476,395.47556 252.42449,408.66817 250.92706,412.28944
252.28327,409.81069 252.98596,408.72897 252.98596,408.72897
252.98596,408.72897 252.98596,408.72897 252.98596,408.72897
;
258.70306,405.0 258.70306,405.0 262.97091,400.76891
261.76405,374.58417 256.75,391.0 251.5693,401.32483
255.78657,396.93325 258.08302,401.45506 258.39402,402.4345
256.86562,405.56993 258.70306,405.0 258.70306,405.0
258.70306,405.0 258.70306,405.0 258.70306,405.0
;
361.64097,370.69236 361.64097,370.69236 359.52147,358.92662
345.85067,358.7331 362.88977,357.0956 370.52941,347.64052
380.28996,360.47066 387.98643,358.24055 393.02723,356.16341
412.23852,353.96239 401.79581,351.0 396.54818,354.36781
387.98956,357.17421 380.63145,355.0 370.82855,346.53926
359.8678,357.32908 349.02662,355.57476 339.43419,363.36069
353.80518,354.57212 356.22442,362.75 358.82162,364.39618
359.53516,370.56296 361.64097,370.69236 361.64097,370.69236
361.64097,370.69236 361.64097,370.69236 361.64097,370.69236
;
397.80737,368.86382 397.80737,368.86382 404.1031,370.25801
431.37763,361.46131 413.67543,363.26476 391.45319,364.85158
416.29115,361.18067 424.84208,360.44951 433.70908,354.45249
454.09509,364.20769 451.48893,358.62344 443.59361,349.34839
429.40088,362.2569 419.94041,354.08743 422.81602,357.09146
425.28108,360.35164 408.5,359.85571 394.53658,364.47517
389.97383,364.7342 400.69181,364.9448 395.77633,366.28624
384.97017,366.49216 397.80737,368.86382 397.80737,368.86382
397.80737,368.86382 397.80737,368.86382 397.80737,368.86382
;
377.0,368.0 377.0,368.0 391.95713,364.71319
364.31867,361.81293 375.38226,368.0 375.38226,368.0
377.0,368.0 377.0,368.0 377.0,368.0
;
387.0,364.87376 387.0,364.87376 387.5592,361.98304
357.76707,356.54869 378.5,362.82562 381.33062,363.40614
384.08142,364.92107 387.0,364.87376 387.0,364.87376
387.0,364.87376 387.0,364.87376 387.0,364.87376
;
435.98417,365.0 435.98417,365.0 448.86099,360.19195
443.38361,354.76329 434.62582,365.00032 434.62582,365.00032
435.98417,365.00032 435.98417,365.00032 435.98417,365.00032
435.98417,365.0 435.98417,365.0 435.98417,365.0
;
237.94239,356.0 237.94239,356.0 245.46114,346.74114
231.56891,349.62425 237.94239,356.0 237.94239,356.0
237.94239,356.0 237.94239,356.0 237.94239,356.0
;
637.68462,348.64871 637.68462,348.64871 635.4679,339.90542
634.30962,330.19608 635.0,320.75511 628.38099,340.15377
633.79002,308.3778 630.0,312.15873 633.47296,293.99458
630.0895,328.57011 635.12752,317.01534 631.36549,304.4438
634.02105,290.30019 630.08469,277.5 631.88726,294.00111
628.52168,286.14593 628.1536,278.40507 626.06639,273.66214
625.46351,259.98182 622.43068,252.13245 624.41325,245.77992
613.75384,234.81342 616.09928,236.0 620.44359,241.35815
611.61746,246.63228 613.16065,242.83547 620.57316,248.63798
619.35153,252.26209 622.2523,265.44913 626.22426,290.38424
628.31644,315.61591 632.76465,340.50004 632.4804,323.34041
635.21109,346.89689 637.68462,348.64871 637.68462,348.64871
637.68462,348.64871 637.68462,348.64871 637.68462,348.64871
;
630.26667,305.0 630.26667,305.0 625.81695,296.55262
632.48522,289.06267 630.53333,305.0 630.53333,305.0
630.26667,305.0 630.26667,305.0 630.26667,305.0
;
412.0,320.94381 412.0,320.94381 426.65589,308.9708
418.15852,319.55421 408.59022,317.09968 394.18604,311.74489
399.53471,320.63485 410.91535,320.48669 410.91535,320.48669
411.5,320.89505 411.5,320.89505 411.5,320.89505
412.0,320.94375 412.0,320.94375 412.0,320.94375
412.0,320.94381 412.0,320.94381 412.0,320.94381
;
364.04878,318.92106 364.04878,318.92106 375.43303,321.6102
358.04384,312.52507 364.04878,318.92106 364.04878,318.92106
364.04878,318.92106 364.04878,318.92106 364.04878,318.92106
;
352.17987,306.0 352.17987,306.0 356.35785,290.04697
348.82304,297.61479 350.53809,308.70024 351.74297,313.75623
351.67714,306.7482 352.17987,306.0 352.17987,306.0
352.17987,306.0 352.17987,306.0 352.17987,306.0
;
297.29148,277.17306 297.29148,277.17306 315.04397,250.43712
289.2482,280.70254 297.29148,277.17306 297.29148,277.17306
297.29148,277.17306 297.29148,277.17306 297.29148,277.17306
;
225.91435,262.5 225.91435,262.5 229.19897,260.64068
231.22007,253.29076 233.98396,247.46754 229.34805,243.76292
223.52199,267.67514 225.91435,262.5 225.91435,262.5
225.91435,262.5 225.91435,262.5 225.91435,262.5
;
626.0295,256.27379 626.0295,256.27379 634.93654,257.18918
619.56184,241.35013 624.44297,252.93696 628.89792,253.10013
622.10764,260.30888 626.0295,256.27379 626.0295,256.27379
626.0295,256.27379 626.0295,256.27379 626.0295,256.27379
;
315.61578,248.1555 315.61578,248.1555 327.7196,245.02354
341.55405,238.87327 353.84508,242.8916 356.88918,230.73976
350.58204,233.13158 346.96986,224.85677 336.7549,216.05993
321.86498,214.0741 309.0175,217.2193 318.02527,220.41912
325.44764,218.40443 333.15506,221.85031 346.66091,221.23354
346.70307,238.08775 334.27898,238.0 321.93141,238.42885
330.4134,227.56089 323.07386,226.93963 328.31185,215.19028
308.0559,222.93447 307.0,228.30866 303.1396,239.66314
330.45917,241.91804 319.88794,241.82504 310.43673,236.33071
298.5486,244.64798 314.72266,243.99996 315.06355,245.22924
311.78512,251.88614 315.61578,248.1555 315.61578,248.1555
315.61578,248.1555 315.61578,248.1555 315.61578,248.1555
;
319.0,236.75607 319.0,236.75607 305.39598,232.06248
313.34269,227.75665 315.38775,230.98098 317.22395,218.72677
323.91863,232.35108 318.99993,236.75607 318.99993,236.75607
319.0,236.75607 319.0,236.75607 319.0,236.75607
;
465.75,241.83996 465.75,241.83996 470.10913,240.43002
478.40837,235.78634 483.0,234.0 489.09184,229.80011
491.50956,227.07501 502.36608,225.40675 490.666,225.62054
483.45818,223.95121 474.72812,217.43459 464.25637,213.79421
474.63402,235.36036 460.61616,233.64436 449.74417,236.21279
450.24679,222.18124 448.71094,216.70727 450.09286,216.24136
460.0778,214.00276 468.20672,214.31915 479.69585,213.53854
488.13715,225.45264 500.07997,221.68002 492.9339,219.75059
475.93399,214.08355 492.89501,217.99307 486.69477,211.16653
471.25452,209.1857 460.24392,210.00005 443.7905,209.8775
424.71692,221.6564 424.0,239.06277 434.31729,239.67487
442.39882,235.94344 451.93074,236.3168 450.13949,242.49498
460.2318,240.72446 465.75,241.83996 465.75,241.83996
465.75,241.83996 465.75,241.83996 465.75,241.83996
;
460.39219,238.0 460.39219,238.0 463.72091,232.48807
476.01926,235.5955 479.67909,226.86524 492.75186,222.76995
473.62368,237.73526 466.20121,236.59655 464.26184,236.97
462.35901,237.85117 460.39219,238.0 460.39219,238.0
460.39219,238.0 460.39219,238.0 460.39219,238.0
;
448.75847,233.87483 448.75847,233.87483 434.5091,233.25896
435.75557,227.69422 447.92288,232.24821 443.43717,228.51026
450.41955,235.07515 448.75847,233.87483 448.75847,233.87483
448.75847,233.87483 448.75847,233.87483 448.75847,233.87483
;
429.33628,232.12756 429.33628,232.12756 424.53964,232.60583
443.22319,213.11667 442.84976,218.08991 436.76984,221.10821
432.16041,226.90742 429.33628,232.12756 429.33628,232.12756
429.33628,232.12756 429.33628,232.12756 429.33628,232.12756
;
474.59639,227.74116 474.59639,227.74116 462.1461,238.98008
484.87701,210.8476 474.59639,227.74116 474.59639,227.74116
474.59639,227.74116 474.59639,227.74116 474.59639,227.74116
;
621.35968,236.11645 621.35968,236.11645 623.2731,225.57003
618.99074,218.48115 619.31345,227.58696 616.26985,214.59582
620.87378,239.90282 621.35968,236.11645 621.35968,236.11645
621.35968,236.11645 621.35968,236.11645 621.35968,236.11645
;
335.94098,231.0 335.94098,231.0 345.88842,226.90427
327.48,223.86813 335.94098,231.0 335.94098,231.0
335.94098,231.0 335.94098,231.0 335.94098,231.0
;
331.52366,229.0 331.52366,229.0 340.08492,223.0391
321.97007,221.67583 331.52366,229.0 331.52366,229.0
331.52366,229.0 331.52366,229.0 331.52366,229.0
;
613.68573,225.62064 613.68573,225.62064 614.14519,216.94414
606.45395,212.42017 609.26407,225.0537 610.93269,218.62281
610.82041,232.22985 613.68573,225.62064 613.68573,225.62064
613.68573,225.62064 613.68573,225.62064 613.68573,225.62064
;
460.96862,227.0 460.96862,227.0 468.14203,225.42635
451.64277,214.77164 454.0,223.9593 459.37952,221.98011
456.86144,227.61197 460.96862,227.0 460.96862,227.0
460.96862,227.0 460.96862,227.0 460.96862,227.0
;
535.97106,222.55766 535.97106,222.55766 537.70824,216.02407
530.48871,194.78698 533.40391,212.43601 534.27715,214.08298
534.53703,227.98414 535.97106,222.55766 535.97106,222.55766
535.97106,222.55766 535.97106,222.55766 535.97106,222.55766
;
307.05464,219.0 307.05464,219.0 313.63559,211.84202
314.50989,192.21607 327.8565,200.22471 334.92435,199.86045
347.36635,205.85748 349.88263,201.00003 363.556,207.38112
345.5506,193.57468 336.64663,196.12948 328.91884,191.563
323.02029,198.93999 316.36055,196.4972 313.73323,199.96262
301.10726,224.41108 307.05464,219.0 307.05464,219.0
307.05464,219.0 307.05464,219.0 307.05464,219.0
;
297.40693,210.0 297.40693,210.0 305.28658,199.50115
301.23609,197.80219 296.33233,204.5 292.78403,210.84767
300.45822,202.48652 297.40693,210.0 297.40693,210.0
297.40693,210.0 297.40693,210.0 297.40693,210.0
;
613.38337,204.40638 613.38337,204.40638 615.8728,197.97401
609.48443,190.29217 611.35227,203.47561 611.35227,203.47561
611.92429,204.96628 611.92429,204.96628 611.92429,204.96628
613.38337,204.40638 613.38337,204.40638 613.38337,204.40638
;
433.65545,196.86964 433.65545,196.86964 440.24627,196.13045
448.90882,196.36535 458.0,194.49684 478.03153,191.72306
469.94692,190.60634 454.12255,190.30491 443.0261,192.94322
439.39208,191.3678 432.99656,195.36127 426.66167,191.78634
422.48495,202.48073 433.65545,196.86964 433.65545,196.86964
433.65545,196.86964 433.65545,196.86964 433.65545,196.86964
;
359.26567,197.41506 359.26567,197.41506 366.53698,195.414
344.16919,192.61112 345.28328,186.56853 347.78052,182.23702
338.19561,190.61251 334.14286,184.0 331.18352,192.2087
348.75854,194.12166 355.77942,197.26647 356.87378,198.00271
358.08876,197.5186 359.26567,197.41506 359.26567,197.41506
359.26567,197.41506 359.26567,197.41506 359.26567,197.41506
;
487.25155,196.0 487.25155,196.0 499.52836,192.71585
494.73087,192.85365 483.96435,194.70229 480.08316,197.51288
486.10876,195.40501 487.25155,196.0 487.25155,196.0
487.25155,196.0 487.25155,196.0 487.25155,196.0
;
611.5879,194.0 611.5879,194.0 612.30488,184.12271
604.78126,169.32704 604.09617,161.0 601.36781,169.29051
606.56388,181.88224 608.74278,191.5 612.06382,189.43848
610.1768,193.42785 611.5879,194.0 611.5879,194.0
611.5879,194.0 611.5879,194.0 611.5879,194.0
;
505.65476,190.67858 505.65476,190.67858 501.73249,179.39227
496.62507,181.62137 505.16204,191.17129 505.16204,191.17129
505.65476,190.67858 505.65476,190.67858 505.65476,190.67858
;
417.88197,190.0 417.88197,190.0 424.25754,187.95866
435.25017,183.99556 441.8544,183.97499 445.06508,183.08098
457.84667,181.59936 455.01134,179.28781 458.78976,169.76312
441.85822,181.54767 435.80226,179.00007 429.43391,182.79964
412.26335,185.64523 417.45323,189.07575 417.45323,189.07575
416.88197,190.00007 416.88197,190.00007 416.88197,190.00007
417.88197,190.00007 417.88197,190.00007 417.88197,190.00007
417.88197,190.0 417.88197,190.0 417.88197,190.0
;
246.92429,184.0 246.92429,184.0 248.31513,177.89145
247.04313,155.16872 245.16887,172.69891 245.86003,177.31773
242.2968,184.83148 246.07064,184.0 245.88192,187.73858
246.3741,186.0984 246.92429,184.0 246.92429,184.0
246.92429,184.0 246.92429,184.0 246.92429,184.0
;
309.04988,185.46917 309.04988,185.46917 311.93671,181.87212
324.45353,156.81672 316.99083,166.85118 314.49068,172.27138
307.7981,182.2236 309.04988,185.46917 309.04988,185.46917
309.04988,185.46917 309.04988,185.46917 309.04988,185.46917
;
325.25,183.45296 325.25,183.45296 332.09153,174.24751
337.26536,165.54705 343.37851,155.66393 355.3675,136.04077
366.26233,116.55407 379.35415,97.5 365.60857,112.2344
355.32952,130.66651 345.9861,148.38071 339.85206,160.52577
328.1721,170.48435 324.0,183.93723 324.0,183.93723
325.25,183.45296 325.25,183.45296 325.25,183.45296
;
484.07629,181.0 484.07629,181.0 482.22895,174.0418
469.35749,168.49718 482.73615,181.0 482.73615,181.0
484.07629,181.0 484.07629,181.0 484.07629,181.0
;
308.66582,178.0 308.66582,178.0 315.74402,169.88599
315.78043,159.93712 308.885,174.24901 307.9189,176.25176
305.24905,183.71229 308.66582,178.0 308.66582,178.0
308.66582,178.0 308.66582,178.0 308.66582,178.0
;
606.07709,163.31366 606.07709,163.31366 607.90841,155.44799
596.07139,150.43321 599.8856,143.43292 594.87784,138.47618
596.98344,140.21258 590.4245,136.16101 589.14307,149.19159
588.90122,140.59454 592.84797,149.5 597.17751,138.20483
595.77376,151.86128 599.40034,157.43681 602.55702,155.50834
607.01604,164.49923 606.07709,163.31366 606.07709,163.31366
606.07709,163.31366 606.07709,163.31366 606.07709,163.31366
;
256.02899,119.70031 256.02899,119.70031 261.36268,115.3351
255.03233,99.375499 254.14764,118.0 251.52155,120.30695
254.83324,119.43771 256.02899,119.70031 256.02899,119.70031
256.02899,119.70031 256.02899,119.70031 256.02899,119.70031
;
261.56868,101.95684 261.56868,101.95684 268.08742,102.2858
260.80145,85.83446 258.63136,95.441487 257.89873,95.869151
260.04498,109.84946 261.56868,101.95684 261.56868,101.95684
261.56868,101.95684 261.56868,101.95684 261.56868,101.95684
;
575.73221,87.25 575.73221,87.25 576.14572,69.41454
574.79784,78.83462 575.34941,91.5 575.47701,90.083333
575.60461,88.666667 575.73221,87.25 575.73221,87.25
575.73221,87.25 575.73221,87.25 575.73221,87.25
;
269.82641,85.020762 269.82641,85.020762 274.31379,87.859475
270.49391,80.847182 277.5,78.236847 284.05011,66.226625
268.55911,88.27942 271.90066,76.919536 278.11781,70.953713
282.26686,69.711351 277.0381,66.0 273.73602,76.003247
267.69365,79.426206 268.17138,84.68577 268.39157,84.924681
270.0269,87.597954 269.82641,85.020762 269.82641,85.020762
269.82641,85.020762 269.82641,85.020762 269.82641,85.020762
;
267.49092,79.0 267.49092,79.0 277.64084,68.838889
266.02919,74.066655 267.1382,74.967376 265.6803,76.261568
265.69922,78.264062 267.49092,79.0 267.49092,79.0
267.49092,79.0 267.49092,79.0 267.49092,79.0
;
576.73627,68.719827 576.73627,68.719827 577.10787,49.695437
575.81812,60.514284 576.36141,73.5 576.48568,71.907245
576.61366,70.311047 576.73627,68.719827 576.73627,68.719827
576.73627,68.719827 576.73627,68.719827 576.73627,68.719827
;
578.73627,68.719827 578.73627,68.719827 579.10787,49.695437
577.81812,60.514284 578.36141,73.5 578.48568,71.907245
578.61366,70.311047 578.73627,68.719827 578.73627,68.719827
578.73627,68.719827 578.73627,68.719827 578.73627,68.719827
;
322.99971,8.500055 322.99971,8.500055 344.43056,-0.56837982
315.73038,4.6553411 322.99971,8.500055 322.99971,8.500055
322.99971,8.500055 322.99971,8.500055 322.99971,8.500055
;
